# x = Time (fs); y = Power (W)
-1.179999994669874752e+01 1.491856128000000000e+09
-1.175999994687943051e+01 1.615865728000000000e+09
-1.171999994706011172e+01 1.754638464000000000e+09
-1.167999994724079293e+01 1.925791744000000000e+09
-1.163999994742147770e+01 2.111916544000000000e+09
-1.159999994760215891e+01 2.293508864000000000e+09
-1.155999994778284012e+01 2.477314048000000000e+09
-1.151999994796352311e+01 2.593487104000000000e+09
-1.147999994814420432e+01 2.635508224000000000e+09
-1.143999994832488731e+01 2.637747200000000000e+09
-1.139999994850557030e+01 2.559705344000000000e+09
-1.135999994868625151e+01 2.461697024000000000e+09
-1.131999994886693450e+01 2.412047360000000000e+09
-1.127999994904761571e+01 2.407023872000000000e+09
-1.123999994922829870e+01 2.492161536000000000e+09
-1.119999994940898169e+01 2.680429824000000000e+09
-1.115999994958966290e+01 2.917082624000000000e+09
-1.111999994977034589e+01 3.069543168000000000e+09
-1.107999994995102711e+01 3.029606656000000000e+09
-1.103999995013171009e+01 2.814993664000000000e+09
-1.099999995031239131e+01 2.463901440000000000e+09
-1.095999995049307429e+01 2.137153024000000000e+09
-1.091999995067375551e+01 1.897703168000000000e+09
-1.087999995085443850e+01 1.762527104000000000e+09
-1.083999995103512148e+01 1.748481152000000000e+09
-1.079999995121580270e+01 1.821489664000000000e+09
-1.075999995139648568e+01 1.948033280000000000e+09
-1.071999995157716690e+01 2.111165056000000000e+09
-1.067999995175784989e+01 2.266840576000000000e+09
-1.063999995193853110e+01 2.390934528000000000e+09
-1.059999995211921409e+01 2.452357376000000000e+09
-1.055999995229989707e+01 2.431589376000000000e+09
-1.051999995248057829e+01 2.349094656000000000e+09
-1.047999995266126128e+01 2.222476800000000000e+09
-1.043999995284194249e+01 2.125338880000000000e+09
-1.039999995302262548e+01 2.094292352000000000e+09
-1.035999995320330669e+01 2.203140608000000000e+09
-1.031999995338398968e+01 2.486088960000000000e+09
-1.027999995356467089e+01 2.991833344000000000e+09
-1.023999995374535388e+01 3.747864064000000000e+09
-1.019999995392603687e+01 4.634088960000000000e+09
-1.015999995410671808e+01 5.450893312000000000e+09
-1.011999995428740107e+01 5.871117312000000000e+09
-1.007999995446808228e+01 5.437560320000000000e+09
-1.003999995464876527e+01 4.239614208000000000e+09
-9.999999954829448257e+00 2.826845952000000000e+09
-9.959999955010129469e+00 1.610152064000000000e+09
-9.919999955190810681e+00 8.368397440000000000e+08
-9.879999955371493670e+00 4.472321600000000000e+08
-9.839999955552174882e+00 2.960799680000000000e+08
-9.799999955732859647e+00 2.943994240000000000e+08
-9.759999955913540859e+00 3.698184960000000000e+08
-9.719999956094222071e+00 5.035458880000000000e+08
-9.679999956274905060e+00 6.703937920000000000e+08
-9.639999956455586272e+00 8.456028160000000000e+08
-9.599999956636269260e+00 1.050289856000000000e+09
-9.559999956816952249e+00 1.285040768000000000e+09
-9.519999956997633461e+00 1.623712512000000000e+09
-9.479999957178316450e+00 2.151222272000000000e+09
-9.439999957358997662e+00 2.973078016000000000e+09
-9.399999957539680651e+00 4.182897408000000000e+09
-9.359999957720363639e+00 5.655894016000000000e+09
-9.319999957901044851e+00 7.027446272000000000e+09
-9.279999958081726064e+00 7.380631040000000000e+09
-9.239999958262409052e+00 6.770647040000000000e+09
-9.199999958443092041e+00 5.411443200000000000e+09
-9.159999958623775029e+00 3.945967360000000000e+09
-9.119999958804456242e+00 2.734196736000000000e+09
-9.079999958985137454e+00 1.810535680000000000e+09
-9.039999959165818666e+00 1.197051264000000000e+09
-8.999999959346501655e+00 8.094071040000000000e+08
-8.959999959527186419e+00 5.836238720000000000e+08
-8.919999959707867632e+00 4.756126720000000000e+08
-8.879999959888548844e+00 4.359445760000000000e+08
-8.839999960069230056e+00 4.462392000000000000e+08
-8.799999960249913045e+00 5.028606080000000000e+08
-8.759999960430597810e+00 5.794584320000000000e+08
-8.719999960611279022e+00 7.051533440000000000e+08
-8.679999960791960234e+00 9.181094400000000000e+08
-8.639999960972641446e+00 1.261821952000000000e+09
-8.599999961153324435e+00 1.752055168000000000e+09
-8.559999961334007423e+00 2.440756992000000000e+09
-8.519999961514690412e+00 3.384137472000000000e+09
-8.479999961695371624e+00 4.537879552000000000e+09
-8.439999961876052836e+00 6.612361216000000000e+09
-8.399999962056734049e+00 1.000167424000000000e+10
-8.359999962237418814e+00 1.412528537600000000e+10
-8.319999962418101802e+00 1.727597772800000000e+10
-8.279999962598783014e+00 1.845157478400000000e+10
-8.239999962779464227e+00 1.684588851200000000e+10
-8.199999962960145439e+00 1.343350272000000000e+10
-8.159999963140828427e+00 9.552798720000000000e+09
-8.119999963321513192e+00 6.304181760000000000e+09
-8.079999963502194404e+00 4.231474944000000000e+09
-8.039999963682875617e+00 3.022958848000000000e+09
-7.999999963863557717e+00 2.467870720000000000e+09
-7.959999964044240706e+00 2.446255360000000000e+09
-7.919999964224921918e+00 2.927531264000000000e+09
-7.879999964405605795e+00 3.824156160000000000e+09
-7.839999964586287007e+00 5.121356288000000000e+09
-7.799999964766968219e+00 6.761174016000000000e+09
-7.759999964947650319e+00 8.706142208000000000e+09
-7.719999965128333308e+00 1.086500761600000000e+10
-7.679999965309016297e+00 1.297865625600000000e+10
-7.639999965489698397e+00 1.442982502400000000e+10
-7.599999965670379609e+00 1.455250944000000000e+10
-7.559999965851061710e+00 1.296406732800000000e+10
-7.519999966031744698e+00 1.011073740800000000e+10
-7.479999966212426799e+00 7.445602816000000000e+09
-7.439999966393109787e+00 5.498971648000000000e+09
-7.399999966573790999e+00 4.094333696000000000e+09
-7.359999966754473100e+00 3.220597248000000000e+09
-7.319999966935154312e+00 2.794939904000000000e+09
-7.279999967115837300e+00 1.889876224000000000e+09
-7.239999967296521177e+00 8.696048000000000000e+08
-7.199999967477202389e+00 4.270815040000000000e+08
-7.159999967657884490e+00 3.896796160000000000e+08
-7.119999967838565702e+00 9.443356160000000000e+08
-7.079999968019248691e+00 2.183968256000000000e+09
-7.039999968199931679e+00 2.510301696000000000e+09
-6.999999968380612891e+00 1.918919808000000000e+09
-6.959999968561295880e+00 3.678804736000000000e+09
-6.919999968741977980e+00 1.067257958400000000e+10
-6.879999968922660081e+00 2.147765452800000000e+10
-6.839999969103342181e+00 3.176390246400000000e+10
-6.799999969284024282e+00 3.714177843200000000e+10
-6.759999969464706382e+00 3.326113587200000000e+10
-6.719999969645389370e+00 2.291204096000000000e+10
-6.679999969826070583e+00 1.427949363200000000e+10
-6.639999970006753571e+00 8.624628736000000000e+09
-6.599999970187435672e+00 5.151221760000000000e+09
-6.559999970368116884e+00 2.587104768000000000e+09
-6.519999970548799872e+00 7.435651200000000000e+08
-6.479999970729481973e+00 1.365204160000000000e+08
-6.439999970910164961e+00 4.894951040000000000e+08
-6.399999971090846174e+00 1.567315840000000000e+09
-6.359999971271528274e+00 2.899505664000000000e+09
-6.319999971452211263e+00 3.675664128000000000e+09
-6.279999971632893363e+00 2.837745920000000000e+09
-6.239999971813575463e+00 2.321114880000000000e+09
-6.199999971994257564e+00 2.280997376000000000e+09
-6.159999972174939664e+00 2.074494848000000000e+09
-6.119999972355622653e+00 1.274576128000000000e+09
-6.079999972536303865e+00 1.460611584000000000e+09
-6.039999972716985965e+00 2.262226688000000000e+09
-5.999999972897668954e+00 1.673380096000000000e+09
-5.959999973078351054e+00 1.383784704000000000e+09
-5.919999973259033155e+00 1.858926208000000000e+09
-5.879999973439715255e+00 4.821370368000000000e+09
-5.839999973620396467e+00 2.250508697600000000e+10
-5.799999973801080344e+00 5.700246732800000000e+10
-5.759999973981761556e+00 8.233902080000000000e+10
-5.719999974162444545e+00 7.390920704000000000e+10
-5.679999974343126645e+00 4.674558771200000000e+10
-5.639999974523807857e+00 2.955201945600000000e+10
-5.599999974704491734e+00 1.984439296000000000e+10
-5.559999974885172946e+00 1.255963750400000000e+10
-5.519999975065855047e+00 6.870804480000000000e+09
-5.479999975246538035e+00 3.280215040000000000e+09
-5.439999975427219248e+00 1.738997760000000000e+09
-5.399999975607903124e+00 9.320947200000000000e+08
-5.359999975788584337e+00 3.046360320000000000e+09
-5.319999975969265549e+00 4.854381056000000000e+09
-5.279999976149949426e+00 6.128104960000000000e+09
-5.239999976330630638e+00 8.536029696000000000e+09
-5.199999976511312738e+00 1.595409203200000000e+10
-5.159999976691995727e+00 3.090570854400000000e+10
-5.119999976872676939e+00 4.399570124800000000e+10
-5.079999977053359039e+00 4.591598796800000000e+10
-5.039999977234042028e+00 3.403122278400000000e+10
-4.999999977414724128e+00 2.200655667200000000e+10
-4.959999977595407117e+00 1.384853401600000000e+10
-4.919999977776088329e+00 1.725760512000000000e+10
-4.879999977956770429e+00 2.731131289600000000e+10
-4.839999978137453418e+00 3.173524070400000000e+10
-4.799999978318134630e+00 2.603038310400000000e+10
-4.759999978498816731e+00 1.692893798400000000e+10
-4.719999978679499719e+00 1.346499379200000000e+10
-4.679999978860181820e+00 1.233592934400000000e+10
-4.639999979040864808e+00 1.250533580800000000e+10
-4.599999979221546020e+00 1.228804198400000000e+10
-4.559999979402228121e+00 9.088355328000000000e+09
-4.519999979582911109e+00 5.138359808000000000e+09
-4.479999979763593210e+00 1.636641792000000000e+09
-4.439999979944274422e+00 2.974222080000000000e+08
-4.399999980124957411e+00 1.634622080000000000e+09
-4.359999980305639511e+00 6.551945216000000000e+09
-4.319999980486322499e+00 1.456259276800000000e+10
-4.279999980667003712e+00 2.689073971200000000e+10
-4.239999980847685812e+00 3.269421875200000000e+10
-4.199999981028368801e+00 2.415630950400000000e+10
-4.159999981209050901e+00 1.812761190400000000e+10
-4.119999981389732113e+00 1.570891161600000000e+10
-4.079999981570415102e+00 1.545321472000000000e+10
-4.039999981751097202e+00 1.227800371200000000e+10
-3.999999981931778859e+00 8.515758592000000000e+09
-3.959999982112461847e+00 1.244730777600000000e+10
-3.919999982293143503e+00 2.065599488000000000e+10
-3.879999982473826936e+00 3.210273996800000000e+10
-3.839999982654508148e+00 3.618494873600000000e+10
-3.799999982835189805e+00 2.866088345600000000e+10
-3.759999983015873237e+00 1.954630656000000000e+10
-3.719999983196554894e+00 1.627933286400000000e+10
-3.679999983377236550e+00 1.818838425600000000e+10
-3.639999983557919538e+00 1.844470988800000000e+10
-3.599999983738601195e+00 1.507327692800000000e+10
-3.559999983919284627e+00 9.427310592000000000e+09
-3.519999984099966284e+00 2.620858368000000000e+09
-3.479999984280647940e+00 3.891087616000000000e+09
-3.439999984461330929e+00 1.814869811200000000e+10
-3.399999984642012585e+00 3.562374348800000000e+10
-3.359999984822694241e+00 4.765132390400000000e+10
-3.319999985003377230e+00 6.202296320000000000e+10
-3.279999985184058886e+00 6.498312192000000000e+10
-3.239999985364742319e+00 5.330161664000000000e+10
-3.199999985545423975e+00 3.859032064000000000e+10
-3.159999985726105631e+00 2.580416102400000000e+10
-3.119999985906788620e+00 1.422656102400000000e+10
-3.079999986087470276e+00 5.475919872000000000e+09
-3.039999986268151932e+00 1.106449152000000000e+09
-2.999999986448835365e+00 1.881689280000000000e+08
-2.959999986629517021e+00 2.212345440000000000e+08
-2.919999986810200010e+00 1.203953280000000000e+09
-2.879999986990881666e+00 4.772659712000000000e+09
-2.839999987171563323e+00 9.085647872000000000e+09
-2.799999987352246311e+00 9.854396416000000000e+09
-2.759999987532927967e+00 1.805386137600000000e+10
-2.719999987713609624e+00 3.439490662400000000e+10
-2.679999987894293056e+00 6.468968857600000000e+10
-2.639999988074974713e+00 9.393149542400000000e+10
-2.599999988255656369e+00 1.012513423360000000e+11
-2.559999988436339358e+00 7.103936102400000000e+10
-2.519999988617021014e+00 3.294184448000000000e+10
-2.479999988797704447e+00 7.919262208000000000e+09
-2.439999988978386103e+00 5.719155840000000000e+08
-2.399999989159067315e+00 6.992771200000000000e+08
-2.359999989339750748e+00 3.257735936000000000e+09
-2.319999989520432404e+00 7.035660800000000000e+09
-2.279999989701114060e+00 1.292848640000000000e+10
-2.239999989881797049e+00 1.749418803200000000e+10
-2.199999990062478705e+00 2.000628121600000000e+10
-2.159999990243162138e+00 1.762260992000000000e+10
-2.119999990423843794e+00 1.248769433600000000e+10
-2.079999990604525451e+00 6.137551872000000000e+09
-2.039999990785208439e+00 2.466410752000000000e+09
-1.999999990965890095e+00 1.750737536000000000e+09
-1.959999991146571752e+00 3.101488896000000000e+09
-1.919999991327254962e+00 6.177918464000000000e+09
-1.879999991507936619e+00 6.765808640000000000e+09
-1.839999991688619829e+00 7.227042816000000000e+09
-1.799999991869301486e+00 1.900797337600000000e+10
-1.759999992049983142e+00 6.282443980800000000e+10
-1.719999992230666352e+00 1.138608783360000000e+11
-1.679999992411347787e+00 1.194146611200000000e+11
-1.639999992592029443e+00 7.789986611200000000e+10
-1.599999992772712654e+00 3.484904652800000000e+10
-1.559999992953394310e+00 9.380336640000000000e+09
-1.519999993134077521e+00 3.632862720000000000e+08
-1.479999993314759177e+00 1.413144064000000000e+09
-1.439999993495440833e+00 3.013968640000000000e+09
-1.399999993676124044e+00 3.220718080000000000e+09
-1.359999993856805700e+00 1.069880704000000000e+09
-1.319999994037487356e+00 3.633867776000000000e+09
-1.279999994218170567e+00 2.181319680000000000e+10
-1.239999994398852223e+00 4.228933222400000000e+10
-1.199999994579533658e+00 4.164185702400000000e+10
-1.159999994760216868e+00 4.033916928000000000e+10
-1.119999994940898524e+00 6.404397056000000000e+10
-1.079999995121581735e+00 7.377320345600000000e+10
-1.039999995302263391e+00 2.551707443200000000e+10
-9.999999954829450477e-01 2.694254080000000000e+09
-9.599999956636282583e-01 6.046612275200000000e+10
-9.199999958443099146e-01 1.318296698880000000e+11
-8.799999960249915709e-01 1.423821373440000000e+11
-8.399999962056747815e-01 8.394736435200000000e+10
-7.999999963863563268e-01 3.098422476800000000e+10
-7.599999965670395374e-01 7.843638784000000000e+09
-7.199999967477211937e-01 1.682341504000000000e+09
-6.799999969284028500e-01 1.207099648000000000e+09
-6.399999971090860607e-01 3.128674048000000000e+09
-5.999999972897677170e-01 5.964441088000000000e+09
-5.599999974704492622e-01 9.891899392000000000e+09
-5.199999976511324729e-01 1.462237081600000000e+10
-4.799999978318141292e-01 2.431606374400000000e+10
-4.399999980124973398e-01 2.993310310400000000e+10
-3.999999981931789961e-01 3.820424806400000000e+10
-3.599999983738605969e-01 4.460596019200000000e+10
-3.199999985545438075e-01 4.574292377600000000e+10
-2.799999987352254638e-01 3.348669849600000000e+10
-2.399999989159070646e-01 1.744895385600000000e+10
-1.999999990965902752e-01 2.140137676800000000e+10
-1.599999992772719037e-01 1.976334745600000000e+10
-1.199999994579535323e-01 7.807928832000000000e+09
-7.999999963863674290e-02 3.670476032000000000e+09
-3.999999981931837145e-02 2.557913600000000000e+09
-1.577721810442023611e-15 1.262851200000000000e+09
3.999999981931678938e-02 1.787172480000000000e+09
7.999999963863516084e-02 4.402847232000000000e+09
1.199999994579519502e-01 8.633824256000000000e+09
1.599999992772703217e-01 2.540499763200000000e+10
1.999999990965886931e-01 8.005725388800000000e+10
2.399999989159054825e-01 1.318311034880000000e+11
2.799999987352238540e-01 1.199469035520000000e+11
3.199999985545406433e-01 8.396703334400000000e+10
3.599999983738590426e-01 6.721850163200000000e+10
3.999999981931773863e-01 5.649853235200000000e+10
4.399999980124941756e-01 4.323640115200000000e+10
4.799999978318125748e-01 2.258457600000000000e+10
5.199999976511309185e-01 1.170852454400000000e+10
5.599999974704477079e-01 5.793758720000000000e+09
5.999999972897660516e-01 7.513545216000000000e+09
6.399999971090828410e-01 1.071233536000000000e+10
6.799999969284012957e-01 1.633692364800000000e+10
7.199999967477196394e-01 2.265336012800000000e+10
7.599999965670364288e-01 1.833474252800000000e+10
7.999999963863547725e-01 1.197949030400000000e+10
8.399999962056731162e-01 9.287771136000000000e+09
8.799999960249899056e-01 5.461633024000000000e+09
9.199999958443083603e-01 4.471045734400000000e+10
9.599999956636251497e-01 1.133430046720000000e+11
9.999999954829434934e-01 1.274363248640000000e+11
1.039999995302261837e+00 8.085087027200000000e+10
1.079999995121578626e+00 3.255199744000000000e+10
1.119999994940896970e+00 1.041277747200000000e+10
1.159999994760215314e+00 9.992085504000000000e+09
1.199999994579532103e+00 1.591775948800000000e+10
1.239999994398850447e+00 1.607563366400000000e+10
1.279999994218169013e+00 1.366582988800000000e+10
1.319999994037487356e+00 1.684049100800000000e+10
1.359999993856802591e+00 2.285768294400000000e+10
1.399999993676120935e+00 2.619337113600000000e+10
1.439999993495439279e+00 3.822802124800000000e+10
1.479999993314757623e+00 6.465390182400000000e+10
1.519999993134075966e+00 7.415226368000000000e+10
1.559999992953391201e+00 3.665040588800000000e+10
1.599999992772709545e+00 1.008490803200000000e+10
1.639999992592027889e+00 2.880262144000000000e+10
1.679999992411346232e+00 4.568107008000000000e+10
1.719999992230664798e+00 3.507468288000000000e+10
1.759999992049983142e+00 1.905582284800000000e+10
1.799999991869298377e+00 1.529916928000000000e+10
1.839999991688616721e+00 2.830572544000000000e+10
1.879999991507935064e+00 5.418786816000000000e+10
1.919999991327253408e+00 7.029547827200000000e+10
1.959999991146571752e+00 5.048177868800000000e+10
1.999999990965886987e+00 2.756735385600000000e+10
2.039999990785205330e+00 2.572718899200000000e+10
2.079999990604523674e+00 2.234012672000000000e+10
2.119999990423842018e+00 1.683014963200000000e+10
2.159999990243160362e+00 1.787878604800000000e+10
2.199999990062475597e+00 2.267294924800000000e+10
2.239999989881793940e+00 2.453374566400000000e+10
2.279999989701112284e+00 1.989896396800000000e+10
2.319999989520430628e+00 1.594130636800000000e+10
2.359999989339748971e+00 1.561675776000000000e+10
2.399999989159067315e+00 1.925098291200000000e+10
2.439999988978382550e+00 2.762774732800000000e+10
2.479999988797700894e+00 4.244464435200000000e+10
2.519999988617019682e+00 5.930781900800000000e+10
2.559999988436338025e+00 6.576736256000000000e+10
2.599999988255656369e+00 5.558401024000000000e+10
2.639999988074971604e+00 3.740250112000000000e+10
2.679999987894289948e+00 2.150491136000000000e+10
2.719999987713608292e+00 1.224124518400000000e+10
2.759999987532926635e+00 1.478010982400000000e+10
2.799999987352244979e+00 1.985025433600000000e+10
2.839999987171563323e+00 2.139696947200000000e+10
2.879999986990878558e+00 1.644802252800000000e+10
2.919999986810196901e+00 8.179462144000000000e+09
2.959999986629515245e+00 2.324984576000000000e+09
2.999999986448833589e+00 6.491310080000000000e+08
3.039999986268151932e+00 3.332567040000000000e+09
3.079999986087467168e+00 6.253130240000000000e+09
3.119999985906785511e+00 7.360669184000000000e+09
3.159999985726103855e+00 8.661044224000000000e+09
3.199999985545422199e+00 1.768506572800000000e+10
3.239999985364740542e+00 2.212436582400000000e+10
3.279999985184055777e+00 3.010646630400000000e+10
3.319999985003374121e+00 1.414087987200000000e+10
3.359999984822692465e+00 2.037436544000000000e+09
3.399999984642010808e+00 3.131883110400000000e+10
3.439999984461329596e+00 9.277390848000000000e+10
3.479999984280647940e+00 1.279793070080000000e+11
3.519999984099963175e+00 1.221716459520000000e+11
3.559999983919281519e+00 1.038946304000000000e+11
3.599999983738599862e+00 8.434516787200000000e+10
3.639999983557918206e+00 5.390667776000000000e+10
3.679999983377236550e+00 1.835470028800000000e+10
3.719999983196551785e+00 3.002253568000000000e+09
3.759999983015870129e+00 5.994870784000000000e+09
3.799999982835188472e+00 3.099984640000000000e+09
3.839999982654506816e+00 1.117491814400000000e+10
3.879999982473825160e+00 3.008459776000000000e+10
3.919999982293143503e+00 2.988758220800000000e+10
3.959999982112458738e+00 1.517934899200000000e+10
3.999999981931777082e+00 8.007688704000000000e+09
4.039999981751095426e+00 9.050320896000000000e+09
4.079999981570414214e+00 2.699681996800000000e+10
4.119999981389732113e+00 5.411471360000000000e+10
4.159999981209047348e+00 6.303533875200000000e+10
4.199999981028366136e+00 4.866470707200000000e+10
4.239999980847684036e+00 1.672223027200000000e+10
4.279999980667002824e+00 4.416280000000000000e+08
4.319999980486320723e+00 2.541492736000000000e+09
4.359999980305635958e+00 1.165582438400000000e+10
4.399999980124954746e+00 5.166798028800000000e+10
4.439999979944272646e+00 8.916520960000000000e+10
4.479999979763591433e+00 7.814725632000000000e+10
4.519999979582909333e+00 4.180772044800000000e+10
4.559999979402228121e+00 2.264073011200000000e+10
4.599999979221543356e+00 2.134298214400000000e+10
4.639999979040861255e+00 1.942243328000000000e+10
4.679999978860180043e+00 1.151761510400000000e+10
4.719999978679497943e+00 5.378472960000000000e+09
4.759999978498816731e+00 2.607577088000000000e+09
4.799999978318131966e+00 1.593232256000000000e+09
4.839999978137449865e+00 7.938664320000000000e+08
4.879999977956768653e+00 5.469945344000000000e+09
4.919999977776087441e+00 1.112686694400000000e+10
4.959999977595405340e+00 1.179317043200000000e+10
4.999999977414724128e+00 3.336847360000000000e+10
5.039999977234039363e+00 8.071243366400000000e+10
5.079999977053357263e+00 1.148382248960000000e+11
5.119999976872676051e+00 1.101533921280000000e+11
5.159999976691993950e+00 8.544227328000000000e+10
5.199999976511312738e+00 6.191256780800000000e+10
5.239999976330627973e+00 4.036074291200000000e+10
5.279999976149945873e+00 2.274337996800000000e+10
5.319999975969264661e+00 1.218559897600000000e+10
5.359999975788582560e+00 6.153186816000000000e+09
5.399999975607901348e+00 2.423141120000000000e+09
5.439999975427216583e+00 2.356601088000000000e+09
5.479999975246534483e+00 2.873839872000000000e+09
5.519999975065853270e+00 3.117990400000000000e+09
5.559999974885171170e+00 7.031321088000000000e+09
5.599999974704489958e+00 1.229146419200000000e+10
5.639999974523807857e+00 1.543684403200000000e+10
5.679999974343123093e+00 1.391102464000000000e+10
5.719999974162441880e+00 8.775427072000000000e+09
5.759999973981759780e+00 6.991542784000000000e+09
5.799999973801078568e+00 8.495064064000000000e+09
5.839999973620396467e+00 8.034722816000000000e+09
5.879999973439711702e+00 1.641084928000000000e+10
5.919999973259030490e+00 5.380442112000000000e+10
5.959999973078349278e+00 8.339451904000000000e+10
5.999999972897667178e+00 6.917609062400000000e+10
6.039999972716985965e+00 3.530722508800000000e+10
6.079999972536301200e+00 1.503245209600000000e+10
6.119999972355619100e+00 6.836960768000000000e+09
6.159999972174937888e+00 5.742598656000000000e+09
6.199999971994255787e+00 1.132895334400000000e+10
6.239999971813574575e+00 2.054463488000000000e+10
6.279999971632892475e+00 3.130408345600000000e+10
6.319999971452207710e+00 3.156730265600000000e+10
6.359999971271526498e+00 2.480236339200000000e+10
6.399999971090844397e+00 1.415811891200000000e+10
6.439999970910163185e+00 6.610459136000000000e+09
6.479999970729481085e+00 3.600969472000000000e+09
6.519999970548796320e+00 3.627554304000000000e+09
6.559999970368115108e+00 4.413993984000000000e+09
6.599999970187433007e+00 5.296774656000000000e+09
6.639999970006751795e+00 7.677838848000000000e+09
6.679999969826069695e+00 1.178433536000000000e+10
6.719999969645388482e+00 1.730193612800000000e+10
6.759999969464703717e+00 2.204440780800000000e+10
6.799999969284021617e+00 2.378892492800000000e+10
6.839999969103340405e+00 2.200846745600000000e+10
6.879999968922659193e+00 1.596075417600000000e+10
6.919999968741977092e+00 8.167171584000000000e+09
6.959999968561292327e+00 3.020948736000000000e+09
6.999999968380611115e+00 1.799735552000000000e+09
7.039999968199929015e+00 2.870568704000000000e+09
7.079999968019247802e+00 4.183050752000000000e+09
7.119999967838565702e+00 5.196019712000000000e+09
7.159999967657880937e+00 6.966629888000000000e+09
7.199999967477199725e+00 1.108598988800000000e+10
7.239999967296517625e+00 1.829227929600000000e+10
7.279999967115836412e+00 2.698321920000000000e+10
7.319999966935154312e+00 3.549916364800000000e+10
7.359999966754473100e+00 4.131320627200000000e+10
7.399999966573788335e+00 3.995663974400000000e+10
7.439999966393106234e+00 3.181091225600000000e+10
7.479999966212425022e+00 2.296372838400000000e+10
7.519999966031742922e+00 1.596350873600000000e+10
7.559999965851061710e+00 1.102823526400000000e+10
7.599999965670376945e+00 6.928144896000000000e+09
7.639999965489694844e+00 4.778819584000000000e+09
7.679999965309013632e+00 5.445028864000000000e+09
7.719999965128331532e+00 8.684417024000000000e+09
7.759999964947650319e+00 1.297688780800000000e+10
7.799999964766968219e+00 1.649988812800000000e+10
7.839999964586283454e+00 1.810541772800000000e+10
7.879999964405602242e+00 1.840949248000000000e+10
7.919999964224921030e+00 1.908713881600000000e+10
7.959999964044238929e+00 1.980925747200000000e+10
7.999999963863557717e+00 1.971400704000000000e+10
8.039999963682872064e+00 1.853945651200000000e+10
8.079999963502190852e+00 1.567221145600000000e+10
8.119999963321509640e+00 1.255294054400000000e+10
8.159999963140828427e+00 1.062697472000000000e+10
8.199999962960145439e+00 9.995171840000000000e+09
8.239999962779460674e+00 9.963833344000000000e+09
8.279999962598779462e+00 1.039430656000000000e+10
8.319999962418098249e+00 1.177882931200000000e+10
8.359999962237417037e+00 1.454848512000000000e+10
8.399999962056734049e+00 1.741598105600000000e+10
8.439999961876052836e+00 1.726258790400000000e+10
8.479999961695368071e+00 1.323004518400000000e+10
8.519999961514686859e+00 7.738936320000000000e+09
8.559999961334005647e+00 3.731603968000000000e+09
8.599999961153322658e+00 1.642554240000000000e+09
8.639999960972641446e+00 6.481592960000000000e+08
8.679999960791956681e+00 2.237290560000000000e+08
8.719999960611275469e+00 7.946350400000000000e+07
8.759999960430594257e+00 8.498019200000000000e+07
8.799999960249911268e+00 1.442765760000000000e+08
8.839999960069230056e+00 1.278460800000000000e+08
8.879999959888548844e+00 1.674822400000000000e+08
8.919999959707864079e+00 5.073243840000000000e+08
8.959999959527182867e+00 1.434641408000000000e+09
8.999999959346501655e+00 2.498109952000000000e+09
9.039999959165818666e+00 3.987815424000000000e+09
9.079999958985137454e+00 9.023608832000000000e+09
9.119999958804452689e+00 2.013040844800000000e+10
9.159999958623771477e+00 3.523472588800000000e+10
9.199999958443090264e+00 4.898906112000000000e+10
9.239999958262407276e+00 5.420698419200000000e+10
9.279999958081726064e+00 4.718571929600000000e+10
9.319999957901041299e+00 3.187286425600000000e+10
9.359999957720360086e+00 1.748601036800000000e+10
9.399999957539678874e+00 7.826416640000000000e+09
9.439999957358995886e+00 2.857790464000000000e+09
9.479999957178314673e+00 1.112663552000000000e+09
9.519999956997633461e+00 1.078128896000000000e+09
9.559999956816948696e+00 1.919140096000000000e+09
9.599999956636267484e+00 2.893888768000000000e+09
9.639999956455584496e+00 3.635331840000000000e+09
9.679999956274903283e+00 4.088045824000000000e+09
9.719999956094222071e+00 4.259283968000000000e+09
9.759999955913537306e+00 4.421479424000000000e+09
9.799999955732856094e+00 4.600999424000000000e+09
9.839999955552174882e+00 4.759496192000000000e+09
9.879999955371491893e+00 4.968949760000000000e+09
9.919999955190810681e+00 5.178102784000000000e+09
9.959999955010125916e+00 5.577411584000000000e+09
9.999999954829444704e+00 6.420741632000000000e+09
1.003999995464876349e+01 7.782032896000000000e+09
1.007999995446808050e+01 9.615691776000000000e+09
1.011999995428739929e+01 1.137244569600000000e+10
1.015999995410671808e+01 1.203521843200000000e+10
1.019999995392603331e+01 1.095562547200000000e+10
1.023999995374535210e+01 8.630949888000000000e+09
1.027999995356466911e+01 6.233827328000000000e+09
1.031999995338398790e+01 4.542622208000000000e+09
1.035999995320330669e+01 3.712656128000000000e+09
1.039999995302262192e+01 3.218945792000000000e+09
1.043999995284194071e+01 2.723394560000000000e+09
1.047999995266125772e+01 2.420205312000000000e+09
1.051999995248057651e+01 3.604057600000000000e+09
1.055999995229989530e+01 7.990661632000000000e+09
1.059999995211921409e+01 1.526849843200000000e+10
1.063999995193852932e+01 2.247615283200000000e+10
1.067999995175784633e+01 2.596878745600000000e+10
1.071999995157716512e+01 2.452081868800000000e+10
1.075999995139648391e+01 2.002667315200000000e+10
1.079999995121580270e+01 1.442147430400000000e+10
1.083999995103511793e+01 9.321683968000000000e+09
1.087999995085443672e+01 5.685578240000000000e+09
1.091999995067375373e+01 3.413971200000000000e+09
1.095999995049307252e+01 2.407462400000000000e+09
1.099999995031239131e+01 2.255743488000000000e+09
1.103999995013170654e+01 2.584564992000000000e+09
1.107999994995102533e+01 3.027110144000000000e+09
1.111999994977034234e+01 3.116324352000000000e+09
1.115999994958966113e+01 2.878858496000000000e+09
1.119999994940897992e+01 2.437699072000000000e+09
1.123999994922829870e+01 1.888353920000000000e+09
1.127999994904761394e+01 1.430073216000000000e+09
1.131999994886693095e+01 1.093405056000000000e+09
1.135999994868624974e+01 8.435713280000000000e+08
1.139999994850556853e+01 7.398131840000000000e+08
1.143999994832488731e+01 7.674425600000000000e+08
1.147999994814420255e+01 9.019770240000000000e+08
1.151999994796351956e+01 1.215911296000000000e+09
1.155999994778283835e+01 1.688794496000000000e+09
1.159999994760215714e+01 2.320837376000000000e+09
1.163999994742147592e+01 3.117476864000000000e+09
1.167999994724079293e+01 3.941833216000000000e+09
1.171999994706010817e+01 4.718916096000000000e+09
1.175999994687942696e+01 5.267277312000000000e+09
1.179999994669874575e+01 5.463733760000000000e+09
1.183999994651806453e+01 5.310563328000000000e+09
1.187999994633738332e+01 4.870936064000000000e+09
1.191999994615669856e+01 4.357265408000000000e+09
1.195999994597601557e+01 3.880348160000000000e+09
1.199999994579533436e+01 3.544582912000000000e+09
1.203999994561465314e+01 3.433389568000000000e+09
1.207999994543397193e+01 3.512057856000000000e+09
1.211999994525328717e+01 3.740867840000000000e+09
1.215999994507260418e+01 4.002019584000000000e+09
1.219999994489192296e+01 4.122102784000000000e+09
1.223999994471124175e+01 3.945602816000000000e+09
1.227999994453056054e+01 3.427360768000000000e+09
1.231999994434987755e+01 2.644026112000000000e+09
