# x = Time (fs); y = Power (W)
-1.179999994669874752e+01 1.718818560000000000e+09
-1.175999994687943051e+01 1.867664896000000000e+09
-1.171999994706011172e+01 1.893031424000000000e+09
-1.167999994724079293e+01 1.727691904000000000e+09
-1.163999994742147770e+01 1.357888768000000000e+09
-1.159999994760215891e+01 9.097922560000000000e+08
-1.155999994778284012e+01 5.015506560000000000e+08
-1.151999994796352311e+01 2.105477440000000000e+08
-1.147999994814420432e+01 5.424969600000000000e+07
-1.143999994832488731e+01 1.044050500000000000e+07
-1.139999994850557030e+01 4.618130800000000000e+07
-1.135999994868625151e+01 1.440177120000000000e+08
-1.131999994886693450e+01 2.866621760000000000e+08
-1.127999994904761571e+01 4.867802240000000000e+08
-1.123999994922829870e+01 7.555414400000000000e+08
-1.119999994940898169e+01 1.112924416000000000e+09
-1.115999994958966290e+01 1.610365824000000000e+09
-1.111999994977034589e+01 2.295395840000000000e+09
-1.107999994995102711e+01 3.194619392000000000e+09
-1.103999995013171009e+01 4.223618048000000000e+09
-1.099999995031239131e+01 5.136183808000000000e+09
-1.095999995049307429e+01 5.591270400000000000e+09
-1.091999995067375551e+01 5.492998144000000000e+09
-1.087999995085443850e+01 5.041060352000000000e+09
-1.083999995103512148e+01 4.506133504000000000e+09
-1.079999995121580270e+01 4.098446848000000000e+09
-1.075999995139648568e+01 3.869125888000000000e+09
-1.071999995157716690e+01 3.856449024000000000e+09
-1.067999995175784989e+01 4.009661184000000000e+09
-1.063999995193853110e+01 4.211405568000000000e+09
-1.059999995211921409e+01 4.383375360000000000e+09
-1.055999995229989707e+01 4.427309568000000000e+09
-1.051999995248057829e+01 4.317076480000000000e+09
-1.047999995266126128e+01 4.018720256000000000e+09
-1.043999995284194249e+01 3.548264704000000000e+09
-1.039999995302262548e+01 2.973657344000000000e+09
-1.035999995320330669e+01 2.335537664000000000e+09
-1.031999995338398968e+01 1.729925504000000000e+09
-1.027999995356467089e+01 1.232316672000000000e+09
-1.023999995374535388e+01 8.541282560000000000e+08
-1.019999995392603687e+01 5.919175680000000000e+08
-1.015999995410671808e+01 4.320125120000000000e+08
-1.011999995428740107e+01 3.366454400000000000e+08
-1.007999995446808228e+01 2.855388160000000000e+08
-1.003999995464876527e+01 2.800231040000000000e+08
-9.999999954829448257e+00 3.170501760000000000e+08
-9.959999955010129469e+00 4.062230400000000000e+08
-9.919999955190810681e+00 5.658590720000000000e+08
-9.879999955371493670e+00 7.943495040000000000e+08
-9.839999955552174882e+00 1.090249728000000000e+09
-9.799999955732859647e+00 1.421482880000000000e+09
-9.759999955913540859e+00 1.792418432000000000e+09
-9.719999956094222071e+00 2.216189440000000000e+09
-9.679999956274905060e+00 2.714805504000000000e+09
-9.639999956455586272e+00 3.327204096000000000e+09
-9.599999956636269260e+00 4.067761664000000000e+09
-9.559999956816952249e+00 4.918588416000000000e+09
-9.519999956997633461e+00 5.687579136000000000e+09
-9.479999957178316450e+00 6.197069312000000000e+09
-9.439999957358997662e+00 6.264434176000000000e+09
-9.399999957539680651e+00 5.731442176000000000e+09
-9.359999957720363639e+00 4.795516416000000000e+09
-9.319999957901044851e+00 3.710391040000000000e+09
-9.279999958081726064e+00 2.712958464000000000e+09
-9.239999958262409052e+00 1.968004480000000000e+09
-9.199999958443092041e+00 1.443586944000000000e+09
-9.159999958623775029e+00 1.151561344000000000e+09
-9.119999958804456242e+00 1.029881600000000000e+09
-9.079999958985137454e+00 1.095847680000000000e+09
-9.039999959165818666e+00 1.360594816000000000e+09
-8.999999959346501655e+00 1.881004416000000000e+09
-8.959999959527186419e+00 2.761085696000000000e+09
-8.919999959707867632e+00 4.165645312000000000e+09
-8.879999959888548844e+00 6.113490432000000000e+09
-8.839999960069230056e+00 7.957114880000000000e+09
-8.799999960249913045e+00 9.240719360000000000e+09
-8.759999960430597810e+00 1.013066137600000000e+10
-8.719999960611279022e+00 1.036340736000000000e+10
-8.679999960791960234e+00 9.990234112000000000e+09
-8.639999960972641446e+00 8.571350016000000000e+09
-8.599999961153324435e+00 6.400552448000000000e+09
-8.559999961334007423e+00 4.344459776000000000e+09
-8.519999961514690412e+00 2.953133056000000000e+09
-8.479999961695371624e+00 2.257986816000000000e+09
-8.439999961876052836e+00 2.017106944000000000e+09
-8.399999962056734049e+00 2.078990592000000000e+09
-8.359999962237418814e+00 2.021608960000000000e+09
-8.319999962418101802e+00 1.602149760000000000e+09
-8.279999962598783014e+00 1.174278656000000000e+09
-8.239999962779464227e+00 1.341428480000000000e+09
-8.199999962960145439e+00 2.673523968000000000e+09
-8.159999963140828427e+00 5.456271360000000000e+09
-8.119999963321513192e+00 9.094207488000000000e+09
-8.079999963502194404e+00 1.232836300800000000e+10
-8.039999963682875617e+00 1.366183526400000000e+10
-7.999999963863557717e+00 1.242965811200000000e+10
-7.959999964044240706e+00 9.776902144000000000e+09
-7.919999964224921918e+00 7.329974272000000000e+09
-7.879999964405605795e+00 5.553332736000000000e+09
-7.839999964586287007e+00 4.336037376000000000e+09
-7.799999964766968219e+00 3.267709952000000000e+09
-7.759999964947650319e+00 1.973312768000000000e+09
-7.719999965128333308e+00 1.210074112000000000e+09
-7.679999965309016297e+00 9.728832640000000000e+08
-7.639999965489698397e+00 5.039354560000000000e+08
-7.599999965670379609e+00 9.094636800000000000e+07
-7.559999965851061710e+00 4.017049200000000000e+07
-7.519999966031744698e+00 4.085744320000000000e+08
-7.479999966212426799e+00 2.170969088000000000e+09
-7.439999966393109787e+00 5.820830208000000000e+09
-7.399999966573790999e+00 9.724964864000000000e+09
-7.359999966754473100e+00 1.304421990400000000e+10
-7.319999966935154312e+00 1.473622528000000000e+10
-7.279999967115837300e+00 1.548096102400000000e+10
-7.239999967296521177e+00 1.670701568000000000e+10
-7.199999967477202389e+00 1.897270886400000000e+10
-7.159999967657884490e+00 2.105867673600000000e+10
-7.119999967838565702e+00 2.213515878400000000e+10
-7.079999968019248691e+00 2.049040998400000000e+10
-7.039999968199931679e+00 1.600868249600000000e+10
-6.999999968380612891e+00 1.088291635200000000e+10
-6.959999968561295880e+00 6.212442624000000000e+09
-6.919999968741977980e+00 2.718062080000000000e+09
-6.879999968922660081e+00 8.941156480000000000e+08
-6.839999969103342181e+00 5.124838080000000000e+08
-6.799999969284024282e+00 7.914990720000000000e+08
-6.759999969464706382e+00 9.905699200000000000e+08
-6.719999969645389370e+00 9.965890560000000000e+08
-6.679999969826070583e+00 9.068906240000000000e+08
-6.639999970006753571e+00 1.628802688000000000e+09
-6.599999970187435672e+00 4.235576832000000000e+09
-6.559999970368116884e+00 8.343062528000000000e+09
-6.519999970548799872e+00 1.103697203200000000e+10
-6.479999970729481973e+00 1.064411340800000000e+10
-6.439999970910164961e+00 8.782970880000000000e+09
-6.399999971090846174e+00 6.433420800000000000e+09
-6.359999971271528274e+00 5.614398464000000000e+09
-6.319999971452211263e+00 4.728509440000000000e+09
-6.279999971632893363e+00 2.964891136000000000e+09
-6.239999971813575463e+00 2.858218752000000000e+09
-6.199999971994257564e+00 9.891148800000000000e+09
-6.159999972174939664e+00 2.519797145600000000e+10
-6.119999972355622653e+00 3.716757094400000000e+10
-6.079999972536303865e+00 3.712690585600000000e+10
-6.039999972716985965e+00 2.822168166400000000e+10
-5.999999972897668954e+00 1.871386214400000000e+10
-5.959999973078351054e+00 1.301901516800000000e+10
-5.919999973259033155e+00 9.946948608000000000e+09
-5.879999973439715255e+00 6.107437568000000000e+09
-5.839999973620396467e+00 2.318484736000000000e+09
-5.799999973801080344e+00 1.993034368000000000e+09
-5.759999973981761556e+00 7.908380672000000000e+09
-5.719999974162444545e+00 1.947516313600000000e+10
-5.679999974343126645e+00 3.334937600000000000e+10
-5.639999974523807857e+00 3.925629337600000000e+10
-5.599999974704491734e+00 3.587763814400000000e+10
-5.559999974885172946e+00 3.073377894400000000e+10
-5.519999975065855047e+00 2.599096320000000000e+10
-5.479999975246538035e+00 2.119385702400000000e+10
-5.439999975427219248e+00 1.695568998400000000e+10
-5.399999975607903124e+00 1.499923046400000000e+10
-5.359999975788584337e+00 1.007874764800000000e+10
-5.319999975969265549e+00 5.566295552000000000e+09
-5.279999976149949426e+00 9.401122560000000000e+08
-5.239999976330630638e+00 9.405062400000000000e+08
-5.199999976511312738e+00 4.653004288000000000e+09
-5.159999976691995727e+00 6.109238272000000000e+09
-5.119999976872676939e+00 3.362147072000000000e+09
-5.079999977053359039e+00 2.245213696000000000e+09
-5.039999977234042028e+00 2.303820544000000000e+09
-4.999999977414724128e+00 3.637101760000000000e+08
-4.959999977595407117e+00 7.507687040000000000e+08
-4.919999977776088329e+00 3.226001920000000000e+09
-4.879999977956770429e+00 5.548847104000000000e+09
-4.839999978137453418e+00 1.220158156800000000e+10
-4.799999978318134630e+00 2.379826585600000000e+10
-4.759999978498816731e+00 2.979734118400000000e+10
-4.719999978679499719e+00 2.484182016000000000e+10
-4.679999978860181820e+00 1.960397619200000000e+10
-4.639999979040864808e+00 2.140231065600000000e+10
-4.599999979221546020e+00 2.738959155200000000e+10
-4.559999979402228121e+00 3.374016921600000000e+10
-4.519999979582911109e+00 3.073554022400000000e+10
-4.479999979763593210e+00 2.061356236800000000e+10
-4.439999979944274422e+00 1.147155968000000000e+10
-4.399999980124957411e+00 6.049012224000000000e+09
-4.359999980305639511e+00 3.434149376000000000e+09
-4.319999980486322499e+00 1.448319488000000000e+09
-4.279999980667003712e+00 4.615066560000000000e+08
-4.239999980847685812e+00 1.863372000000000000e+08
-4.199999981028368801e+00 6.644261760000000000e+08
-4.159999981209050901e+00 2.772951296000000000e+09
-4.119999981389732113e+00 7.333017088000000000e+09
-4.079999981570415102e+00 1.202557235200000000e+10
-4.039999981751097202e+00 2.102994944000000000e+10
-3.999999981931778859e+00 3.169701068800000000e+10
-3.959999982112461847e+00 3.935016960000000000e+10
-3.919999982293143503e+00 4.065973043200000000e+10
-3.879999982473826936e+00 4.180441907200000000e+10
-3.839999982654508148e+00 3.937133772800000000e+10
-3.799999982835189805e+00 3.533720780800000000e+10
-3.759999983015873237e+00 2.640698572800000000e+10
-3.719999983196554894e+00 1.851758592000000000e+10
-3.679999983377236550e+00 1.410501939200000000e+10
-3.639999983557919538e+00 1.683514982400000000e+10
-3.599999983738601195e+00 2.689704345600000000e+10
-3.559999983919284627e+00 3.624557772800000000e+10
-3.519999984099966284e+00 3.749575065600000000e+10
-3.479999984280647940e+00 3.093955584000000000e+10
-3.439999984461330929e+00 2.561902387200000000e+10
-3.399999984642012585e+00 1.823598592000000000e+10
-3.359999984822694241e+00 1.219681484800000000e+10
-3.319999985003377230e+00 9.199240192000000000e+09
-3.279999985184058886e+00 6.444512768000000000e+09
-3.239999985364742319e+00 3.757439744000000000e+09
-3.199999985545423975e+00 1.008763392000000000e+09
-3.159999985726105631e+00 4.675008960000000000e+08
-3.119999985906788620e+00 2.304102400000000000e+09
-3.079999986087470276e+00 4.575928320000000000e+09
-3.039999986268151932e+00 3.898777344000000000e+09
-2.999999986448835365e+00 7.769156608000000000e+09
-2.959999986629517021e+00 2.712261427200000000e+10
-2.919999986810200010e+00 4.656762470400000000e+10
-2.879999986990881666e+00 5.207901798400000000e+10
-2.839999987171563323e+00 4.376711168000000000e+10
-2.799999987352246311e+00 3.127574528000000000e+10
-2.759999987532927967e+00 3.036484608000000000e+10
-2.719999987713609624e+00 4.315130675200000000e+10
-2.679999987894293056e+00 4.716142592000000000e+10
-2.639999988074974713e+00 3.332607590400000000e+10
-2.599999988255656369e+00 1.359084748800000000e+10
-2.559999988436339358e+00 3.147384320000000000e+09
-2.519999988617021014e+00 1.790610944000000000e+09
-2.479999988797704447e+00 2.261722240000000000e+08
-2.439999988978386103e+00 5.769390592000000000e+09
-2.399999989159067315e+00 1.987568230400000000e+10
-2.359999989339750748e+00 3.517689036800000000e+10
-2.319999989520432404e+00 4.265061990400000000e+10
-2.279999989701114060e+00 4.836112384000000000e+10
-2.239999989881797049e+00 4.116133478400000000e+10
-2.199999990062478705e+00 3.160827699200000000e+10
-2.159999990243162138e+00 1.852730368000000000e+10
-2.119999990423843794e+00 6.658973184000000000e+09
-2.079999990604525451e+00 1.316883840000000000e+09
-2.039999990785208439e+00 1.281051648000000000e+09
-1.999999990965890095e+00 2.132740864000000000e+09
-1.959999991146571752e+00 9.323082752000000000e+09
-1.919999991327254962e+00 2.423401676800000000e+10
-1.879999991507936619e+00 3.489502003200000000e+10
-1.839999991688619829e+00 3.673975603200000000e+10
-1.799999991869301486e+00 3.952426188800000000e+10
-1.759999992049983142e+00 4.007812710400000000e+10
-1.719999992230666352e+00 3.454496358400000000e+10
-1.679999992411347787e+00 3.068985344000000000e+10
-1.639999992592029443e+00 2.078924185600000000e+10
-1.599999992772712654e+00 5.906278400000000000e+09
-1.559999992953394310e+00 1.422628608000000000e+09
-1.519999993134077521e+00 1.280017305600000000e+10
-1.479999993314759177e+00 2.429056819200000000e+10
-1.439999993495440833e+00 2.319179980800000000e+10
-1.399999993676124044e+00 1.546809753600000000e+10
-1.359999993856805700e+00 2.561337753600000000e+10
-1.319999994037487356e+00 4.928216678400000000e+10
-1.279999994218170567e+00 7.134797824000000000e+10
-1.239999994398852223e+00 8.879199846400000000e+10
-1.199999994579533658e+00 9.492747059200000000e+10
-1.159999994760216868e+00 8.542539776000000000e+10
-1.119999994940898524e+00 5.907897139200000000e+10
-1.079999995121581735e+00 1.826435891200000000e+10
-1.039999995302263391e+00 3.454299136000000000e+09
-9.999999954829450477e-01 2.083180748800000000e+10
-9.599999956636282583e-01 4.923623833600000000e+10
-9.199999958443099146e-01 6.865093836800000000e+10
-8.799999960249915709e-01 7.153842585600000000e+10
-8.399999962056747815e-01 7.287689216000000000e+10
-7.999999963863563268e-01 7.015172505600000000e+10
-7.599999965670395374e-01 5.247038259200000000e+10
-7.199999967477211937e-01 3.125038080000000000e+10
-6.799999969284028500e-01 2.187609702400000000e+10
-6.399999971090860607e-01 3.141986304000000000e+10
-5.999999972897677170e-01 3.020851404800000000e+10
-5.599999974704492622e-01 1.852414156800000000e+10
-5.199999976511324729e-01 1.210125209600000000e+10
-4.799999978318141292e-01 1.559832064000000000e+10
-4.399999980124973398e-01 3.408097075200000000e+10
-3.999999981931789961e-01 5.266900582400000000e+10
-3.599999983738605969e-01 3.583809126400000000e+10
-3.199999985545438075e-01 8.446016512000000000e+09
-2.799999987352254638e-01 1.146050764800000000e+10
-2.399999989159070646e-01 3.046878617600000000e+10
-1.999999990965902752e-01 3.465304473600000000e+10
-1.599999992772719037e-01 2.428757196800000000e+10
-1.199999994579535323e-01 1.490097152000000000e+10
-7.999999963863674290e-02 2.387011788800000000e+10
-3.999999981931837145e-02 4.896789299200000000e+10
-1.577721810442023611e-15 7.367788953600000000e+10
3.999999981931678938e-02 7.417981337600000000e+10
7.999999963863516084e-02 5.601986150400000000e+10
1.199999994579519502e-01 3.889928601600000000e+10
1.599999992772703217e-01 2.271518310400000000e+10
1.999999990965886931e-01 9.733222400000000000e+09
2.399999989159054825e-01 9.976604672000000000e+09
2.799999987352238540e-01 1.633921945600000000e+10
3.199999985545406433e-01 8.830944256000000000e+09
3.599999983738590426e-01 3.697371840000000000e+08
3.999999981931773863e-01 2.253953024000000000e+10
4.399999980124941756e-01 6.684498739200000000e+10
4.799999978318125748e-01 7.525751193600000000e+10
5.199999976511309185e-01 5.173729280000000000e+10
5.599999974704477079e-01 2.552806604800000000e+10
5.999999972897660516e-01 1.033355673600000000e+10
6.399999971090828410e-01 6.199814144000000000e+09
6.799999969284012957e-01 1.759194316800000000e+10
7.199999967477196394e-01 3.520479641600000000e+10
7.599999965670364288e-01 5.523637043200000000e+10
7.999999963863547725e-01 6.597991628800000000e+10
8.399999962056731162e-01 7.077794611200000000e+10
8.799999960249899056e-01 6.697626828800000000e+10
9.199999958443083603e-01 5.040879206400000000e+10
9.599999956636251497e-01 2.800959283200000000e+10
9.999999954829434934e-01 1.532502528000000000e+10
1.039999995302261837e+00 4.517169664000000000e+09
1.079999995121578626e+00 2.058617344000000000e+09
1.119999994940896970e+00 2.546342656000000000e+09
1.159999994760215314e+00 3.548550400000000000e+09
1.199999994579532103e+00 6.084400640000000000e+09
1.239999994398850447e+00 7.854623232000000000e+09
1.279999994218169013e+00 5.315985920000000000e+09
1.319999994037487356e+00 4.069956096000000000e+09
1.359999993856802591e+00 1.189038080000000000e+09
1.399999993676120935e+00 1.185322240000000000e+09
1.439999993495439279e+00 2.667720192000000000e+09
1.479999993314757623e+00 7.847452160000000000e+09
1.519999993134075966e+00 2.419249971200000000e+10
1.559999992953391201e+00 2.175670681600000000e+10
1.599999992772709545e+00 2.932338073600000000e+10
1.639999992592027889e+00 7.921980211200000000e+10
1.679999992411346232e+00 1.505525596160000000e+11
1.719999992230664798e+00 1.668072734720000000e+11
1.759999992049983142e+00 1.289872097280000000e+11
1.799999991869298377e+00 6.562363801600000000e+10
1.839999991688616721e+00 1.936633856000000000e+10
1.879999991507935064e+00 1.045074176000000000e+09
1.919999991327253408e+00 4.206469376000000000e+09
1.959999991146571752e+00 1.018170470400000000e+10
1.999999990965886987e+00 1.909668864000000000e+10
2.039999990785205330e+00 3.464868249600000000e+10
2.079999990604523674e+00 5.723725824000000000e+10
2.119999990423842018e+00 7.466780262400000000e+10
2.159999990243160362e+00 4.561428070400000000e+10
2.199999990062475597e+00 5.901108224000000000e+09
2.239999989881793940e+00 9.243957248000000000e+09
2.279999989701112284e+00 2.295340851200000000e+10
2.319999989520430628e+00 2.256537395200000000e+10
2.359999989339748971e+00 2.416769228800000000e+10
2.399999989159067315e+00 3.525125324800000000e+10
2.439999988978382550e+00 4.369812275200000000e+10
2.479999988797700894e+00 2.817682227200000000e+10
2.519999988617019682e+00 2.223420211200000000e+10
2.559999988436338025e+00 2.652443648000000000e+10
2.599999988255656369e+00 2.461948723200000000e+10
2.639999988074971604e+00 1.189349580800000000e+10
2.679999987894289948e+00 1.361806080000000000e+09
2.719999987713608292e+00 2.339572992000000000e+09
2.759999987532926635e+00 2.479686912000000000e+09
2.799999987352244979e+00 2.199822848000000000e+09
2.839999987171563323e+00 4.830597632000000000e+09
2.879999986990878558e+00 1.806033100800000000e+10
2.919999986810196901e+00 4.338212864000000000e+10
2.959999986629515245e+00 6.201498009600000000e+10
2.999999986448833589e+00 6.428855910400000000e+10
3.039999986268151932e+00 5.495159603200000000e+10
3.079999986087467168e+00 3.941698764800000000e+10
3.119999985906785511e+00 2.686845952000000000e+10
3.159999985726103855e+00 2.333549568000000000e+10
3.199999985545422199e+00 2.241065369600000000e+10
3.239999985364740542e+00 2.887040204800000000e+10
3.279999985184055777e+00 2.990910668800000000e+10
3.319999985003374121e+00 2.635232665600000000e+10
3.359999984822692465e+00 1.920976896000000000e+10
3.399999984642010808e+00 1.303923200000000000e+10
3.439999984461329596e+00 1.137163980800000000e+10
3.479999984280647940e+00 1.066329497600000000e+10
3.519999984099963175e+00 7.559104512000000000e+09
3.559999983919281519e+00 2.481882112000000000e+09
3.599999983738599862e+00 2.464405440000000000e+08
3.639999983557918206e+00 1.905779968000000000e+09
3.679999983377236550e+00 2.458413824000000000e+09
3.719999983196551785e+00 6.194379776000000000e+09
3.759999983015870129e+00 1.325636300800000000e+10
3.799999982835188472e+00 2.093075660800000000e+10
3.839999982654506816e+00 3.282762752000000000e+10
3.879999982473825160e+00 2.925994393600000000e+10
3.919999982293143503e+00 1.567918489600000000e+10
3.959999982112458738e+00 1.696320000000000000e+10
3.999999981931777082e+00 4.297376563200000000e+10
4.039999981751095426e+00 4.875246796800000000e+10
4.079999981570414214e+00 4.386724249600000000e+10
4.119999981389732113e+00 4.932890624000000000e+10
4.159999981209047348e+00 6.548907212800000000e+10
4.199999981028366136e+00 8.325107712000000000e+10
4.239999980847684036e+00 5.250202419200000000e+10
4.279999980667002824e+00 1.558928486400000000e+10
4.319999980486320723e+00 1.929630515200000000e+10
4.359999980305635958e+00 3.574918348800000000e+10
4.399999980124954746e+00 2.932120780800000000e+10
4.439999979944272646e+00 2.667316838400000000e+10
4.479999979763591433e+00 2.936717107200000000e+10
4.519999979582909333e+00 1.901407232000000000e+10
4.559999979402228121e+00 1.863764787200000000e+10
4.599999979221543356e+00 5.866735206400000000e+10
4.639999979040861255e+00 9.609582182400000000e+10
4.679999978860180043e+00 8.665695846400000000e+10
4.719999978679497943e+00 6.071740006400000000e+10
4.759999978498816731e+00 4.177311744000000000e+10
4.799999978318131966e+00 2.724577280000000000e+10
4.839999978137449865e+00 1.921015808000000000e+10
4.879999977956768653e+00 1.294043443200000000e+10
4.919999977776087441e+00 8.360531968000000000e+09
4.959999977595405340e+00 4.761729536000000000e+09
4.999999977414724128e+00 2.726816512000000000e+09
5.039999977234039363e+00 3.331778560000000000e+09
5.079999977053357263e+00 5.101405184000000000e+09
5.119999976872676051e+00 4.983275008000000000e+09
5.159999976691993950e+00 2.081145600000000000e+09
5.199999976511312738e+00 8.738819840000000000e+08
5.239999976330627973e+00 2.575782656000000000e+09
5.279999976149945873e+00 7.105479680000000000e+09
5.319999975969264661e+00 1.528463667200000000e+10
5.359999975788582560e+00 2.763641856000000000e+10
5.399999975607901348e+00 3.593729228800000000e+10
5.439999975427216583e+00 3.549193011200000000e+10
5.479999975246534483e+00 2.912568729600000000e+10
5.519999975065853270e+00 2.213989580800000000e+10
5.559999974885171170e+00 1.739600076800000000e+10
5.599999974704489958e+00 1.511806976000000000e+10
5.639999974523807857e+00 1.556127744000000000e+10
5.679999974343123093e+00 1.576557465600000000e+10
5.719999974162441880e+00 2.081455513600000000e+10
5.759999973981759780e+00 4.506384793600000000e+10
5.799999973801078568e+00 8.686748467200000000e+10
5.839999973620396467e+00 1.111886888960000000e+11
5.879999973439711702e+00 9.837416448000000000e+10
5.919999973259030490e+00 6.159996518400000000e+10
5.959999973078349278e+00 3.264951500800000000e+10
5.999999972897667178e+00 1.944410931200000000e+10
6.039999972716985965e+00 1.396638617600000000e+10
6.079999972536301200e+00 1.263724032000000000e+10
6.119999972355619100e+00 1.125333401600000000e+10
6.159999972174937888e+00 1.130521497600000000e+10
6.199999971994255787e+00 1.425424384000000000e+10
6.239999971813574575e+00 1.735946035200000000e+10
6.279999971632892475e+00 1.720858828800000000e+10
6.319999971452207710e+00 1.123037184000000000e+10
6.359999971271526498e+00 5.166404608000000000e+09
6.399999971090844397e+00 1.997965184000000000e+09
6.439999970910163185e+00 2.186861824000000000e+09
6.479999970729481085e+00 5.062168064000000000e+09
6.519999970548796320e+00 8.880806912000000000e+09
6.559999970368115108e+00 1.286187110400000000e+10
6.599999970187433007e+00 1.118168576000000000e+10
6.639999970006751795e+00 1.428952985600000000e+10
6.679999969826069695e+00 3.193949798400000000e+10
6.719999969645388482e+00 5.703472332800000000e+10
6.759999969464703717e+00 6.718030233600000000e+10
6.799999969284021617e+00 5.928728166400000000e+10
6.839999969103340405e+00 4.387648716800000000e+10
6.879999968922659193e+00 2.893999104000000000e+10
6.919999968741977092e+00 1.516829286400000000e+10
6.959999968561292327e+00 6.950959616000000000e+09
6.999999968380611115e+00 2.354348032000000000e+09
7.039999968199929015e+00 7.460239360000000000e+08
7.079999968019247802e+00 3.675867840000000000e+08
7.119999967838565702e+00 4.660478080000000000e+08
7.159999967657880937e+00 8.647815680000000000e+08
7.199999967477199725e+00 2.187551744000000000e+09
7.239999967296517625e+00 5.942828544000000000e+09
7.279999967115836412e+00 1.193440665600000000e+10
7.319999966935154312e+00 1.890576179200000000e+10
7.359999966754473100e+00 2.688211968000000000e+10
7.399999966573788335e+00 3.405475840000000000e+10
7.439999966393106234e+00 3.871275417600000000e+10
7.479999966212425022e+00 4.115216793600000000e+10
7.519999966031742922e+00 4.381279027200000000e+10
7.559999965851061710e+00 4.511426969600000000e+10
7.599999965670376945e+00 4.357675008000000000e+10
7.639999965489694844e+00 3.816613068800000000e+10
7.679999965309013632e+00 3.165024256000000000e+10
7.719999965128331532e+00 2.280351129600000000e+10
7.759999964947650319e+00 1.124738150400000000e+10
7.799999964766968219e+00 3.785394688000000000e+09
7.839999964586283454e+00 7.546932224000000000e+09
7.879999964405602242e+00 1.853389824000000000e+10
7.919999964224921030e+00 2.757850316800000000e+10
7.959999964044238929e+00 3.273128550400000000e+10
7.999999963863557717e+00 3.918481817600000000e+10
8.039999963682872064e+00 4.709577523200000000e+10
8.079999963502190852e+00 5.036087296000000000e+10
8.119999963321509640e+00 4.379071283200000000e+10
8.159999963140828427e+00 3.244218163200000000e+10
8.199999962960145439e+00 2.033749196800000000e+10
8.239999962779460674e+00 1.062347059200000000e+10
8.279999962598779462e+00 4.365038080000000000e+09
8.319999962418098249e+00 1.517788544000000000e+09
8.359999962237417037e+00 1.380853504000000000e+09
8.399999962056734049e+00 3.079817216000000000e+09
8.439999961876052836e+00 5.639218688000000000e+09
8.479999961695368071e+00 8.252678656000000000e+09
8.519999961514686859e+00 9.882863616000000000e+09
8.559999961334005647e+00 9.791926272000000000e+09
8.599999961153322658e+00 8.933634048000000000e+09
8.639999960972641446e+00 8.158508544000000000e+09
8.679999960791956681e+00 7.859898368000000000e+09
8.719999960611275469e+00 7.787705856000000000e+09
8.759999960430594257e+00 7.629361664000000000e+09
8.799999960249911268e+00 7.456680960000000000e+09
8.839999960069230056e+00 7.242860032000000000e+09
8.879999959888548844e+00 7.746496000000000000e+09
8.919999959707864079e+00 9.540056064000000000e+09
8.959999959527182867e+00 1.288931123200000000e+10
8.999999959346501655e+00 1.669046579200000000e+10
9.039999959165818666e+00 1.945121996800000000e+10
9.079999958985137454e+00 2.056636825600000000e+10
9.119999958804452689e+00 2.021370880000000000e+10
9.159999958623771477e+00 1.952687308800000000e+10
9.199999958443090264e+00 1.854930944000000000e+10
9.239999958262407276e+00 1.657650995200000000e+10
9.279999958081726064e+00 1.279516057600000000e+10
9.319999957901041299e+00 8.388173312000000000e+09
9.359999957720360086e+00 4.998490112000000000e+09
9.399999957539678874e+00 2.848287232000000000e+09
9.439999957358995886e+00 1.919823232000000000e+09
9.479999957178314673e+00 1.883955968000000000e+09
9.519999956997633461e+00 2.010175872000000000e+09
9.559999956816948696e+00 1.955602304000000000e+09
9.599999956636267484e+00 2.004809856000000000e+09
9.639999956455584496e+00 3.018875392000000000e+09
9.679999956274903283e+00 5.367639040000000000e+09
9.719999956094222071e+00 8.385849344000000000e+09
9.759999955913537306e+00 1.103145369600000000e+10
9.799999955732856094e+00 1.224559001600000000e+10
9.839999955552174882e+00 1.189505228800000000e+10
9.879999955371491893e+00 1.034163609600000000e+10
9.919999955190810681e+00 8.598315008000000000e+09
9.959999955010125916e+00 7.212506112000000000e+09
9.999999954829444704e+00 6.201071616000000000e+09
1.003999995464876349e+01 5.533266944000000000e+09
1.007999995446808050e+01 5.070414336000000000e+09
1.011999995428739929e+01 4.830582784000000000e+09
1.015999995410671808e+01 4.845835776000000000e+09
1.019999995392603331e+01 5.093504000000000000e+09
1.023999995374535210e+01 5.777204224000000000e+09
1.027999995356466911e+01 6.986572800000000000e+09
1.031999995338398790e+01 8.945577984000000000e+09
1.035999995320330669e+01 1.166359552000000000e+10
1.039999995302262192e+01 1.469187993600000000e+10
1.043999995284194071e+01 1.676268339200000000e+10
1.047999995266125772e+01 1.635129241600000000e+10
1.051999995248057651e+01 1.372621004800000000e+10
1.055999995229989530e+01 1.046134067200000000e+10
1.059999995211921409e+01 7.580435456000000000e+09
1.063999995193852932e+01 5.504078848000000000e+09
1.067999995175784633e+01 4.088930304000000000e+09
1.071999995157716512e+01 3.085994240000000000e+09
1.075999995139648391e+01 2.318578176000000000e+09
1.079999995121580270e+01 1.621172736000000000e+09
1.083999995103511793e+01 9.500060160000000000e+08
1.087999995085443672e+01 5.280822400000000000e+08
1.091999995067375373e+01 6.285253760000000000e+08
1.095999995049307252e+01 1.327605888000000000e+09
1.099999995031239131e+01 2.403966208000000000e+09
1.103999995013170654e+01 3.388851456000000000e+09
1.107999994995102533e+01 3.954874112000000000e+09
1.111999994977034234e+01 4.035518208000000000e+09
1.115999994958966113e+01 3.872982528000000000e+09
1.119999994940897992e+01 3.748086272000000000e+09
1.123999994922829870e+01 3.813416192000000000e+09
1.127999994904761394e+01 4.209963008000000000e+09
1.131999994886693095e+01 5.050029568000000000e+09
1.135999994868624974e+01 6.513539072000000000e+09
1.139999994850556853e+01 8.534383616000000000e+09
1.143999994832488731e+01 1.079066624000000000e+10
1.147999994814420255e+01 1.241614745600000000e+10
1.151999994796351956e+01 1.264879820800000000e+10
1.155999994778283835e+01 1.150352998400000000e+10
1.159999994760215714e+01 9.588497408000000000e+09
1.163999994742147592e+01 7.659324928000000000e+09
1.167999994724079293e+01 6.119799808000000000e+09
1.171999994706010817e+01 5.074039808000000000e+09
1.175999994687942696e+01 4.499134976000000000e+09
1.179999994669874575e+01 4.282886144000000000e+09
1.183999994651806453e+01 4.299020288000000000e+09
1.187999994633738332e+01 4.460038656000000000e+09
1.191999994615669856e+01 4.626925568000000000e+09
1.195999994597601557e+01 4.721207808000000000e+09
1.199999994579533436e+01 4.680523776000000000e+09
1.203999994561465314e+01 4.496289280000000000e+09
1.207999994543397193e+01 4.240383488000000000e+09
1.211999994525328717e+01 3.949749760000000000e+09
1.215999994507260418e+01 3.706864128000000000e+09
1.219999994489192296e+01 3.534388736000000000e+09
1.223999994471124175e+01 3.442525696000000000e+09
1.227999994453056054e+01 3.430525184000000000e+09
1.231999994434987755e+01 3.420615424000000000e+09
1.235999994416919279e+01 3.327181312000000000e+09
1.239999994398851157e+01 3.146499840000000000e+09
1.243999994380783036e+01 2.847074816000000000e+09
1.247999994362714915e+01 2.497966336000000000e+09
1.251999994344646616e+01 2.144885632000000000e+09
