# x = Time (fs); y = Power (W)
-1.155999994778284012e+01 1.821372416000000000e+09
-1.151999994796352311e+01 1.934597120000000000e+09
-1.147999994814420432e+01 1.944620160000000000e+09
-1.143999994832488731e+01 1.810172928000000000e+09
-1.139999994850557030e+01 1.500795008000000000e+09
-1.135999994868625151e+01 1.119121536000000000e+09
-1.131999994886693450e+01 7.703047040000000000e+08
-1.127999994904761571e+01 5.273971200000000000e+08
-1.123999994922829870e+01 4.004422080000000000e+08
-1.119999994940898169e+01 3.607757440000000000e+08
-1.115999994958966290e+01 3.910657600000000000e+08
-1.111999994977034589e+01 4.692365440000000000e+08
-1.107999994995102711e+01 5.675626240000000000e+08
-1.103999995013171009e+01 7.034820480000000000e+08
-1.099999995031239131e+01 8.560031360000000000e+08
-1.095999995049307429e+01 1.001733184000000000e+09
-1.091999995067375551e+01 1.133075584000000000e+09
-1.087999995085443850e+01 1.202529408000000000e+09
-1.083999995103512148e+01 1.203430016000000000e+09
-1.079999995121580270e+01 1.128256896000000000e+09
-1.075999995139648568e+01 1.001017408000000000e+09
-1.071999995157716690e+01 8.462613760000000000e+08
-1.067999995175784989e+01 7.053527680000000000e+08
-1.063999995193853110e+01 5.940592640000000000e+08
-1.059999995211921409e+01 5.609842560000000000e+08
-1.055999995229989707e+01 6.551524480000000000e+08
-1.051999995248057829e+01 9.460930560000000000e+08
-1.047999995266126128e+01 1.555401472000000000e+09
-1.043999995284194249e+01 2.589707776000000000e+09
-1.039999995302262548e+01 4.021708288000000000e+09
-1.035999995320330669e+01 5.508709888000000000e+09
-1.031999995338398968e+01 6.196418560000000000e+09
-1.027999995356467089e+01 5.781757952000000000e+09
-1.023999995374535388e+01 4.732467712000000000e+09
-1.019999995392603687e+01 3.512224256000000000e+09
-1.015999995410671808e+01 2.418519552000000000e+09
-1.011999995428740107e+01 1.529679744000000000e+09
-1.007999995446808228e+01 8.781414400000000000e+08
-1.003999995464876527e+01 4.429895360000000000e+08
-9.999999954829448257e+00 1.964500960000000000e+08
-9.959999955010129469e+00 8.563008000000000000e+07
-9.919999955190810681e+00 8.233262400000000000e+07
-9.879999955371493670e+00 2.184619520000000000e+08
-9.839999955552174882e+00 6.076148480000000000e+08
-9.799999955732859647e+00 1.490024576000000000e+09
-9.759999955913540859e+00 3.104624640000000000e+09
-9.719999956094222071e+00 5.271764992000000000e+09
-9.679999956274905060e+00 7.107382784000000000e+09
-9.639999956455586272e+00 7.985533440000000000e+09
-9.599999956636269260e+00 7.775470592000000000e+09
-9.559999956816952249e+00 6.837778432000000000e+09
-9.519999956997633461e+00 5.582757888000000000e+09
-9.479999957178316450e+00 4.291964416000000000e+09
-9.439999957358997662e+00 3.259283200000000000e+09
-9.399999957539680651e+00 2.395469056000000000e+09
-9.359999957720363639e+00 1.670750208000000000e+09
-9.319999957901044851e+00 1.171472896000000000e+09
-9.279999958081726064e+00 1.008372416000000000e+09
-9.239999958262409052e+00 1.293145728000000000e+09
-9.199999958443092041e+00 1.935961344000000000e+09
-9.159999958623775029e+00 2.765543936000000000e+09
-9.119999958804456242e+00 3.483831552000000000e+09
-9.079999958985137454e+00 3.768307712000000000e+09
-9.039999959165818666e+00 3.598409472000000000e+09
-8.999999959346501655e+00 3.122882048000000000e+09
-8.959999959527186419e+00 2.615781376000000000e+09
-8.919999959707867632e+00 2.331640576000000000e+09
-8.879999959888548844e+00 2.287339520000000000e+09
-8.839999960069230056e+00 2.414804992000000000e+09
-8.799999960249913045e+00 2.564194048000000000e+09
-8.759999960430597810e+00 2.520086528000000000e+09
-8.719999960611279022e+00 2.372056320000000000e+09
-8.679999960791960234e+00 2.209208064000000000e+09
-8.639999960972641446e+00 2.062017280000000000e+09
-8.599999961153324435e+00 1.985806336000000000e+09
-8.559999961334007423e+00 1.909230080000000000e+09
-8.519999961514690412e+00 1.743865984000000000e+09
-8.479999961695371624e+00 1.484466176000000000e+09
-8.439999961876052836e+00 1.100706688000000000e+09
-8.399999962056734049e+00 5.918336000000000000e+08
-8.359999962237418814e+00 1.966263200000000000e+08
-8.319999962418101802e+00 4.431744000000000000e+07
-8.279999962598783014e+00 7.481636800000000000e+07
-8.239999962779464227e+00 1.536463200000000000e+08
-8.199999962960145439e+00 2.149979680000000000e+08
-8.159999963140828427e+00 3.146003840000000000e+08
-8.119999963321513192e+00 4.023279040000000000e+08
-8.079999963502194404e+00 1.950020000000000000e+08
-8.039999963682875617e+00 3.173980480000000000e+08
-7.999999963863557717e+00 1.276625920000000000e+09
-7.959999964044240706e+00 2.379715072000000000e+09
-7.919999964224921918e+00 4.055135488000000000e+09
-7.879999964405605795e+00 7.947760128000000000e+09
-7.839999964586287007e+00 1.397620838400000000e+10
-7.799999964766968219e+00 2.092625715200000000e+10
-7.759999964947650319e+00 2.663421337600000000e+10
-7.719999965128333308e+00 2.806405120000000000e+10
-7.679999965309016297e+00 2.349372620800000000e+10
-7.639999965489698397e+00 1.662601932800000000e+10
-7.599999965670379609e+00 9.113593856000000000e+09
-7.559999965851061710e+00 4.483757056000000000e+09
-7.519999966031744698e+00 2.003030400000000000e+09
-7.479999966212426799e+00 7.506627840000000000e+08
-7.439999966393109787e+00 2.807905600000000000e+08
-7.399999966573790999e+00 1.313879680000000000e+08
-7.359999966754473100e+00 3.506674240000000000e+08
-7.319999966935154312e+00 9.061185280000000000e+08
-7.279999967115837300e+00 1.018190080000000000e+09
-7.239999967296521177e+00 1.694627840000000000e+08
-7.199999967477202389e+00 8.513595520000000000e+08
-7.159999967657884490e+00 4.840798208000000000e+09
-7.119999967838565702e+00 8.793101312000000000e+09
-7.079999968019248691e+00 9.801447424000000000e+09
-7.039999968199931679e+00 1.460659916800000000e+10
-6.999999968380612891e+00 2.352660889600000000e+10
-6.959999968561295880e+00 3.100258304000000000e+10
-6.919999968741977980e+00 3.086255923200000000e+10
-6.879999968922660081e+00 2.604894412800000000e+10
-6.839999969103342181e+00 1.859579494400000000e+10
-6.799999969284024282e+00 1.193913241600000000e+10
-6.759999969464706382e+00 7.726782464000000000e+09
-6.719999969645389370e+00 8.597523456000000000e+09
-6.679999969826070583e+00 1.445788876800000000e+10
-6.639999970006753571e+00 1.858716467200000000e+10
-6.599999970187435672e+00 1.717407436800000000e+10
-6.559999970368116884e+00 1.120822681600000000e+10
-6.519999970548799872e+00 5.564939776000000000e+09
-6.479999970729481973e+00 1.822238080000000000e+09
-6.439999970910164961e+00 4.029682240000000000e+08
-6.399999971090846174e+00 5.092073920000000000e+08
-6.359999971271528274e+00 2.022135808000000000e+09
-6.319999971452211263e+00 4.576870400000000000e+09
-6.279999971632893363e+00 5.460473344000000000e+09
-6.239999971813575463e+00 8.468484608000000000e+09
-6.199999971994257564e+00 1.622144512000000000e+10
-6.159999972174939664e+00 2.686795161600000000e+10
-6.119999972355622653e+00 3.666200576000000000e+10
-6.079999972536303865e+00 4.434896896000000000e+10
-6.039999972716985965e+00 4.657976115200000000e+10
-5.999999972897668954e+00 4.039424000000000000e+10
-5.959999973078351054e+00 2.889455411200000000e+10
-5.919999973259033155e+00 1.769904128000000000e+10
-5.879999973439715255e+00 1.028561305600000000e+10
-5.839999973620396467e+00 6.514983936000000000e+09
-5.799999973801080344e+00 4.423170560000000000e+09
-5.759999973981761556e+00 2.813754624000000000e+09
-5.719999974162444545e+00 1.326703232000000000e+09
-5.679999974343126645e+00 3.991683520000000000e+08
-5.639999974523807857e+00 3.607140800000000000e+08
-5.599999974704491734e+00 7.875135360000000000e+08
-5.559999974885172946e+00 1.862378624000000000e+09
-5.519999975065855047e+00 2.877273600000000000e+09
-5.479999975246538035e+00 2.111268608000000000e+09
-5.439999975427219248e+00 8.812575360000000000e+08
-5.399999975607903124e+00 8.285506560000000000e+08
-5.359999975788584337e+00 1.538427392000000000e+09
-5.319999975969265549e+00 1.252714320000000000e+08
-5.279999976149949426e+00 2.688768000000000000e+09
-5.239999976330630638e+00 6.313653248000000000e+09
-5.199999976511312738e+00 5.206908928000000000e+09
-5.159999976691995727e+00 1.275002265600000000e+10
-5.119999976872676939e+00 4.241145036800000000e+10
-5.079999977053359039e+00 8.254337024000000000e+10
-5.039999977234042028e+00 9.478267699200000000e+10
-4.999999977414724128e+00 7.089971200000000000e+10
-4.959999977595407117e+00 4.030653644800000000e+10
-4.919999977776088329e+00 2.360622080000000000e+10
-4.879999977956770429e+00 1.201507532800000000e+10
-4.839999978137453418e+00 2.627865600000000000e+09
-4.799999978318134630e+00 7.908965120000000000e+08
-4.759999978498816731e+00 2.344204288000000000e+09
-4.719999978679499719e+00 3.715971584000000000e+09
-4.679999978860181820e+00 4.585584640000000000e+09
-4.639999979040864808e+00 1.017179136000000000e+10
-4.599999979221546020e+00 1.926790144000000000e+10
-4.559999979402228121e+00 2.499298713600000000e+10
-4.519999979582911109e+00 2.204290252800000000e+10
-4.479999979763593210e+00 1.587152588800000000e+10
-4.439999979944274422e+00 1.056185548800000000e+10
-4.399999980124957411e+00 8.287598080000000000e+09
-4.359999980305639511e+00 8.321738240000000000e+09
-4.319999980486322499e+00 1.032941875200000000e+10
-4.279999980667003712e+00 1.543621222400000000e+10
-4.239999980847685812e+00 2.027276697600000000e+10
-4.199999981028368801e+00 2.314118553600000000e+10
-4.159999981209050901e+00 2.076590080000000000e+10
-4.119999981389732113e+00 1.313228288000000000e+10
-4.079999981570415102e+00 6.179649536000000000e+09
-4.039999981751097202e+00 3.622578944000000000e+09
-3.999999981931778859e+00 5.712449024000000000e+09
-3.959999982112461847e+00 1.241976012800000000e+10
-3.919999982293143503e+00 2.120586444800000000e+10
-3.879999982473826936e+00 3.076880588800000000e+10
-3.839999982654508148e+00 4.276466892800000000e+10
-3.799999982835189805e+00 6.157977600000000000e+10
-3.759999983015873237e+00 6.217577267200000000e+10
-3.719999983196554894e+00 3.004787712000000000e+10
-3.679999983377236550e+00 5.773783040000000000e+09
-3.639999983557919538e+00 1.352960000000000000e+10
-3.599999983738601195e+00 3.029785804800000000e+10
-3.559999983919284627e+00 3.671615488000000000e+10
-3.519999984099966284e+00 3.015837286400000000e+10
-3.479999984280647940e+00 2.041293619200000000e+10
-3.439999984461330929e+00 2.821342003200000000e+10
-3.399999984642012585e+00 5.029178163200000000e+10
-3.359999984822694241e+00 6.427392409600000000e+10
-3.319999985003377230e+00 6.041853542400000000e+10
-3.279999985184058886e+00 4.645551718400000000e+10
-3.239999985364742319e+00 3.196532531200000000e+10
-3.199999985545423975e+00 1.865125273600000000e+10
-3.159999985726105631e+00 8.044177408000000000e+09
-3.119999985906788620e+00 2.420269824000000000e+09
-3.079999986087470276e+00 6.067130880000000000e+08
-3.039999986268151932e+00 2.869128960000000000e+08
-2.999999986448835365e+00 1.270292640000000000e+08
-2.959999986629517021e+00 3.584196800000000000e+07
-2.919999986810200010e+00 1.308728640000000000e+08
-2.879999986990881666e+00 9.942110080000000000e+08
-2.839999987171563323e+00 3.418130944000000000e+09
-2.799999987352246311e+00 7.330143232000000000e+09
-2.759999987532927967e+00 1.193627136000000000e+10
-2.719999987713609624e+00 1.680428953600000000e+10
-2.679999987894293056e+00 1.926312140800000000e+10
-2.639999988074974713e+00 1.925902950400000000e+10
-2.599999988255656369e+00 1.432630579200000000e+10
-2.559999988436339358e+00 1.228161228800000000e+10
-2.519999988617021014e+00 1.215939584000000000e+10
-2.479999988797704447e+00 1.476870348800000000e+10
-2.439999988978386103e+00 1.656226508800000000e+10
-2.399999989159067315e+00 2.127291596800000000e+10
-2.359999989339750748e+00 2.773400985600000000e+10
-2.319999989520432404e+00 3.983455436800000000e+10
-2.279999989701114060e+00 5.658284851200000000e+10
-2.239999989881797049e+00 6.489937510400000000e+10
-2.199999990062478705e+00 4.698100531200000000e+10
-2.159999990243162138e+00 2.294717030400000000e+10
-2.119999990423843794e+00 8.157627392000000000e+09
-2.079999990604525451e+00 1.498334880000000000e+08
-2.039999990785208439e+00 7.158188032000000000e+09
-1.999999990965890095e+00 1.752950374400000000e+10
-1.959999991146571752e+00 3.690373939200000000e+10
-1.919999991327254962e+00 9.099323801600000000e+10
-1.879999991507936619e+00 1.310783651840000000e+11
-1.839999991688619829e+00 1.230982103040000000e+11
-1.799999991869301486e+00 7.705377177600000000e+10
-1.759999992049983142e+00 4.296180940800000000e+10
-1.719999992230666352e+00 3.259366604800000000e+10
-1.679999992411347787e+00 3.030943334400000000e+10
-1.639999992592029443e+00 1.955601817600000000e+10
-1.599999992772712654e+00 3.496772864000000000e+09
-1.559999992953394310e+00 6.259164800000000000e+08
-1.519999993134077521e+00 7.114079232000000000e+09
-1.479999993314759177e+00 2.252679168000000000e+10
-1.439999993495440833e+00 4.663026073600000000e+10
-1.399999993676124044e+00 7.353212108800000000e+10
-1.359999993856805700e+00 8.739394355200000000e+10
-1.319999994037487356e+00 7.710051532800000000e+10
-1.279999994218170567e+00 4.465325670400000000e+10
-1.239999994398852223e+00 1.090308505600000000e+10
-1.199999994579533658e+00 3.334314240000000000e+08
-1.159999994760216868e+00 2.458172160000000000e+09
-1.119999994940898524e+00 3.643988224000000000e+09
-1.079999995121581735e+00 2.248457984000000000e+09
-1.039999995302263391e+00 6.259080960000000000e+08
-9.999999954829450477e-01 2.549356960000000000e+08
-9.599999956636282583e-01 1.412253696000000000e+09
-9.199999958443099146e-01 5.768859136000000000e+09
-8.799999960249915709e-01 6.394609152000000000e+09
-8.399999962056747815e-01 2.747517184000000000e+09
-7.999999963863563268e-01 1.183236080000000000e+08
-7.599999965670395374e-01 1.095525632000000000e+09
-7.199999967477211937e-01 4.496092160000000000e+09
-6.799999969284028500e-01 8.852320256000000000e+09
-6.399999971090860607e-01 1.238888140800000000e+10
-5.999999972897677170e-01 1.214352281600000000e+10
-5.599999974704492622e-01 1.436407910400000000e+10
-5.199999976511324729e-01 1.691248537600000000e+10
-4.799999978318141292e-01 1.964131328000000000e+10
-4.399999980124973398e-01 2.311125196800000000e+10
-3.999999981931789961e-01 2.921656524800000000e+10
-3.599999983738605969e-01 3.489090764800000000e+10
-3.199999985545438075e-01 2.420199833600000000e+10
-2.799999987352254638e-01 7.385750016000000000e+09
-2.399999989159070646e-01 2.121495142400000000e+10
-1.999999990965902752e-01 6.616907776000000000e+10
-1.599999992772719037e-01 4.858142720000000000e+10
-1.199999994579535323e-01 4.214041600000000000e+09
-7.999999963863674290e-02 7.684966809600000000e+10
-3.999999981931837145e-02 1.463435755520000000e+11
-1.577721810442023611e-15 1.127069614080000000e+11
3.999999981931678938e-02 5.902480998400000000e+10
7.999999963863516084e-02 4.395947212800000000e+10
1.199999994579519502e-01 5.361138073600000000e+10
1.599999992772703217e-01 7.091183616000000000e+10
1.999999990965886931e-01 8.426308403200000000e+10
2.399999989159054825e-01 7.479921049600000000e+10
2.799999987352238540e-01 3.824380723200000000e+10
3.199999985545406433e-01 1.163539046400000000e+10
3.599999983738590426e-01 1.055496294400000000e+10
3.999999981931773863e-01 2.827493990400000000e+10
4.399999980124941756e-01 5.109576499200000000e+10
4.799999978318125748e-01 5.532637184000000000e+10
5.199999976511309185e-01 4.553029222400000000e+10
5.599999974704477079e-01 2.600463155200000000e+10
5.999999972897660516e-01 7.379056128000000000e+09
6.399999971090828410e-01 2.077435904000000000e+09
6.799999969284012957e-01 1.557685043200000000e+10
7.199999967477196394e-01 3.786511155200000000e+10
7.599999965670364288e-01 4.185534054400000000e+10
7.999999963863547725e-01 3.117557350400000000e+10
8.399999962056731162e-01 1.366300672000000000e+10
8.799999960249899056e-01 1.092283084800000000e+10
9.199999958443083603e-01 2.240942080000000000e+10
9.599999956636251497e-01 2.373798092800000000e+10
9.999999954829434934e-01 1.692330803200000000e+10
1.039999995302261837e+00 7.721931776000000000e+09
1.079999995121578626e+00 4.226231296000000000e+09
1.119999994940896970e+00 2.349600000000000000e+09
1.159999994760215314e+00 3.564412928000000000e+09
1.199999994579532103e+00 1.046150246400000000e+10
1.239999994398850447e+00 2.624366796800000000e+10
1.279999994218169013e+00 4.445531750400000000e+10
1.319999994037487356e+00 5.896120729600000000e+10
1.359999993856802591e+00 6.254651392000000000e+10
1.399999993676120935e+00 4.440802918400000000e+10
1.439999993495439279e+00 2.480568934400000000e+10
1.479999993314757623e+00 2.094079385600000000e+10
1.519999993134075966e+00 1.224769024000000000e+10
1.559999992953391201e+00 2.575706112000000000e+09
1.599999992772709545e+00 2.154089984000000000e+09
1.639999992592027889e+00 1.385592832000000000e+10
1.679999992411346232e+00 2.827985100800000000e+10
1.719999992230664798e+00 4.248424448000000000e+10
1.759999992049983142e+00 5.659267072000000000e+10
1.799999991869298377e+00 5.139903692800000000e+10
1.839999991688616721e+00 2.781868646400000000e+10
1.879999991507935064e+00 8.259226624000000000e+09
1.919999991327253408e+00 2.669163776000000000e+09
1.959999991146571752e+00 3.989519360000000000e+08
1.999999990965886987e+00 1.998607769600000000e+10
2.039999990785205330e+00 8.013800243200000000e+10
2.079999990604523674e+00 1.470760550400000000e+11
2.119999990423842018e+00 1.817285754880000000e+11
2.159999990243160362e+00 1.667313172480000000e+11
2.199999990062475597e+00 1.032040857600000000e+11
2.239999989881793940e+00 5.443081830400000000e+10
2.279999989701112284e+00 2.673322598400000000e+10
2.319999989520430628e+00 1.153009049600000000e+10
2.359999989339748971e+00 1.263432064000000000e+09
2.399999989159067315e+00 2.253173504000000000e+09
2.439999988978382550e+00 9.996571648000000000e+09
2.479999988797700894e+00 1.592784179200000000e+10
2.519999988617019682e+00 1.465183436800000000e+10
2.559999988436338025e+00 1.256910848000000000e+10
2.599999988255656369e+00 8.438939648000000000e+09
2.639999988074971604e+00 8.422285312000000000e+09
2.679999987894289948e+00 7.961894400000000000e+09
2.719999987713608292e+00 7.497731072000000000e+09
2.759999987532926635e+00 9.816788992000000000e+09
2.799999987352244979e+00 2.034462924800000000e+10
2.839999987171563323e+00 1.639879372800000000e+10
2.879999986990878558e+00 1.138808012800000000e+10
2.919999986810196901e+00 1.448283136000000000e+10
2.959999986629515245e+00 1.595501465600000000e+10
2.999999986448833589e+00 1.292125081600000000e+10
3.039999986268151932e+00 1.701394534400000000e+10
3.079999986087467168e+00 2.248530329600000000e+10
3.119999985906785511e+00 3.203756236800000000e+10
3.159999985726103855e+00 4.950296166400000000e+10
3.199999985545422199e+00 9.229586432000000000e+10
3.239999985364740542e+00 1.234609848320000000e+11
3.279999985184055777e+00 9.953441382400000000e+10
3.319999985003374121e+00 6.444816384000000000e+10
3.359999984822692465e+00 3.622912000000000000e+10
3.399999984642010808e+00 1.592266035200000000e+10
3.439999984461329596e+00 6.391312896000000000e+09
3.479999984280647940e+00 3.447831552000000000e+09
3.519999984099963175e+00 3.521405952000000000e+09
3.559999983919281519e+00 4.364419584000000000e+09
3.599999983738599862e+00 5.182576640000000000e+09
3.639999983557918206e+00 1.173627596800000000e+10
3.679999983377236550e+00 2.036239155200000000e+10
3.719999983196551785e+00 4.116503756800000000e+10
3.759999983015870129e+00 7.488680755200000000e+10
3.799999982835188472e+00 1.023344230400000000e+11
3.839999982654506816e+00 1.044274954240000000e+11
3.879999982473825160e+00 7.873839923200000000e+10
3.919999982293143503e+00 3.930116096000000000e+10
3.959999982112458738e+00 1.444337459200000000e+10
3.999999981931777082e+00 2.718843648000000000e+09
4.039999981751095426e+00 1.254933120000000000e+09
4.079999981570414214e+00 5.427343872000000000e+09
4.119999981389732113e+00 9.135248384000000000e+09
4.159999981209047348e+00 1.521584844800000000e+10
4.199999981028366136e+00 3.430764134400000000e+10
4.239999980847684036e+00 5.155897753600000000e+10
4.279999980667002824e+00 4.947816448000000000e+10
4.319999980486320723e+00 2.796808806400000000e+10
4.359999980305635958e+00 6.395780096000000000e+09
4.399999980124954746e+00 5.431744000000000000e+08
4.439999979944272646e+00 9.428947968000000000e+09
4.479999979763591433e+00 2.266944102400000000e+10
4.519999979582909333e+00 2.781551001600000000e+10
4.559999979402228121e+00 2.268020531200000000e+10
4.599999979221543356e+00 9.912491008000000000e+09
4.639999979040861255e+00 1.311309568000000000e+09
4.679999978860180043e+00 1.762183680000000000e+09
4.719999978679497943e+00 9.983216640000000000e+09
4.759999978498816731e+00 2.332640665600000000e+10
4.799999978318131966e+00 3.770377420800000000e+10
4.839999978137449865e+00 5.001213952000000000e+10
4.879999977956768653e+00 6.013606297600000000e+10
4.919999977776087441e+00 6.525958963200000000e+10
4.959999977595405340e+00 5.977967411200000000e+10
4.999999977414724128e+00 3.586860646400000000e+10
5.039999977234039363e+00 1.111941017600000000e+10
5.079999977053357263e+00 1.593456742400000000e+10
5.119999976872676051e+00 3.237758771200000000e+10
5.159999976691993950e+00 2.524804915200000000e+10
5.199999976511312738e+00 1.651062374400000000e+10
5.239999976330627973e+00 2.579816448000000000e+10
5.279999976149945873e+00 4.056710758400000000e+10
5.319999975969264661e+00 4.348833382400000000e+10
5.359999975788582560e+00 3.444931788800000000e+10
5.399999975607901348e+00 2.481409024000000000e+10
5.439999975427216583e+00 1.966924390400000000e+10
5.479999975246534483e+00 1.417641676800000000e+10
5.519999975065853270e+00 5.027034624000000000e+09
5.559999974885171170e+00 1.214145664000000000e+09
5.599999974704489958e+00 1.302341427200000000e+10
5.639999974523807857e+00 3.953324032000000000e+10
5.679999974343123093e+00 5.606546636800000000e+10
5.719999974162441880e+00 5.270589030400000000e+10
5.759999973981759780e+00 4.590258176000000000e+10
5.799999973801078568e+00 3.905296793600000000e+10
5.839999973620396467e+00 2.869898035200000000e+10
5.879999973439711702e+00 1.700889907200000000e+10
5.919999973259030490e+00 8.602528768000000000e+09
5.959999973078349278e+00 4.455948288000000000e+09
5.999999972897667178e+00 2.197481216000000000e+09
6.039999972716985965e+00 9.149621120000000000e+08
6.079999972536301200e+00 3.017014016000000000e+09
6.119999972355619100e+00 3.603898112000000000e+09
6.159999972174937888e+00 6.894742016000000000e+09
6.199999971994255787e+00 1.749967667200000000e+10
6.239999971813574575e+00 2.567396147200000000e+10
6.279999971632892475e+00 4.160011878400000000e+10
6.319999971452207710e+00 5.958077644800000000e+10
6.359999971271526498e+00 7.435005952000000000e+10
6.399999971090844397e+00 8.499565363200000000e+10
6.439999970910163185e+00 7.363767500800000000e+10
6.479999970729481085e+00 4.720002662400000000e+10
6.519999970548796320e+00 3.011296870400000000e+10
6.559999970368115108e+00 2.230445875200000000e+10
6.599999970187433007e+00 1.968084992000000000e+10
6.639999970006751795e+00 1.952474316800000000e+10
6.679999969826069695e+00 1.845035008000000000e+10
6.719999969645388482e+00 1.549479424000000000e+10
6.759999969464703717e+00 1.314275225600000000e+10
6.799999969284021617e+00 1.015026380800000000e+10
6.839999969103340405e+00 5.470798336000000000e+09
6.879999968922659193e+00 1.843655808000000000e+09
6.919999968741977092e+00 3.916137984000000000e+09
6.959999968561292327e+00 1.105753804800000000e+10
6.999999968380611115e+00 2.030094950400000000e+10
7.039999968199929015e+00 2.677751603200000000e+10
7.079999968019247802e+00 2.704222208000000000e+10
7.119999967838565702e+00 2.111817113600000000e+10
7.159999967657880937e+00 1.395336704000000000e+10
7.199999967477199725e+00 8.830761984000000000e+09
7.239999967296517625e+00 5.854019584000000000e+09
7.279999967115836412e+00 4.079366912000000000e+09
7.319999966935154312e+00 2.769877504000000000e+09
7.359999966754473100e+00 1.378291584000000000e+09
7.399999966573788335e+00 5.027549120000000000e+08
7.439999966393106234e+00 5.773123840000000000e+08
7.479999966212425022e+00 1.894804096000000000e+09
7.519999966031742922e+00 4.980620800000000000e+09
7.559999965851061710e+00 1.007719833600000000e+10
7.599999965670376945e+00 1.618213888000000000e+10
7.639999965489694844e+00 2.082139750400000000e+10
7.679999965309013632e+00 2.254958796800000000e+10
7.719999965128331532e+00 2.145728716800000000e+10
7.759999964947650319e+00 1.793929216000000000e+10
7.799999964766968219e+00 1.463014809600000000e+10
7.839999964586283454e+00 1.009691238400000000e+10
7.879999964405602242e+00 4.745730560000000000e+09
7.919999964224921030e+00 9.791135360000000000e+08
7.959999964044238929e+00 3.483457600000000000e+08
7.999999963863557717e+00 1.632846976000000000e+09
8.039999963682872064e+00 1.778452224000000000e+09
8.079999963502190852e+00 1.268091648000000000e+09
8.119999963321509640e+00 1.706711680000000000e+09
8.159999963140828427e+00 2.755509504000000000e+09
8.199999962960145439e+00 5.116352000000000000e+09
8.239999962779460674e+00 1.341950156800000000e+10
8.279999962598779462e+00 2.821925683200000000e+10
8.319999962418098249e+00 4.099070771200000000e+10
8.359999962237417037e+00 4.245235302400000000e+10
8.399999962056734049e+00 3.647551078400000000e+10
8.439999961876052836e+00 2.913506918400000000e+10
8.479999961695368071e+00 2.148491878400000000e+10
8.519999961514686859e+00 1.459686809600000000e+10
8.559999961334005647e+00 9.353098240000000000e+09
8.599999961153322658e+00 5.610202112000000000e+09
8.639999960972641446e+00 3.162034688000000000e+09
8.679999960791956681e+00 1.778742144000000000e+09
8.719999960611275469e+00 1.380867840000000000e+09
8.759999960430594257e+00 2.046251008000000000e+09
8.799999960249911268e+00 3.719645696000000000e+09
8.839999960069230056e+00 5.882184704000000000e+09
8.879999959888548844e+00 8.055059456000000000e+09
8.919999959707864079e+00 9.291566080000000000e+09
8.959999959527182867e+00 8.837026816000000000e+09
8.999999959346501655e+00 6.895619584000000000e+09
9.039999959165818666e+00 4.311109120000000000e+09
9.079999958985137454e+00 2.150921472000000000e+09
9.119999958804452689e+00 9.283043840000000000e+08
9.159999958623771477e+00 4.280560320000000000e+08
9.199999958443090264e+00 2.883700160000000000e+08
9.239999958262407276e+00 2.052674560000000000e+08
9.279999958081726064e+00 8.489358400000000000e+07
9.319999957901041299e+00 1.792134000000000000e+07
9.359999957720360086e+00 7.804017600000000000e+07
9.399999957539678874e+00 4.363944640000000000e+08
9.439999957358995886e+00 2.493146624000000000e+09
9.479999957178314673e+00 8.255240192000000000e+09
9.519999956997633461e+00 1.767599923200000000e+10
9.559999956816948696e+00 3.061698764800000000e+10
9.599999956636267484e+00 4.661911961600000000e+10
9.639999956455584496e+00 5.675672780800000000e+10
9.679999956274903283e+00 5.097008742400000000e+10
9.719999956094222071e+00 3.447773184000000000e+10
9.759999955913537306e+00 1.895945830400000000e+10
9.799999955732856094e+00 9.298980864000000000e+09
9.839999955552174882e+00 4.139466752000000000e+09
9.879999955371491893e+00 1.684718976000000000e+09
9.919999955190810681e+00 6.501509120000000000e+08
9.959999955010125916e+00 2.868334720000000000e+08
9.999999954829444704e+00 2.425622560000000000e+08
1.003999995464876349e+01 2.719875520000000000e+08
1.007999995446808050e+01 2.336474720000000000e+08
1.011999995428739929e+01 1.901200000000000000e+08
1.015999995410671808e+01 3.964969920000000000e+08
1.019999995392603331e+01 1.153002624000000000e+09
1.023999995374535210e+01 2.640080128000000000e+09
1.027999995356466911e+01 4.775799296000000000e+09
1.031999995338398790e+01 7.234952704000000000e+09
1.035999995320330669e+01 9.669785600000000000e+09
1.039999995302262192e+01 1.134775398400000000e+10
1.043999995284194071e+01 1.171546521600000000e+10
1.047999995266125772e+01 1.078158745600000000e+10
1.051999995248057651e+01 9.031379968000000000e+09
1.055999995229989530e+01 7.195599872000000000e+09
1.059999995211921409e+01 5.558381568000000000e+09
1.063999995193852932e+01 4.184944128000000000e+09
1.067999995175784633e+01 3.103592192000000000e+09
1.071999995157716512e+01 2.317479168000000000e+09
1.075999995139648391e+01 1.747883008000000000e+09
1.079999995121580270e+01 1.399491456000000000e+09
1.083999995103511793e+01 1.197046912000000000e+09
1.087999995085443672e+01 1.089755776000000000e+09
1.091999995067375373e+01 1.103218560000000000e+09
1.095999995049307252e+01 1.231568512000000000e+09
1.099999995031239131e+01 1.491995264000000000e+09
1.103999995013170654e+01 2.010855936000000000e+09
1.107999994995102533e+01 2.905088256000000000e+09
1.111999994977034234e+01 4.366635008000000000e+09
1.115999994958966113e+01 6.554360320000000000e+09
1.119999994940897992e+01 9.534300160000000000e+09
1.123999994922829870e+01 1.313730252800000000e+10
1.127999994904761394e+01 1.633188044800000000e+10
1.131999994886693095e+01 1.752337408000000000e+10
1.135999994868624974e+01 1.556623257600000000e+10
1.139999994850556853e+01 1.139110400000000000e+10
1.143999994832488731e+01 7.092102144000000000e+09
1.147999994814420255e+01 3.842353408000000000e+09
1.151999994796351956e+01 1.827187328000000000e+09
1.155999994778283835e+01 7.843133440000000000e+08
1.159999994760215714e+01 3.263113920000000000e+08
1.163999994742147592e+01 1.836559840000000000e+08
1.167999994724079293e+01 1.928074880000000000e+08
1.171999994706010817e+01 2.731279680000000000e+08
1.175999994687942696e+01 3.910982400000000000e+08
1.179999994669874575e+01 5.515653120000000000e+08
1.183999994651806453e+01 7.565153280000000000e+08
1.187999994633738332e+01 1.027858368000000000e+09
1.191999994615669856e+01 1.420924672000000000e+09
1.195999994597601557e+01 1.957272192000000000e+09
1.199999994579533436e+01 2.682145280000000000e+09
1.203999994561465314e+01 3.693647360000000000e+09
1.207999994543397193e+01 4.921473024000000000e+09
1.211999994525328717e+01 6.355186176000000000e+09
1.215999994507260418e+01 7.737952256000000000e+09
1.219999994489192296e+01 8.571457536000000000e+09
1.223999994471124175e+01 8.448307200000000000e+09
1.227999994453056054e+01 7.275865600000000000e+09
1.231999994434987755e+01 5.365556224000000000e+09
1.235999994416919279e+01 3.391500800000000000e+09
