# x = Time (fs); y = Power (W)
-1.119999994940898169e+01 2.580414720000000000e+09
-1.115999994958966290e+01 3.487036160000000000e+09
-1.111999994977034589e+01 4.602047488000000000e+09
-1.107999994995102711e+01 5.811361792000000000e+09
-1.103999995013171009e+01 6.878598144000000000e+09
-1.099999995031239131e+01 7.469342720000000000e+09
-1.095999995049307429e+01 7.144167936000000000e+09
-1.091999995067375551e+01 5.808901632000000000e+09
-1.087999995085443850e+01 3.872132352000000000e+09
-1.083999995103512148e+01 2.068790144000000000e+09
-1.079999995121580270e+01 8.900005120000000000e+08
-1.075999995139648568e+01 3.149293120000000000e+08
-1.071999995157716690e+01 1.324671840000000000e+08
-1.067999995175784989e+01 1.458621440000000000e+08
-1.063999995193853110e+01 2.116992800000000000e+08
-1.059999995211921409e+01 2.729325440000000000e+08
-1.055999995229989707e+01 2.985290560000000000e+08
-1.051999995248057829e+01 2.957832960000000000e+08
-1.047999995266126128e+01 2.878637440000000000e+08
-1.043999995284194249e+01 2.754342080000000000e+08
-1.039999995302262548e+01 2.651664160000000000e+08
-1.035999995320330669e+01 2.778432000000000000e+08
-1.031999995338398968e+01 3.125509760000000000e+08
-1.027999995356467089e+01 3.664020800000000000e+08
-1.023999995374535388e+01 4.540664960000000000e+08
-1.019999995392603687e+01 5.827594240000000000e+08
-1.015999995410671808e+01 7.435089280000000000e+08
-1.011999995428740107e+01 9.703952000000000000e+08
-1.007999995446808228e+01 1.288274304000000000e+09
-1.003999995464876527e+01 1.667574912000000000e+09
-9.999999954829448257e+00 2.143211008000000000e+09
-9.959999955010129469e+00 2.676819200000000000e+09
-9.919999955190810681e+00 3.113296640000000000e+09
-9.879999955371493670e+00 3.312365056000000000e+09
-9.839999955552174882e+00 3.179814656000000000e+09
-9.799999955732859647e+00 2.737642496000000000e+09
-9.759999955913540859e+00 2.186442496000000000e+09
-9.719999956094222071e+00 1.619390464000000000e+09
-9.679999956274905060e+00 1.070189952000000000e+09
-9.639999956455586272e+00 6.334238720000000000e+08
-9.599999956636269260e+00 3.402286400000000000e+08
-9.559999956816952249e+00 1.593317280000000000e+08
-9.519999956997633461e+00 9.647616000000000000e+07
-9.479999957178316450e+00 1.444954720000000000e+08
-9.439999957358997662e+00 4.202646080000000000e+08
-9.399999957539680651e+00 1.164306432000000000e+09
-9.359999957720363639e+00 2.641399296000000000e+09
-9.319999957901044851e+00 4.929917952000000000e+09
-9.279999958081726064e+00 7.214474752000000000e+09
-9.239999958262409052e+00 8.701955072000000000e+09
-9.199999958443092041e+00 9.230373888000000000e+09
-9.159999958623775029e+00 8.746390528000000000e+09
-9.119999958804456242e+00 7.463063040000000000e+09
-9.079999958985137454e+00 5.641256448000000000e+09
-9.039999959165818666e+00 3.795516928000000000e+09
-8.999999959346501655e+00 2.322868992000000000e+09
-8.959999959527186419e+00 1.299730816000000000e+09
-8.919999959707867632e+00 6.990259200000000000e+08
-8.879999959888548844e+00 3.766691520000000000e+08
-8.839999960069230056e+00 2.085665920000000000e+08
-8.799999960249913045e+00 1.372444640000000000e+08
-8.759999960430597810e+00 9.608260800000000000e+07
-8.719999960611279022e+00 6.805293600000000000e+07
-8.679999960791960234e+00 5.074110400000000000e+07
-8.639999960972641446e+00 9.191772000000000000e+07
-8.599999961153324435e+00 2.388855200000000000e+08
-8.559999961334007423e+00 5.015642880000000000e+08
-8.519999961514690412e+00 7.878727040000000000e+08
-8.479999961695371624e+00 9.431303680000000000e+08
-8.439999961876052836e+00 1.002783616000000000e+09
-8.399999962056734049e+00 1.188943104000000000e+09
-8.359999962237418814e+00 1.392169984000000000e+09
-8.319999962418101802e+00 1.578099712000000000e+09
-8.279999962598783014e+00 1.947196544000000000e+09
-8.239999962779464227e+00 2.561996800000000000e+09
-8.199999962960145439e+00 4.041821952000000000e+09
-8.159999963140828427e+00 7.195871232000000000e+09
-8.119999963321513192e+00 1.198883328000000000e+10
-8.079999963502194404e+00 1.726562508800000000e+10
-8.039999963682875617e+00 2.097643110400000000e+10
-7.999999963863557717e+00 2.114064998400000000e+10
-7.959999964044240706e+00 1.835236966400000000e+10
-7.919999964224921918e+00 1.409798656000000000e+10
-7.879999964405605795e+00 1.044704563200000000e+10
-7.839999964586287007e+00 7.404342272000000000e+09
-7.799999964766968219e+00 5.276861952000000000e+09
-7.759999964947650319e+00 4.394522112000000000e+09
-7.719999965128333308e+00 3.673364480000000000e+09
-7.679999965309016297e+00 2.594394624000000000e+09
-7.639999965489698397e+00 1.675277824000000000e+09
-7.599999965670379609e+00 9.324966400000000000e+08
-7.559999965851061710e+00 4.411402560000000000e+08
-7.519999966031744698e+00 3.992881600000000000e+08
-7.479999966212426799e+00 8.851106560000000000e+08
-7.439999966393109787e+00 1.645449728000000000e+09
-7.399999966573790999e+00 2.110784000000000000e+09
-7.359999966754473100e+00 2.397779456000000000e+09
-7.319999966935154312e+00 3.484191744000000000e+09
-7.279999967115837300e+00 7.501864960000000000e+09
-7.239999967296521177e+00 1.686689792000000000e+10
-7.199999967477202389e+00 3.110190694400000000e+10
-7.159999967657884490e+00 4.417513472000000000e+10
-7.119999967838565702e+00 4.876315443200000000e+10
-7.079999968019248691e+00 4.345495142400000000e+10
-7.039999968199931679e+00 3.285401190400000000e+10
-6.999999968380612891e+00 2.218669875200000000e+10
-6.959999968561295880e+00 1.284397158400000000e+10
-6.919999968741977980e+00 6.442166272000000000e+09
-6.879999968922660081e+00 2.663025664000000000e+09
-6.839999969103342181e+00 7.362540800000000000e+08
-6.799999969284024282e+00 7.113109600000000000e+07
-6.759999969464706382e+00 6.762970400000000000e+07
-6.719999969645389370e+00 3.090593280000000000e+08
-6.679999969826070583e+00 8.072266240000000000e+08
-6.639999970006753571e+00 1.855054080000000000e+09
-6.599999970187435672e+00 2.975878400000000000e+09
-6.559999970368116884e+00 4.008771072000000000e+09
-6.519999970548799872e+00 4.858992640000000000e+09
-6.479999970729481973e+00 5.004197376000000000e+09
-6.439999970910164961e+00 5.751709184000000000e+09
-6.399999971090846174e+00 6.477197312000000000e+09
-6.359999971271528274e+00 7.567593472000000000e+09
-6.319999971452211263e+00 7.543669248000000000e+09
-6.279999971632893363e+00 4.279796992000000000e+09
-6.239999971813575463e+00 1.112686208000000000e+09
-6.199999971994257564e+00 9.561811200000000000e+08
-6.159999972174939664e+00 5.411030528000000000e+09
-6.119999972355622653e+00 1.281199001600000000e+10
-6.079999972536303865e+00 1.957180620800000000e+10
-6.039999972716985965e+00 2.106722918400000000e+10
-5.999999972897668954e+00 1.812965171200000000e+10
-5.959999973078351054e+00 1.355731558400000000e+10
-5.919999973259033155e+00 9.091208192000000000e+09
-5.879999973439715255e+00 6.670878208000000000e+09
-5.839999973620396467e+00 5.906859520000000000e+09
-5.799999973801080344e+00 5.728107520000000000e+09
-5.759999973981761556e+00 4.588474368000000000e+09
-5.719999974162444545e+00 2.621879040000000000e+09
-5.679999974343126645e+00 6.924224000000000000e+08
-5.639999974523807857e+00 2.362877440000000000e+08
-5.599999974704491734e+00 1.901194880000000000e+09
-5.559999974885172946e+00 4.592024576000000000e+09
-5.519999975065855047e+00 8.146555904000000000e+09
-5.479999975246538035e+00 1.312407552000000000e+10
-5.439999975427219248e+00 1.896001126400000000e+10
-5.399999975607903124e+00 2.308293836800000000e+10
-5.359999975788584337e+00 2.341878784000000000e+10
-5.319999975969265549e+00 2.189904896000000000e+10
-5.279999976149949426e+00 2.156461875200000000e+10
-5.239999976330630638e+00 2.700375244800000000e+10
-5.199999976511312738e+00 3.930615398400000000e+10
-5.159999976691995727e+00 4.958062592000000000e+10
-5.119999976872676939e+00 5.611200102400000000e+10
-5.079999977053359039e+00 5.484343296000000000e+10
-5.039999977234042028e+00 4.993569177600000000e+10
-4.999999977414724128e+00 3.776770048000000000e+10
-4.959999977595407117e+00 2.191287910400000000e+10
-4.919999977776088329e+00 9.653486592000000000e+09
-4.879999977956770429e+00 2.570367232000000000e+09
-4.839999978137453418e+00 1.132271104000000000e+09
-4.799999978318134630e+00 2.322187776000000000e+09
-4.759999978498816731e+00 2.705091328000000000e+09
-4.719999978679499719e+00 1.326472320000000000e+09
-4.679999978860181820e+00 6.697446400000000000e+08
-4.639999979040864808e+00 3.133226752000000000e+09
-4.599999979221546020e+00 6.108411904000000000e+09
-4.559999979402228121e+00 8.866526208000000000e+09
-4.519999979582911109e+00 1.104097382400000000e+10
-4.479999979763593210e+00 1.269159321600000000e+10
-4.439999979944274422e+00 1.453128806400000000e+10
-4.399999980124957411e+00 1.351226368000000000e+10
-4.359999980305639511e+00 1.001348300800000000e+10
-4.319999980486322499e+00 1.082031513600000000e+10
-4.279999980667003712e+00 1.240771686400000000e+10
-4.239999980847685812e+00 6.383506432000000000e+09
-4.199999981028368801e+00 9.919692160000000000e+08
-4.159999981209050901e+00 1.269494067200000000e+10
-4.119999981389732113e+00 3.673622528000000000e+10
-4.079999981570415102e+00 5.915889254400000000e+10
-4.039999981751097202e+00 5.689849856000000000e+10
-3.999999981931778859e+00 3.488139264000000000e+10
-3.959999982112461847e+00 1.259958169600000000e+10
-3.919999982293143503e+00 5.606417408000000000e+09
-3.879999982473826936e+00 1.842274508800000000e+10
-3.839999982654508148e+00 3.076393369600000000e+10
-3.799999982835189805e+00 3.649039155200000000e+10
-3.759999983015873237e+00 3.586209792000000000e+10
-3.719999983196554894e+00 3.330921267200000000e+10
-3.679999983377236550e+00 3.038749696000000000e+10
-3.639999983557919538e+00 2.629558272000000000e+10
-3.599999983738601195e+00 2.246926336000000000e+10
-3.559999983919284627e+00 2.664791040000000000e+10
-3.519999984099966284e+00 3.518947328000000000e+10
-3.479999984280647940e+00 3.383614873600000000e+10
-3.439999984461330929e+00 2.223648972800000000e+10
-3.399999984642012585e+00 9.488028672000000000e+09
-3.359999984822694241e+00 1.054344294400000000e+10
-3.319999985003377230e+00 2.028511641600000000e+10
-3.279999985184058886e+00 3.283081830400000000e+10
-3.239999985364742319e+00 4.165280153600000000e+10
-3.199999985545423975e+00 4.496134963200000000e+10
-3.159999985726105631e+00 3.767999283200000000e+10
-3.119999985906788620e+00 2.545492992000000000e+10
-3.079999986087470276e+00 1.779185459200000000e+10
-3.039999986268151932e+00 1.366884864000000000e+10
-2.999999986448835365e+00 1.011606732800000000e+10
-2.959999986629517021e+00 5.251393536000000000e+09
-2.919999986810200010e+00 3.274488576000000000e+09
-2.879999986990881666e+00 1.329864832000000000e+09
-2.839999987171563323e+00 3.336320256000000000e+09
-2.799999987352246311e+00 1.453334323200000000e+10
-2.759999987532927967e+00 3.316084121600000000e+10
-2.719999987713609624e+00 4.378368000000000000e+10
-2.679999987894293056e+00 3.717963776000000000e+10
-2.639999988074974713e+00 2.020325376000000000e+10
-2.599999988255656369e+00 7.687589376000000000e+09
-2.559999988436339358e+00 3.152278528000000000e+09
-2.519999988617021014e+00 4.094260736000000000e+09
-2.479999988797704447e+00 7.279127040000000000e+09
-2.439999988978386103e+00 8.599821312000000000e+09
-2.399999989159067315e+00 5.017365504000000000e+09
-2.359999989339750748e+00 6.938770560000000000e+08
-2.319999989520432404e+00 1.288604544000000000e+09
-2.279999989701114060e+00 3.019315712000000000e+09
-2.239999989881797049e+00 4.005910528000000000e+09
-2.199999990062478705e+00 9.708940288000000000e+09
-2.159999990243162138e+00 1.958306816000000000e+10
-2.119999990423843794e+00 1.320543129600000000e+10
-2.079999990604525451e+00 3.286771712000000000e+09
-2.039999990785208439e+00 9.206330880000000000e+08
-1.999999990965890095e+00 6.879572992000000000e+09
-1.959999991146571752e+00 3.047294976000000000e+10
-1.919999991327254962e+00 7.655419904000000000e+10
-1.879999991507936619e+00 1.192354529280000000e+11
-1.839999991688619829e+00 1.196806881280000000e+11
-1.799999991869301486e+00 8.760926208000000000e+10
-1.759999992049983142e+00 5.551602892800000000e+10
-1.719999992230666352e+00 3.403155660800000000e+10
-1.679999992411347787e+00 1.667390771200000000e+10
-1.639999992592029443e+00 4.065609216000000000e+09
-1.599999992772712654e+00 4.237013120000000000e+08
-1.559999992953394310e+00 1.141957504000000000e+09
-1.519999993134077521e+00 1.225794160000000000e+08
-1.479999993314759177e+00 3.694532096000000000e+09
-1.439999993495440833e+00 1.388258406400000000e+10
-1.399999993676124044e+00 3.149171097600000000e+10
-1.359999993856805700e+00 4.001393049600000000e+10
-1.319999994037487356e+00 2.341615206400000000e+10
-1.279999994218170567e+00 7.780797952000000000e+09
-1.239999994398852223e+00 2.461427968000000000e+09
-1.199999994579533658e+00 1.734036608000000000e+09
-1.159999994760216868e+00 7.718900224000000000e+09
-1.119999994940898524e+00 3.383776665600000000e+10
-1.079999995121581735e+00 7.005617356800000000e+10
-1.039999995302263391e+00 9.560099225600000000e+10
-9.999999954829450477e-01 8.624129638400000000e+10
-9.599999956636282583e-01 4.710014156800000000e+10
-9.199999958443099146e-01 1.188199628800000000e+10
-8.799999960249915709e-01 2.251708825600000000e+10
-8.399999962056747815e-01 5.693530112000000000e+10
-7.999999963863563268e-01 5.343016960000000000e+10
-7.599999965670395374e-01 4.332375654400000000e+10
-7.199999967477211937e-01 4.657197875200000000e+10
-6.799999969284028500e-01 4.376371609600000000e+10
-6.399999971090860607e-01 3.047244800000000000e+10
-5.999999972897677170e-01 2.295090585600000000e+10
-5.599999974704492622e-01 1.658984755200000000e+10
-5.199999976511324729e-01 1.732833075200000000e+10
-4.799999978318141292e-01 2.771428352000000000e+10
-4.399999980124973398e-01 5.042123161600000000e+10
-3.999999981931789961e-01 9.179158937600000000e+10
-3.599999983738605969e-01 1.171434045440000000e+11
-3.199999985545438075e-01 1.034339696640000000e+11
-2.799999987352254638e-01 4.974863155200000000e+10
-2.399999989159070646e-01 1.078765056000000000e+10
-1.999999990965902752e-01 4.161104640000000000e+08
-1.599999992772719037e-01 1.085363609600000000e+10
-1.199999994579535323e-01 2.395740774400000000e+10
-7.999999963863674290e-02 2.130956697600000000e+10
-3.999999981931837145e-02 9.571463168000000000e+09
-1.577721810442023611e-15 1.912681267200000000e+10
3.999999981931678938e-02 4.520344780800000000e+10
7.999999963863516084e-02 5.170991104000000000e+10
1.199999994579519502e-01 3.722201088000000000e+10
1.599999992772703217e-01 2.371502694400000000e+10
1.999999990965886931e-01 9.194531840000000000e+09
2.399999989159054825e-01 2.018912512000000000e+09
2.799999987352238540e-01 4.046475264000000000e+09
3.199999985545406433e-01 4.056563200000000000e+09
3.599999983738590426e-01 7.874611200000000000e+08
3.999999981931773863e-01 1.532058624000000000e+09
4.399999980124941756e-01 1.300853888000000000e+09
4.799999978318125748e-01 2.838415360000000000e+09
5.199999976511309185e-01 6.010147328000000000e+09
5.599999974704477079e-01 7.592355840000000000e+09
5.999999972897660516e-01 2.229829222400000000e+10
6.399999971090828410e-01 6.833396531200000000e+10
6.799999969284012957e-01 1.197915258880000000e+11
7.199999967477196394e-01 1.379595223040000000e+11
7.599999965670364288e-01 8.443884339200000000e+10
7.999999963863547725e-01 2.941418496000000000e+10
8.399999962056731162e-01 4.143014656000000000e+09
8.799999960249899056e-01 1.069497958400000000e+10
9.199999958443083603e-01 3.091714048000000000e+10
9.599999956636251497e-01 4.072593408000000000e+10
9.999999954829434934e-01 3.791030681600000000e+10
1.039999995302261837e+00 2.559759564800000000e+10
1.079999995121578626e+00 1.768678195200000000e+10
1.119999994940896970e+00 1.093053747200000000e+10
1.159999994760215314e+00 7.898858496000000000e+09
1.199999994579532103e+00 5.488972288000000000e+09
1.239999994398850447e+00 2.039703808000000000e+09
1.279999994218169013e+00 1.778948160000000000e+08
1.319999994037487356e+00 2.379682304000000000e+09
1.359999993856802591e+00 1.086210764800000000e+10
1.399999993676120935e+00 1.370697625600000000e+10
1.439999993495439279e+00 8.274990080000000000e+09
1.479999993314757623e+00 2.426689126400000000e+10
1.519999993134075966e+00 3.036793446400000000e+10
1.559999992953391201e+00 1.315977216000000000e+10
1.599999992772709545e+00 2.106547404800000000e+10
1.639999992592027889e+00 6.476492390400000000e+10
1.679999992411346232e+00 1.487693250560000000e+11
1.719999992230664798e+00 2.028674252800000000e+11
1.759999992049983142e+00 1.742931394560000000e+11
1.799999991869298377e+00 1.044350730240000000e+11
1.839999991688616721e+00 5.057619148800000000e+10
1.879999991507935064e+00 2.489027993600000000e+10
1.919999991327253408e+00 2.660458700800000000e+10
1.959999991146571752e+00 3.360090316800000000e+10
1.999999990965886987e+00 3.224057036800000000e+10
2.039999990785205330e+00 2.414961459200000000e+10
2.079999990604523674e+00 1.116702208000000000e+10
2.119999990423842018e+00 1.735021696000000000e+09
2.159999990243160362e+00 1.838190336000000000e+09
2.199999990062475597e+00 6.829481472000000000e+09
2.239999989881793940e+00 1.441935974400000000e+10
2.279999989701112284e+00 1.880390451200000000e+10
2.319999989520430628e+00 1.845460172800000000e+10
2.359999989339748971e+00 8.128984064000000000e+09
2.399999989159067315e+00 3.719513344000000000e+09
2.439999988978382550e+00 6.334068736000000000e+09
2.479999988797700894e+00 4.990892032000000000e+09
2.519999988617019682e+00 8.013415680000000000e+08
2.559999988436338025e+00 3.407341312000000000e+09
2.599999988255656369e+00 2.938992230400000000e+10
2.639999988074971604e+00 6.420569702400000000e+10
2.679999987894289948e+00 7.209934848000000000e+10
2.719999987713608292e+00 4.845190348800000000e+10
2.759999987532926635e+00 3.260484198400000000e+10
2.799999987352244979e+00 3.742877286400000000e+10
2.839999987171563323e+00 5.888005734400000000e+10
2.879999986990878558e+00 6.979514368000000000e+10
2.919999986810196901e+00 5.600593510400000000e+10
2.959999986629515245e+00 3.731743948800000000e+10
2.999999986448833589e+00 2.279882137600000000e+10
3.039999986268151932e+00 9.407395840000000000e+09
3.079999986087467168e+00 4.317860864000000000e+09
3.119999985906785511e+00 1.637120640000000000e+09
3.159999985726103855e+00 1.541494656000000000e+09
3.199999985545422199e+00 1.040534323200000000e+10
3.239999985364740542e+00 3.098356940800000000e+10
3.279999985184055777e+00 5.706233856000000000e+10
3.319999985003374121e+00 6.766492467200000000e+10
3.359999984822692465e+00 5.732966400000000000e+10
3.399999984642010808e+00 2.559663718400000000e+10
3.439999984461329596e+00 1.860358144000000000e+09
3.479999984280647940e+00 1.134079180800000000e+10
3.519999984099963175e+00 4.265859481600000000e+10
3.559999983919281519e+00 6.471755776000000000e+10
3.599999983738599862e+00 5.095184793600000000e+10
3.639999983557918206e+00 2.333688832000000000e+10
3.679999983377236550e+00 7.747479552000000000e+09
3.719999983196551785e+00 9.007924224000000000e+09
3.759999983015870129e+00 1.774765465600000000e+10
3.799999982835188472e+00 2.345780224000000000e+10
3.839999982654506816e+00 2.190948966400000000e+10
3.879999982473825160e+00 1.582883942400000000e+10
3.919999982293143503e+00 1.144684646400000000e+10
3.959999982112458738e+00 7.742148096000000000e+09
3.999999981931777082e+00 4.342568448000000000e+09
4.039999981751095426e+00 1.942169216000000000e+09
4.079999981570414214e+00 3.157509376000000000e+09
4.119999981389732113e+00 1.243810304000000000e+10
4.159999981209047348e+00 2.900889395200000000e+10
4.199999981028366136e+00 3.705955532800000000e+10
4.239999980847684036e+00 3.139038617600000000e+10
4.279999980667002824e+00 2.609848729600000000e+10
4.319999980486320723e+00 3.486350540800000000e+10
4.359999980305635958e+00 4.019847987200000000e+10
4.399999980124954746e+00 2.360637030400000000e+10
4.439999979944272646e+00 6.924277760000000000e+09
4.479999979763591433e+00 2.891547840000000000e+08
4.519999979582909333e+00 2.461265920000000000e+09
4.559999979402228121e+00 8.726670336000000000e+09
4.599999979221543356e+00 1.325703270400000000e+10
4.639999979040861255e+00 1.089941606400000000e+10
4.679999978860180043e+00 1.253316608000000000e+10
4.719999978679497943e+00 4.561491968000000000e+10
4.759999978498816731e+00 9.937809408000000000e+10
4.799999978318131966e+00 1.365072855040000000e+11
4.839999978137449865e+00 1.155685662720000000e+11
4.879999977956768653e+00 4.631308288000000000e+10
4.919999977776087441e+00 1.510196838400000000e+10
4.959999977595405340e+00 3.341546905600000000e+10
4.999999977414724128e+00 4.488438988800000000e+10
5.039999977234039363e+00 4.519209369600000000e+10
5.079999977053357263e+00 3.526615040000000000e+10
5.119999976872676051e+00 1.738396057600000000e+10
5.159999976691993950e+00 9.338808320000000000e+09
5.199999976511312738e+00 1.091938099200000000e+10
5.239999976330627973e+00 1.501560320000000000e+10
5.279999976149945873e+00 1.456765747200000000e+10
5.319999975969264661e+00 1.876873420800000000e+10
5.359999975788582560e+00 2.565021900800000000e+10
5.399999975607901348e+00 3.640552243200000000e+10
5.439999975427216583e+00 4.364317081600000000e+10
5.479999975246534483e+00 3.621740544000000000e+10
5.519999975065853270e+00 3.254211788800000000e+10
5.559999974885171170e+00 3.869240524800000000e+10
5.599999974704489958e+00 5.091655680000000000e+10
5.639999974523807857e+00 4.817935974400000000e+10
5.679999974343123093e+00 3.446653747200000000e+10
5.719999974162441880e+00 2.428470272000000000e+10
5.759999973981759780e+00 2.013335756800000000e+10
5.799999973801078568e+00 2.022917939200000000e+10
5.839999973620396467e+00 2.447228108800000000e+10
5.879999973439711702e+00 2.910605312000000000e+10
5.919999973259030490e+00 2.804155187200000000e+10
5.959999973078349278e+00 1.999065907200000000e+10
5.999999972897667178e+00 1.031869542400000000e+10
6.039999972716985965e+00 1.651027072000000000e+09
6.079999972536301200e+00 6.235667200000000000e+08
6.119999972355619100e+00 2.585198848000000000e+09
6.159999972174937888e+00 5.541736960000000000e+09
6.199999971994255787e+00 1.196223692800000000e+10
6.239999971813574575e+00 1.919072256000000000e+10
6.279999971632892475e+00 2.661342208000000000e+10
6.319999971452207710e+00 3.641967411200000000e+10
6.359999971271526498e+00 4.422459801600000000e+10
6.399999971090844397e+00 4.016280371200000000e+10
6.439999970910163185e+00 3.253534310400000000e+10
6.479999970729481085e+00 3.114704281600000000e+10
6.519999970548796320e+00 2.777267200000000000e+10
6.559999970368115108e+00 1.554540748800000000e+10
6.599999970187433007e+00 6.687939584000000000e+09
6.639999970006751795e+00 3.528322560000000000e+09
6.679999969826069695e+00 8.744534016000000000e+09
6.719999969645388482e+00 2.542532198400000000e+10
6.759999969464703717e+00 4.704403865600000000e+10
6.799999969284021617e+00 6.647424204800000000e+10
6.839999969103340405e+00 7.378085478400000000e+10
6.879999968922659193e+00 5.863016857600000000e+10
6.919999968741977092e+00 3.235913523200000000e+10
6.959999968561292327e+00 1.201295564800000000e+10
6.999999968380611115e+00 2.903217920000000000e+09
7.039999968199929015e+00 4.147425920000000000e+08
7.079999968019247802e+00 1.498282880000000000e+08
7.119999967838565702e+00 9.651293440000000000e+08
7.159999967657880937e+00 2.766102272000000000e+09
7.199999967477199725e+00 6.402917888000000000e+09
7.239999967296517625e+00 1.088941977600000000e+10
7.279999967115836412e+00 1.354104422400000000e+10
7.319999966935154312e+00 1.342333849600000000e+10
7.359999966754473100e+00 1.113345740800000000e+10
7.399999966573788335e+00 7.989274112000000000e+09
7.439999966393106234e+00 5.262230528000000000e+09
7.479999966212425022e+00 3.571471872000000000e+09
7.519999966031742922e+00 2.677655296000000000e+09
7.559999965851061710e+00 1.364536960000000000e+09
7.599999965670376945e+00 1.688534720000000000e+08
7.639999965489694844e+00 1.033567232000000000e+09
7.679999965309013632e+00 4.177671936000000000e+09
7.719999965128331532e+00 1.280722944000000000e+10
7.759999964947650319e+00 2.960941875200000000e+10
7.799999964766968219e+00 4.916099481600000000e+10
7.839999964586283454e+00 6.464794624000000000e+10
7.879999964405602242e+00 6.752210124800000000e+10
7.919999964224921030e+00 5.509840486400000000e+10
7.959999964044238929e+00 3.668125696000000000e+10
7.999999963863557717e+00 2.080820224000000000e+10
8.039999963682872064e+00 1.002577100800000000e+10
8.079999963502190852e+00 3.893010176000000000e+09
8.119999963321509640e+00 1.391750144000000000e+09
8.159999963140828427e+00 1.963025664000000000e+09
8.199999962960145439e+00 5.383346688000000000e+09
8.239999962779460674e+00 1.056888320000000000e+10
8.279999962598779462e+00 1.472033996800000000e+10
8.319999962418098249e+00 1.565366067200000000e+10
8.359999962237417037e+00 1.297385984000000000e+10
8.399999962056734049e+00 8.549836288000000000e+09
8.439999961876052836e+00 5.159640064000000000e+09
8.479999961695368071e+00 4.368110080000000000e+09
8.519999961514686859e+00 5.712472064000000000e+09
8.559999961334005647e+00 7.879147520000000000e+09
8.599999961153322658e+00 9.616327680000000000e+09
8.639999960972641446e+00 1.070729216000000000e+10
8.679999960791956681e+00 1.112405299200000000e+10
8.719999960611275469e+00 1.082873753600000000e+10
8.759999960430594257e+00 9.852727296000000000e+09
8.799999960249911268e+00 8.020931072000000000e+09
8.839999960069230056e+00 5.924886528000000000e+09
8.879999959888548844e+00 4.311212544000000000e+09
8.919999959707864079e+00 3.017873920000000000e+09
8.959999959527182867e+00 2.074226688000000000e+09
8.999999959346501655e+00 2.024323968000000000e+09
9.039999959165818666e+00 3.851072256000000000e+09
9.079999958985137454e+00 8.252399616000000000e+09
9.119999958804452689e+00 1.479553740800000000e+10
9.159999958623771477e+00 2.175806259200000000e+10
9.199999958443090264e+00 2.711149772800000000e+10
9.239999958262407276e+00 2.884091699200000000e+10
9.279999958081726064e+00 2.714911948800000000e+10
9.319999957901041299e+00 2.335986483200000000e+10
9.359999957720360086e+00 1.861698764800000000e+10
9.399999957539678874e+00 1.401292492800000000e+10
9.439999957358995886e+00 1.010498457600000000e+10
9.479999957178314673e+00 7.667362816000000000e+09
9.519999956997633461e+00 6.246716928000000000e+09
9.559999956816948696e+00 5.374643712000000000e+09
9.599999956636267484e+00 4.582588416000000000e+09
9.639999956455584496e+00 3.613056768000000000e+09
9.679999956274903283e+00 2.177267712000000000e+09
9.719999956094222071e+00 5.053348800000000000e+08
9.759999955913537306e+00 2.916197760000000000e+08
9.799999955732856094e+00 3.024274944000000000e+09
9.839999955552174882e+00 8.361059328000000000e+09
9.879999955371491893e+00 1.378935705600000000e+10
9.919999955190810681e+00 1.642532966400000000e+10
9.959999955010125916e+00 1.497663078400000000e+10
9.999999954829444704e+00 1.141526425600000000e+10
1.003999995464876349e+01 7.933460480000000000e+09
1.007999995446808050e+01 5.266689024000000000e+09
1.011999995428739929e+01 3.724790272000000000e+09
1.015999995410671808e+01 2.790223872000000000e+09
1.019999995392603331e+01 2.154485248000000000e+09
1.023999995374535210e+01 1.687067520000000000e+09
1.027999995356466911e+01 1.036814016000000000e+09
1.031999995338398790e+01 4.347901760000000000e+08
1.035999995320330669e+01 7.478488320000000000e+08
1.039999995302262192e+01 2.779130880000000000e+09
1.043999995284194071e+01 6.484564480000000000e+09
1.047999995266125772e+01 1.104537600000000000e+10
1.051999995248057651e+01 1.520211558400000000e+10
1.055999995229989530e+01 1.722792345600000000e+10
1.059999995211921409e+01 1.650631884800000000e+10
1.063999995193852932e+01 1.341224448000000000e+10
1.067999995175784633e+01 9.503162368000000000e+09
1.071999995157716512e+01 6.029340672000000000e+09
1.075999995139648391e+01 3.331067904000000000e+09
1.079999995121580270e+01 1.530703104000000000e+09
1.083999995103511793e+01 6.103527680000000000e+08
1.087999995085443672e+01 4.675366400000000000e+08
1.091999995067375373e+01 9.517420800000000000e+08
1.095999995049307252e+01 1.754747776000000000e+09
1.099999995031239131e+01 2.619613952000000000e+09
1.103999995013170654e+01 3.474106112000000000e+09
1.107999994995102533e+01 4.418103296000000000e+09
1.111999994977034234e+01 5.692898304000000000e+09
1.115999994958966113e+01 7.398099456000000000e+09
1.119999994940897992e+01 9.534804992000000000e+09
1.123999994922829870e+01 1.199443660800000000e+10
1.127999994904761394e+01 1.419529011200000000e+10
1.131999994886693095e+01 1.521868595200000000e+10
1.135999994868624974e+01 1.409833779200000000e+10
1.139999994850556853e+01 1.105761177600000000e+10
1.143999994832488731e+01 7.485443072000000000e+09
1.147999994814420255e+01 4.455294976000000000e+09
1.151999994796351956e+01 2.488501248000000000e+09
1.155999994778283835e+01 1.643200768000000000e+09
1.159999994760215714e+01 1.674053760000000000e+09
1.163999994742147592e+01 2.252098816000000000e+09
1.167999994724079293e+01 3.072383744000000000e+09
1.171999994706010817e+01 3.826028544000000000e+09
1.175999994687942696e+01 4.367273472000000000e+09
1.179999994669874575e+01 4.634303488000000000e+09
1.183999994651806453e+01 4.626440704000000000e+09
1.187999994633738332e+01 4.399472640000000000e+09
1.191999994615669856e+01 3.980605184000000000e+09
1.195999994597601557e+01 3.396957952000000000e+09
1.199999994579533436e+01 2.647289600000000000e+09
1.203999994561465314e+01 1.879367680000000000e+09
1.207999994543397193e+01 1.184398336000000000e+09
1.211999994525328717e+01 6.513164800000000000e+08
1.215999994507260418e+01 2.983118720000000000e+08
1.219999994489192296e+01 1.048383360000000000e+08
1.223999994471124175e+01 3.983091600000000000e+07
1.227999994453056054e+01 6.526784000000000000e+07
1.231999994434987755e+01 1.653255360000000000e+08
1.235999994416919279e+01 3.263069120000000000e+08
1.239999994398851157e+01 5.358581440000000000e+08
1.243999994380783036e+01 7.899120000000000000e+08
1.247999994362714915e+01 1.076403328000000000e+09
1.251999994344646616e+01 1.387165568000000000e+09
1.255999994326578140e+01 1.726100992000000000e+09
1.259999994308510018e+01 2.063286144000000000e+09
1.263999994290441897e+01 2.391652352000000000e+09
1.267999994272373776e+01 2.695420160000000000e+09
1.271999994254305477e+01 2.939484672000000000e+09
1.275999994236237356e+01 3.104782336000000000e+09
1.279999994218168879e+01 3.168493056000000000e+09
1.283999994200100758e+01 3.118144256000000000e+09
1.287999994182032637e+01 2.928187136000000000e+09
1.291999994163964516e+01 2.672605440000000000e+09
