# x = Time (fs); y = Power (W)
-1.195999994597601912e+01 1.406852096000000000e+09
-1.191999994615670033e+01 1.604192896000000000e+09
-1.187999994633738332e+01 1.828122624000000000e+09
-1.183999994651806631e+01 2.084894464000000000e+09
-1.179999994669874752e+01 2.359013632000000000e+09
-1.175999994687943051e+01 2.655395328000000000e+09
-1.171999994706011172e+01 2.965053184000000000e+09
-1.167999994724079293e+01 3.216235520000000000e+09
-1.163999994742147770e+01 3.428463360000000000e+09
-1.159999994760215891e+01 3.595425792000000000e+09
-1.155999994778284012e+01 3.641133824000000000e+09
-1.151999994796352311e+01 3.639810304000000000e+09
-1.147999994814420432e+01 3.563874304000000000e+09
-1.143999994832488731e+01 3.358938368000000000e+09
-1.139999994850557030e+01 3.002543104000000000e+09
-1.135999994868625151e+01 2.441752320000000000e+09
-1.131999994886693450e+01 1.721284352000000000e+09
-1.127999994904761571e+01 1.043275776000000000e+09
-1.123999994922829870e+01 5.210224960000000000e+08
-1.119999994940898169e+01 1.891512160000000000e+08
-1.115999994958966290e+01 3.108778800000000000e+07
-1.111999994977034589e+01 5.547694000000000000e+06
-1.107999994995102711e+01 8.597924000000000000e+07
-1.103999995013171009e+01 2.547365760000000000e+08
-1.099999995031239131e+01 5.132790080000000000e+08
-1.095999995049307429e+01 8.518158720000000000e+08
-1.091999995067375551e+01 1.258124672000000000e+09
-1.087999995085443850e+01 1.700329344000000000e+09
-1.083999995103512148e+01 2.138521472000000000e+09
-1.079999995121580270e+01 2.463176448000000000e+09
-1.075999995139648568e+01 2.599990528000000000e+09
-1.071999995157716690e+01 2.539566848000000000e+09
-1.067999995175784989e+01 2.323718144000000000e+09
-1.063999995193853110e+01 2.041059584000000000e+09
-1.059999995211921409e+01 1.829165056000000000e+09
-1.055999995229989707e+01 1.752989696000000000e+09
-1.051999995248057829e+01 1.943547520000000000e+09
-1.047999995266126128e+01 2.540625664000000000e+09
-1.043999995284194249e+01 3.690458624000000000e+09
-1.039999995302262548e+01 5.213171712000000000e+09
-1.035999995320330669e+01 6.318512640000000000e+09
-1.031999995338398968e+01 6.422445568000000000e+09
-1.027999995356467089e+01 5.638337536000000000e+09
-1.023999995374535388e+01 4.519592960000000000e+09
-1.019999995392603687e+01 3.402663424000000000e+09
-1.015999995410671808e+01 2.484416256000000000e+09
-1.011999995428740107e+01 1.821188736000000000e+09
-1.007999995446808228e+01 1.397738240000000000e+09
-1.003999995464876527e+01 1.137949568000000000e+09
-9.999999954829448257e+00 1.039898752000000000e+09
-9.959999955010129469e+00 1.098547840000000000e+09
-9.919999955190810681e+00 1.348686080000000000e+09
-9.879999955371493670e+00 1.930225408000000000e+09
-9.839999955552174882e+00 3.036074496000000000e+09
-9.799999955732859647e+00 4.847827968000000000e+09
-9.759999955913540859e+00 7.266255360000000000e+09
-9.719999956094222071e+00 9.444467712000000000e+09
-9.679999956274905060e+00 1.004306432000000000e+10
-9.639999956455586272e+00 9.099461632000000000e+09
-9.599999956636269260e+00 7.324487168000000000e+09
-9.559999956816952249e+00 5.429277184000000000e+09
-9.519999956997633461e+00 3.915866624000000000e+09
-9.479999957178316450e+00 2.893096448000000000e+09
-9.439999957358997662e+00 2.211522816000000000e+09
-9.399999957539680651e+00 1.671203712000000000e+09
-9.359999957720363639e+00 1.156023936000000000e+09
-9.319999957901044851e+00 7.295649280000000000e+08
-9.279999958081726064e+00 9.232552960000000000e+08
-9.239999958262409052e+00 2.046508416000000000e+09
-9.199999958443092041e+00 3.672496640000000000e+09
-9.159999958623775029e+00 5.307521024000000000e+09
-9.119999958804456242e+00 6.382753792000000000e+09
-9.079999958985137454e+00 6.975954432000000000e+09
-9.039999959165818666e+00 6.541987328000000000e+09
-8.999999959346501655e+00 5.696330752000000000e+09
-8.959999959527186419e+00 4.622236672000000000e+09
-8.919999959707867632e+00 3.478614016000000000e+09
-8.879999959888548844e+00 2.747082240000000000e+09
-8.839999960069230056e+00 2.227141888000000000e+09
-8.799999960249913045e+00 1.873266944000000000e+09
-8.759999960430597810e+00 1.763727872000000000e+09
-8.719999960611279022e+00 1.854939264000000000e+09
-8.679999960791960234e+00 2.083332480000000000e+09
-8.639999960972641446e+00 2.301094400000000000e+09
-8.599999961153324435e+00 1.797937792000000000e+09
-8.559999961334007423e+00 9.868136960000000000e+08
-8.519999961514690412e+00 1.392546944000000000e+09
-8.479999961695371624e+00 4.803199488000000000e+09
-8.439999961876052836e+00 1.120914534400000000e+10
-8.399999962056734049e+00 1.819793408000000000e+10
-8.359999962237418814e+00 2.306293760000000000e+10
-8.319999962418101802e+00 2.422101811200000000e+10
-8.279999962598783014e+00 2.030035353600000000e+10
-8.239999962779464227e+00 1.362353971200000000e+10
-8.199999962960145439e+00 8.181768192000000000e+09
-8.159999963140828427e+00 4.049232128000000000e+09
-8.119999963321513192e+00 1.743672704000000000e+09
-8.079999963502194404e+00 7.823642240000000000e+08
-8.039999963682875617e+00 3.923928000000000000e+08
-7.999999963863557717e+00 2.146714560000000000e+08
-7.959999964044240706e+00 1.161666000000000000e+08
-7.919999964224921918e+00 7.031440000000000000e+07
-7.879999964405605795e+00 3.081611520000000000e+08
-7.839999964586287007e+00 1.559569920000000000e+09
-7.799999964766968219e+00 3.892714496000000000e+09
-7.759999964947650319e+00 5.692553216000000000e+09
-7.719999965128333308e+00 7.210906624000000000e+09
-7.679999965309016297e+00 1.178318028800000000e+10
-7.639999965489698397e+00 2.222690508800000000e+10
-7.599999965670379609e+00 3.641307136000000000e+10
-7.559999965851061710e+00 4.700239462400000000e+10
-7.519999966031744698e+00 4.589474201600000000e+10
-7.479999966212426799e+00 3.372629401600000000e+10
-7.439999966393109787e+00 2.023245619200000000e+10
-7.399999966573790999e+00 9.710303232000000000e+09
-7.359999966754473100e+00 2.856247808000000000e+09
-7.319999966935154312e+00 2.916604800000000000e+08
-7.279999967115837300e+00 1.721084480000000000e+08
-7.239999967296521177e+00 6.173007360000000000e+08
-7.199999967477202389e+00 9.970910720000000000e+08
-7.159999967657884490e+00 1.538529920000000000e+09
-7.119999967838565702e+00 1.457509760000000000e+09
-7.079999968019248691e+00 1.095859328000000000e+09
-7.039999968199931679e+00 5.793363200000000000e+08
-6.999999968380612891e+00 2.459537800000000000e+07
-6.959999968561295880e+00 3.486415360000000000e+08
-6.919999968741977980e+00 9.145048320000000000e+08
-6.879999968922660081e+00 1.162047360000000000e+09
-6.839999969103342181e+00 1.283242240000000000e+09
-6.799999969284024282e+00 1.846078976000000000e+09
-6.759999969464706382e+00 3.227719424000000000e+09
-6.719999969645389370e+00 7.214019072000000000e+09
-6.679999969826070583e+00 1.525485670400000000e+10
-6.639999970006753571e+00 2.577728921600000000e+10
-6.599999970187435672e+00 3.402014924800000000e+10
-6.559999970368116884e+00 3.819201331200000000e+10
-6.519999970548799872e+00 3.932596224000000000e+10
-6.479999970729481973e+00 3.584317849600000000e+10
-6.439999970910164961e+00 2.444275302400000000e+10
-6.399999971090846174e+00 1.501529804800000000e+10
-6.359999971271528274e+00 1.069357977600000000e+10
-6.319999971452211263e+00 9.885982720000000000e+09
-6.279999971632893363e+00 9.234865152000000000e+09
-6.239999971813575463e+00 7.443604992000000000e+09
-6.199999971994257564e+00 6.086079488000000000e+09
-6.159999972174939664e+00 6.793965568000000000e+09
-6.119999972355622653e+00 9.432387584000000000e+09
-6.079999972536303865e+00 1.042455961600000000e+10
-6.039999972716985965e+00 7.803490816000000000e+09
-5.999999972897668954e+00 3.203025152000000000e+09
-5.959999973078351054e+00 1.943323008000000000e+09
-5.919999973259033155e+00 7.644199424000000000e+09
-5.879999973439715255e+00 1.826929868800000000e+10
-5.839999973620396467e+00 2.718742118400000000e+10
-5.799999973801080344e+00 3.103836979200000000e+10
-5.759999973981761556e+00 2.999197286400000000e+10
-5.719999974162444545e+00 2.321117184000000000e+10
-5.679999974343126645e+00 1.390174412800000000e+10
-5.639999974523807857e+00 9.196099584000000000e+09
-5.599999974704491734e+00 7.708775936000000000e+09
-5.559999974885172946e+00 7.518765056000000000e+09
-5.519999975065855047e+00 4.616875520000000000e+09
-5.479999975246538035e+00 9.525664640000000000e+08
-5.439999975427219248e+00 2.220085760000000000e+09
-5.399999975607903124e+00 4.731547136000000000e+09
-5.359999975788584337e+00 6.741890048000000000e+09
-5.319999975969265549e+00 1.201956249600000000e+10
-5.279999976149949426e+00 1.573734195200000000e+10
-5.239999976330630638e+00 1.725221273600000000e+10
-5.199999976511312738e+00 2.312554496000000000e+10
-5.159999976691995727e+00 3.513658982400000000e+10
-5.119999976872676939e+00 4.160684851200000000e+10
-5.079999977053359039e+00 4.055590912000000000e+10
-5.039999977234042028e+00 3.201410662400000000e+10
-4.999999977414724128e+00 2.395790540800000000e+10
-4.959999977595407117e+00 1.658194636800000000e+10
-4.919999977776088329e+00 1.038615449600000000e+10
-4.879999977956770429e+00 6.080416256000000000e+09
-4.839999978137453418e+00 4.049223680000000000e+09
-4.799999978318134630e+00 3.812941568000000000e+09
-4.759999978498816731e+00 3.900944128000000000e+09
-4.719999978679499719e+00 3.705399808000000000e+09
-4.679999978860181820e+00 2.486477056000000000e+09
-4.639999979040864808e+00 3.645009280000000000e+08
-4.599999979221546020e+00 2.338582880000000000e+08
-4.559999979402228121e+00 1.106953728000000000e+09
-4.519999979582911109e+00 1.909466752000000000e+09
-4.479999979763593210e+00 2.107393792000000000e+09
-4.439999979944274422e+00 2.339618816000000000e+09
-4.399999980124957411e+00 2.160832768000000000e+09
-4.359999980305639511e+00 1.360492800000000000e+09
-4.319999980486322499e+00 5.779239040000000000e+08
-4.279999980667003712e+00 7.896762240000000000e+08
-4.239999980847685812e+00 4.563523584000000000e+09
-4.199999981028368801e+00 1.285044633600000000e+10
-4.159999981209050901e+00 2.875282432000000000e+10
-4.119999981389732113e+00 4.824847974400000000e+10
-4.079999981570415102e+00 6.794463641600000000e+10
-4.039999981751097202e+00 7.419122483200000000e+10
-3.999999981931778859e+00 5.567067340800000000e+10
-3.959999982112461847e+00 2.621751091200000000e+10
-3.919999982293143503e+00 4.490521600000000000e+09
-3.879999982473826936e+00 2.971105280000000000e+09
-3.839999982654508148e+00 1.395909017600000000e+10
-3.799999982835189805e+00 2.281672499200000000e+10
-3.759999983015873237e+00 2.564567040000000000e+10
-3.719999983196554894e+00 2.372571340800000000e+10
-3.679999983377236550e+00 2.117697945600000000e+10
-3.639999983557919538e+00 1.812029030400000000e+10
-3.599999983738601195e+00 1.319920844800000000e+10
-3.559999983919284627e+00 6.993081344000000000e+09
-3.519999984099966284e+00 1.274788736000000000e+09
-3.479999984280647940e+00 1.265262336000000000e+09
-3.439999984461330929e+00 4.042273536000000000e+09
-3.399999984642012585e+00 3.113258752000000000e+09
-3.359999984822694241e+00 4.487169920000000000e+08
-3.319999985003377230e+00 2.027748608000000000e+09
-3.279999985184058886e+00 1.005926604800000000e+10
-3.239999985364742319e+00 2.730910924800000000e+10
-3.199999985545423975e+00 4.713949184000000000e+10
-3.159999985726105631e+00 6.216567193600000000e+10
-3.119999985906788620e+00 6.520411750400000000e+10
-3.079999986087470276e+00 5.968434790400000000e+10
-3.039999986268151932e+00 5.712895180800000000e+10
-2.999999986448835365e+00 5.130078208000000000e+10
-2.959999986629517021e+00 2.848151142400000000e+10
-2.919999986810200010e+00 6.521521664000000000e+09
-2.879999986990881666e+00 5.113805312000000000e+09
-2.839999987171563323e+00 1.645210419200000000e+10
-2.799999987352246311e+00 2.988431769600000000e+10
-2.759999987532927967e+00 4.135498547200000000e+10
-2.719999987713609624e+00 4.899260416000000000e+10
-2.679999987894293056e+00 5.094507315200000000e+10
-2.639999988074974713e+00 4.410426572800000000e+10
-2.599999988255656369e+00 3.025164492800000000e+10
-2.559999988436339358e+00 2.375033241600000000e+10
-2.519999988617021014e+00 2.235787878400000000e+10
-2.479999988797704447e+00 1.775336038400000000e+10
-2.439999988978386103e+00 5.939048448000000000e+09
-2.399999989159067315e+00 8.592346240000000000e+08
-2.359999989339750748e+00 1.380831436800000000e+10
-2.319999989520432404e+00 3.667344998400000000e+10
-2.279999989701114060e+00 5.421652377600000000e+10
-2.239999989881797049e+00 6.184963276800000000e+10
-2.199999990062478705e+00 4.945044684800000000e+10
-2.159999990243162138e+00 2.822914252800000000e+10
-2.119999990423843794e+00 1.626153164800000000e+10
-2.079999990604525451e+00 1.473611776000000000e+10
-2.039999990785208439e+00 1.111159910400000000e+10
-1.999999990965890095e+00 3.229155328000000000e+09
-1.959999991146571752e+00 3.602616576000000000e+09
-1.919999991327254962e+00 7.069693440000000000e+09
-1.879999991507936619e+00 4.919307264000000000e+09
-1.839999991688619829e+00 7.883719168000000000e+09
-1.799999991869301486e+00 2.152486707200000000e+10
-1.759999992049983142e+00 3.939377152000000000e+10
-1.719999992230666352e+00 5.380767334400000000e+10
-1.679999992411347787e+00 5.155076915200000000e+10
-1.639999992592029443e+00 3.432561254400000000e+10
-1.599999992772712654e+00 2.171569152000000000e+10
-1.559999992953394310e+00 2.626592563200000000e+10
-1.519999993134077521e+00 4.489380659200000000e+10
-1.479999993314759177e+00 5.545408512000000000e+10
-1.439999993495440833e+00 3.255061094400000000e+10
-1.399999993676124044e+00 6.977531904000000000e+09
-1.359999993856805700e+00 2.686013952000000000e+09
-1.319999994037487356e+00 1.187975782400000000e+10
-1.279999994218170567e+00 1.714867097600000000e+10
-1.239999994398852223e+00 1.595140812800000000e+10
-1.199999994579533658e+00 1.672556236800000000e+10
-1.159999994760216868e+00 2.076632473600000000e+10
-1.119999994940898524e+00 2.202887782400000000e+10
-1.079999995121581735e+00 3.100918374400000000e+10
-1.039999995302263391e+00 5.845302476800000000e+10
-9.999999954829450477e-01 8.897148518400000000e+10
-9.599999956636282583e-01 9.062917734400000000e+10
-9.199999958443099146e-01 6.227833651200000000e+10
-8.799999960249915709e-01 6.612915404800000000e+10
-8.399999962056747815e-01 7.758997913600000000e+10
-7.999999963863563268e-01 5.414134988800000000e+10
-7.599999965670395374e-01 2.146049638400000000e+10
-7.199999967477211937e-01 5.215653888000000000e+09
-6.799999969284028500e-01 1.090959052800000000e+10
-6.399999971090860607e-01 3.439466496000000000e+10
-5.999999972897677170e-01 5.185657241600000000e+10
-5.599999974704492622e-01 5.408376422400000000e+10
-5.199999976511324729e-01 4.371175014400000000e+10
-4.799999978318141292e-01 3.606371532800000000e+10
-4.399999980124973398e-01 2.720739123200000000e+10
-3.999999981931789961e-01 1.583375257600000000e+10
-3.599999983738605969e-01 4.618314752000000000e+09
-3.199999985545438075e-01 3.985018560000000000e+08
-2.799999987352254638e-01 5.805238784000000000e+09
-2.399999989159070646e-01 1.312045772800000000e+10
-1.999999990965902752e-01 1.782543769600000000e+10
-1.599999992772719037e-01 2.143477760000000000e+10
-1.199999994579535323e-01 3.107181772800000000e+10
-7.999999963863674290e-02 5.465374720000000000e+10
-3.999999981931837145e-02 5.373690265600000000e+10
-1.577721810442023611e-15 2.170757324800000000e+10
3.999999981931678938e-02 1.170262732800000000e+10
7.999999963863516084e-02 4.714699161600000000e+10
1.199999994579519502e-01 7.446799974400000000e+10
1.599999992772703217e-01 5.393336729600000000e+10
1.999999990965886931e-01 1.765954150400000000e+10
2.399999989159054825e-01 9.471681536000000000e+09
2.799999987352238540e-01 2.615120896000000000e+10
3.199999985545406433e-01 4.509905715200000000e+10
3.599999983738590426e-01 5.007889612800000000e+10
3.999999981931773863e-01 4.479875072000000000e+10
4.399999980124941756e-01 4.283530035200000000e+10
4.799999978318125748e-01 5.580874547200000000e+10
5.199999976511309185e-01 5.206554624000000000e+10
5.599999974704477079e-01 1.954767872000000000e+10
5.999999972897660516e-01 3.104818432000000000e+09
6.399999971090828410e-01 2.506121830400000000e+10
6.799999969284012957e-01 3.138322022400000000e+10
7.199999967477196394e-01 1.136507801600000000e+10
7.599999965670364288e-01 3.536717414400000000e+10
7.999999963863547725e-01 7.514892697600000000e+10
8.399999962056731162e-01 9.562664140800000000e+10
8.799999960249899056e-01 1.036458229760000000e+11
9.199999958443083603e-01 9.164627148800000000e+10
9.599999956636251497e-01 6.628510105600000000e+10
9.999999954829434934e-01 4.838633472000000000e+10
1.039999995302261837e+00 5.304485478400000000e+10
1.079999995121578626e+00 4.108984729600000000e+10
1.119999994940896970e+00 2.494885273600000000e+10
1.159999994760215314e+00 2.129504051200000000e+10
1.199999994579532103e+00 2.679507353600000000e+10
1.239999994398850447e+00 3.707054489600000000e+10
1.279999994218169013e+00 3.898682572800000000e+10
1.319999994037487356e+00 3.639760076800000000e+10
1.359999993856802591e+00 2.084650188800000000e+10
1.399999993676120935e+00 2.430610432000000000e+09
1.439999993495439279e+00 1.690893107200000000e+10
1.479999993314757623e+00 5.028883251200000000e+10
1.519999993134075966e+00 6.508634521600000000e+10
1.559999992953391201e+00 4.195179315200000000e+10
1.599999992772709545e+00 1.564572876800000000e+10
1.639999992592027889e+00 7.993011712000000000e+09
1.679999992411346232e+00 2.151798784000000000e+10
1.719999992230664798e+00 3.259056742400000000e+10
1.759999992049983142e+00 3.117678387200000000e+10
1.799999991869298377e+00 3.030381568000000000e+10
1.839999991688616721e+00 3.103353241600000000e+10
1.879999991507935064e+00 2.189656883200000000e+10
1.919999991327253408e+00 1.402633420800000000e+10
1.959999991146571752e+00 1.234540851200000000e+10
1.999999990965886987e+00 4.547991040000000000e+09
2.039999990785205330e+00 4.680059392000000000e+09
2.079999990604523674e+00 3.358358528000000000e+10
2.119999990423842018e+00 8.385499136000000000e+10
2.159999990243160362e+00 1.302849126400000000e+11
2.199999990062475597e+00 1.268847001600000000e+11
2.239999989881793940e+00 7.543140352000000000e+10
2.279999989701112284e+00 2.881459609600000000e+10
2.319999989520430628e+00 8.307125760000000000e+09
2.359999989339748971e+00 3.119100672000000000e+09
2.399999989159067315e+00 3.692640256000000000e+09
2.439999988978382550e+00 1.208783667200000000e+10
2.479999988797700894e+00 2.104468480000000000e+10
2.519999988617019682e+00 1.079147622400000000e+10
2.559999988436338025e+00 3.239309312000000000e+09
2.599999988255656369e+00 7.193334272000000000e+09
2.639999988074971604e+00 2.812187238400000000e+10
2.679999987894289948e+00 5.050081280000000000e+10
2.719999987713608292e+00 2.244769792000000000e+10
2.759999987532926635e+00 9.570126848000000000e+09
2.799999987352244979e+00 3.859915161600000000e+10
2.839999987171563323e+00 5.511374848000000000e+10
2.879999986990878558e+00 4.540629811200000000e+10
2.919999986810196901e+00 4.534055321600000000e+10
2.959999986629515245e+00 6.099009126400000000e+10
2.999999986448833589e+00 7.662519091200000000e+10
3.039999986268151932e+00 6.807090380800000000e+10
3.079999986087467168e+00 3.925153792000000000e+10
3.119999985906785511e+00 1.678153625600000000e+10
3.159999985726103855e+00 3.571375104000000000e+09
3.199999985545422199e+00 2.820227520000000000e+08
3.239999985364740542e+00 9.011392800000000000e+07
3.279999985184055777e+00 1.396488576000000000e+09
3.319999985003374121e+00 1.726342400000000000e+09
3.359999984822692465e+00 1.570960000000000000e+09
3.399999984642010808e+00 1.137766809600000000e+10
3.439999984461329596e+00 3.315076915200000000e+10
3.479999984280647940e+00 4.850994790400000000e+10
3.519999984099963175e+00 5.092623564800000000e+10
3.559999983919281519e+00 4.667274035200000000e+10
3.599999983738599862e+00 5.026391244800000000e+10
3.639999983557918206e+00 6.557080371200000000e+10
3.679999983377236550e+00 7.789644185600000000e+10
3.719999983196551785e+00 6.762629939200000000e+10
3.759999983015870129e+00 5.129215180800000000e+10
3.799999982835188472e+00 3.173331148800000000e+10
3.839999982654506816e+00 1.192816537600000000e+10
3.879999982473825160e+00 2.089573120000000000e+09
3.919999982293143503e+00 1.800972672000000000e+09
3.959999982112458738e+00 9.706775552000000000e+09
3.999999981931777082e+00 2.161359257600000000e+10
4.039999981751095426e+00 3.180393881600000000e+10
4.079999981570414214e+00 3.941008179200000000e+10
4.119999981389732113e+00 4.349710745600000000e+10
4.159999981209047348e+00 4.315854028800000000e+10
4.199999981028366136e+00 3.937520025600000000e+10
4.239999980847684036e+00 4.748752486400000000e+10
4.279999980667002824e+00 5.234459443200000000e+10
4.319999980486320723e+00 4.555792384000000000e+10
4.359999980305635958e+00 3.188731699200000000e+10
4.399999980124954746e+00 3.930309017600000000e+10
4.439999979944272646e+00 5.383973683200000000e+10
4.479999979763591433e+00 5.065178726400000000e+10
4.519999979582909333e+00 3.038822809600000000e+10
4.559999979402228121e+00 1.418697830400000000e+10
4.599999979221543356e+00 8.206598144000000000e+09
4.639999979040861255e+00 1.103616716800000000e+10
4.679999978860180043e+00 2.014159052800000000e+10
4.719999978679497943e+00 2.863669248000000000e+10
4.759999978498816731e+00 3.116550553600000000e+10
4.799999978318131966e+00 2.537122201600000000e+10
4.839999978137449865e+00 1.346166374400000000e+10
4.879999977956768653e+00 6.035046400000000000e+09
4.919999977776087441e+00 1.292303872000000000e+09
4.959999977595405340e+00 6.877264000000000000e+08
4.999999977414724128e+00 2.839289344000000000e+09
5.039999977234039363e+00 3.598110208000000000e+09
5.079999977053357263e+00 6.022936576000000000e+09
5.119999976872676051e+00 1.418908569600000000e+10
5.159999976691993950e+00 2.780393267200000000e+10
5.199999976511312738e+00 4.865454899200000000e+10
5.239999976330627973e+00 5.679419801600000000e+10
5.279999976149945873e+00 5.111290265600000000e+10
5.319999975969264661e+00 2.898981683200000000e+10
5.359999975788582560e+00 9.545441280000000000e+09
5.399999975607901348e+00 1.812622848000000000e+09
5.439999975427216583e+00 6.781055360000000000e+08
5.479999975246534483e+00 5.269796864000000000e+09
5.519999975065853270e+00 2.490665369600000000e+10
5.559999974885171170e+00 6.289917542400000000e+10
5.599999974704489958e+00 8.802753740800000000e+10
5.639999974523807857e+00 7.890922700800000000e+10
5.679999974343123093e+00 4.842637312000000000e+10
5.719999974162441880e+00 2.386053734400000000e+10
5.759999973981759780e+00 1.100914790400000000e+10
5.799999973801078568e+00 3.749706752000000000e+09
5.839999973620396467e+00 1.706062848000000000e+09
5.879999973439711702e+00 1.510987776000000000e+09
5.919999973259030490e+00 2.134155264000000000e+09
5.959999973078349278e+00 2.943013632000000000e+09
5.999999972897667178e+00 4.963638784000000000e+09
6.039999972716985965e+00 8.428129280000000000e+09
6.079999972536301200e+00 6.451956224000000000e+09
6.119999972355619100e+00 4.623987200000000000e+09
6.159999972174937888e+00 1.492830412800000000e+10
6.199999971994255787e+00 3.479468032000000000e+10
6.239999971813574575e+00 4.707663052800000000e+10
6.279999971632892475e+00 4.250406502400000000e+10
6.319999971452207710e+00 2.742135808000000000e+10
6.359999971271526498e+00 1.270438502400000000e+10
6.399999971090844397e+00 1.242072678400000000e+10
6.439999970910163185e+00 2.735639552000000000e+10
6.479999970729481085e+00 3.848812134400000000e+10
6.519999970548796320e+00 3.732524646400000000e+10
6.559999970368115108e+00 2.764330598400000000e+10
6.599999970187433007e+00 9.483587584000000000e+09
6.639999970006751795e+00 3.569117120000000000e+08
6.679999969826069695e+00 1.332525568000000000e+09
6.719999969645388482e+00 5.893696640000000000e+08
6.759999969464703717e+00 4.415481344000000000e+09
6.799999969284021617e+00 3.357344563200000000e+10
6.839999969103340405e+00 7.944031436800000000e+10
6.879999968922659193e+00 1.094416138240000000e+11
6.919999968741977092e+00 1.076172144640000000e+11
6.959999968561292327e+00 8.516609638400000000e+10
6.999999968380611115e+00 5.352393932800000000e+10
7.039999968199929015e+00 2.683975270400000000e+10
7.079999968019247802e+00 1.140404121600000000e+10
7.119999967838565702e+00 3.530086144000000000e+09
7.159999967657880937e+00 1.856657792000000000e+09
7.199999967477199725e+00 2.561381888000000000e+09
7.239999967296517625e+00 2.190355968000000000e+09
7.279999967115836412e+00 9.771595520000000000e+08
7.319999966935154312e+00 1.265413632000000000e+09
7.359999966754473100e+00 5.257884160000000000e+09
7.399999966573788335e+00 1.106454937600000000e+10
7.439999966393106234e+00 1.525068390400000000e+10
7.479999966212425022e+00 1.588075827200000000e+10
7.519999966031742922e+00 1.440161484800000000e+10
7.559999965851061710e+00 1.263676006400000000e+10
7.599999965670376945e+00 9.450484736000000000e+09
7.639999965489694844e+00 4.705608192000000000e+09
7.679999965309013632e+00 1.030010816000000000e+09
7.719999965128331532e+00 5.557340800000000000e+08
7.759999964947650319e+00 3.881800704000000000e+09
7.799999964766968219e+00 1.093171814400000000e+10
7.839999964586283454e+00 2.060955033600000000e+10
7.879999964405602242e+00 2.722007244800000000e+10
7.919999964224921030e+00 2.843853414400000000e+10
7.959999964044238929e+00 2.351869747200000000e+10
7.999999963863557717e+00 1.640703692800000000e+10
8.039999963682872064e+00 9.993043968000000000e+09
8.079999963502190852e+00 4.984748032000000000e+09
8.119999963321509640e+00 1.787622656000000000e+09
8.159999963140828427e+00 1.482038912000000000e+09
8.199999962960145439e+00 4.285481472000000000e+09
8.239999962779460674e+00 8.356423168000000000e+09
8.279999962598779462e+00 1.083308748800000000e+10
8.319999962418098249e+00 1.049602969600000000e+10
8.359999962237417037e+00 7.723907584000000000e+09
8.399999962056734049e+00 4.627618304000000000e+09
8.439999961876052836e+00 2.880165888000000000e+09
8.479999961695368071e+00 2.426462720000000000e+09
8.519999961514686859e+00 2.238870272000000000e+09
8.559999961334005647e+00 1.896896000000000000e+09
8.599999961153322658e+00 1.627174912000000000e+09
8.639999960972641446e+00 1.937370880000000000e+09
8.679999960791956681e+00 2.667426304000000000e+09
8.719999960611275469e+00 3.665468160000000000e+09
8.759999960430594257e+00 4.254574080000000000e+09
8.799999960249911268e+00 4.026574336000000000e+09
8.839999960069230056e+00 3.441560832000000000e+09
8.879999959888548844e+00 2.871118848000000000e+09
8.919999959707864079e+00 3.893802752000000000e+09
8.959999959527182867e+00 7.917084672000000000e+09
8.999999959346501655e+00 1.589889433600000000e+10
9.039999959165818666e+00 2.670831001600000000e+10
9.079999958985137454e+00 3.555215769600000000e+10
9.119999958804452689e+00 3.750081740800000000e+10
9.159999958623771477e+00 3.288491417600000000e+10
9.199999958443090264e+00 2.540257484800000000e+10
9.239999958262407276e+00 1.845986099200000000e+10
9.279999958081726064e+00 1.327924736000000000e+10
9.319999957901041299e+00 9.720182784000000000e+09
9.359999957720360086e+00 7.413387264000000000e+09
9.399999957539678874e+00 6.062436864000000000e+09
9.439999957358995886e+00 5.420402176000000000e+09
9.479999957178314673e+00 5.193236480000000000e+09
9.519999956997633461e+00 5.392781824000000000e+09
9.559999956816948696e+00 5.850588160000000000e+09
9.599999956636267484e+00 6.248688640000000000e+09
9.639999956455584496e+00 6.424237568000000000e+09
9.679999956274903283e+00 6.081896448000000000e+09
9.719999956094222071e+00 5.104185344000000000e+09
9.759999955913537306e+00 3.813763072000000000e+09
9.799999955732856094e+00 2.506840576000000000e+09
9.839999955552174882e+00 1.362526208000000000e+09
9.879999955371491893e+00 4.963393920000000000e+08
9.919999955190810681e+00 5.007126400000000000e+07
9.959999955010125916e+00 1.526426240000000000e+08
9.999999954829444704e+00 8.495371520000000000e+08
1.003999995464876349e+01 2.087352704000000000e+09
1.007999995446808050e+01 3.958588416000000000e+09
1.011999995428739929e+01 6.839858688000000000e+09
1.015999995410671808e+01 1.094388633600000000e+10
1.019999995392603331e+01 1.583990272000000000e+10
1.023999995374535210e+01 1.992807628800000000e+10
1.027999995356466911e+01 2.105252249600000000e+10
1.031999995338398790e+01 1.857532518400000000e+10
1.035999995320330669e+01 1.444295987200000000e+10
1.039999995302262192e+01 1.044682854400000000e+10
1.043999995284194071e+01 7.479279104000000000e+09
1.047999995266125772e+01 5.429594624000000000e+09
1.051999995248057651e+01 3.979541760000000000e+09
1.055999995229989530e+01 2.809747200000000000e+09
1.059999995211921409e+01 1.675901824000000000e+09
1.063999995193852932e+01 6.571754880000000000e+08
1.067999995175784633e+01 4.553415200000000000e+07
1.071999995157716512e+01 3.400549120000000000e+08
1.075999995139648391e+01 2.001082240000000000e+09
1.079999995121580270e+01 5.074666496000000000e+09
1.083999995103511793e+01 8.898555904000000000e+09
1.087999995085443672e+01 1.215886233600000000e+10
1.091999995067375373e+01 1.355267276800000000e+10
1.095999995049307252e+01 1.252948275200000000e+10
1.099999995031239131e+01 9.956526080000000000e+09
1.103999995013170654e+01 7.026640384000000000e+09
1.107999994995102533e+01 4.580486144000000000e+09
1.111999994977034234e+01 2.917732608000000000e+09
1.115999994958966113e+01 1.860658176000000000e+09
1.119999994940897992e+01 1.210423424000000000e+09
1.123999994922829870e+01 8.503236480000000000e+08
1.127999994904761394e+01 6.469961600000000000e+08
1.131999994886693095e+01 5.388043520000000000e+08
1.135999994868624974e+01 4.997148480000000000e+08
1.139999994850556853e+01 5.358518720000000000e+08
1.143999994832488731e+01 6.692286720000000000e+08
1.147999994814420255e+01 9.094920320000000000e+08
1.151999994796351956e+01 1.297494016000000000e+09
1.155999994778283835e+01 1.840860800000000000e+09
1.159999994760215714e+01 2.529246976000000000e+09
1.163999994742147592e+01 3.368052736000000000e+09
1.167999994724079293e+01 4.299837440000000000e+09
1.171999994706010817e+01 5.300181504000000000e+09
1.175999994687942696e+01 6.251455488000000000e+09
1.179999994669874575e+01 7.062621696000000000e+09
1.183999994651806453e+01 7.664877568000000000e+09
1.187999994633738332e+01 8.047499264000000000e+09
1.191999994615669856e+01 8.252494848000000000e+09
1.195999994597601557e+01 8.300492800000000000e+09
1.199999994579533436e+01 8.256980992000000000e+09
1.203999994561465314e+01 8.073621504000000000e+09
1.207999994543397193e+01 7.731103232000000000e+09
1.211999994525328717e+01 7.182946304000000000e+09
1.215999994507260418e+01 6.377227776000000000e+09
1.219999994489192296e+01 5.496817664000000000e+09
1.223999994471124175e+01 4.579534848000000000e+09
1.227999994453056054e+01 3.685357568000000000e+09
1.231999994434987755e+01 2.918055168000000000e+09
1.235999994416919279e+01 2.265198848000000000e+09
