# x = Time (fs); y = Power (W)
-1.159999994760215891e+01 1.661791744000000000e+09
-1.155999994778284012e+01 1.900483712000000000e+09
-1.151999994796352311e+01 2.176635904000000000e+09
-1.147999994814420432e+01 2.496691712000000000e+09
-1.143999994832488731e+01 2.863138304000000000e+09
-1.139999994850557030e+01 3.278556672000000000e+09
-1.135999994868625151e+01 3.684320256000000000e+09
-1.131999994886693450e+01 3.997228800000000000e+09
-1.127999994904761571e+01 4.047769344000000000e+09
-1.123999994922829870e+01 3.668806912000000000e+09
-1.119999994940898169e+01 2.921551616000000000e+09
-1.115999994958966290e+01 2.048797056000000000e+09
-1.111999994977034589e+01 1.284921856000000000e+09
-1.107999994995102711e+01 7.185760000000000000e+08
-1.103999995013171009e+01 3.475644800000000000e+08
-1.099999995031239131e+01 1.539095040000000000e+08
-1.095999995049307429e+01 1.192188240000000000e+08
-1.091999995067375551e+01 2.453463680000000000e+08
-1.087999995085443850e+01 5.558170240000000000e+08
-1.083999995103512148e+01 1.090936448000000000e+09
-1.079999995121580270e+01 1.858209792000000000e+09
-1.075999995139648568e+01 2.777677568000000000e+09
-1.071999995157716690e+01 3.692075520000000000e+09
-1.067999995175784989e+01 4.211916544000000000e+09
-1.063999995193853110e+01 4.062989312000000000e+09
-1.059999995211921409e+01 3.338918656000000000e+09
-1.055999995229989707e+01 2.352525312000000000e+09
-1.051999995248057829e+01 1.465453568000000000e+09
-1.047999995266126128e+01 8.500853120000000000e+08
-1.043999995284194249e+01 6.431690880000000000e+08
-1.039999995302262548e+01 9.554753280000000000e+08
-1.035999995320330669e+01 1.790805760000000000e+09
-1.031999995338398968e+01 2.928041216000000000e+09
-1.027999995356467089e+01 3.680092416000000000e+09
-1.023999995374535388e+01 3.728936448000000000e+09
-1.019999995392603687e+01 3.205956864000000000e+09
-1.015999995410671808e+01 2.433430784000000000e+09
-1.011999995428740107e+01 1.739512064000000000e+09
-1.007999995446808228e+01 1.155780608000000000e+09
-1.003999995464876527e+01 7.233596160000000000e+08
-9.999999954829448257e+00 4.502902080000000000e+08
-9.959999955010129469e+00 2.857067840000000000e+08
-9.919999955190810681e+00 2.151882560000000000e+08
-9.879999955371493670e+00 2.178478240000000000e+08
-9.839999955552174882e+00 2.625875360000000000e+08
-9.799999955732859647e+00 3.196206400000000000e+08
-9.759999955913540859e+00 3.840539520000000000e+08
-9.719999956094222071e+00 4.425762880000000000e+08
-9.679999956274905060e+00 4.820007360000000000e+08
-9.639999956455586272e+00 5.001815360000000000e+08
-9.599999956636269260e+00 4.979311360000000000e+08
-9.559999956816952249e+00 4.696670400000000000e+08
-9.519999956997633461e+00 4.109210240000000000e+08
-9.479999957178316450e+00 3.624705600000000000e+08
-9.439999957358997662e+00 3.161512960000000000e+08
-9.399999957539680651e+00 2.739296960000000000e+08
-9.359999957720363639e+00 2.351940800000000000e+08
-9.319999957901044851e+00 1.770044160000000000e+08
-9.279999958081726064e+00 1.330834960000000000e+08
-9.239999958262409052e+00 1.989290720000000000e+08
-9.199999958443092041e+00 5.344866240000000000e+08
-9.159999958623775029e+00 1.270062848000000000e+09
-9.119999958804456242e+00 2.454011648000000000e+09
-9.079999958985137454e+00 3.887897088000000000e+09
-9.039999959165818666e+00 5.247335424000000000e+09
-8.999999959346501655e+00 6.211168256000000000e+09
-8.959999959527186419e+00 6.497348608000000000e+09
-8.919999959707867632e+00 6.112417792000000000e+09
-8.879999959888548844e+00 5.146264064000000000e+09
-8.839999960069230056e+00 3.879672832000000000e+09
-8.799999960249913045e+00 2.701466880000000000e+09
-8.759999960430597810e+00 1.867404800000000000e+09
-8.719999960611279022e+00 1.290260864000000000e+09
-8.679999960791960234e+00 7.331022080000000000e+08
-8.639999960972641446e+00 3.056036160000000000e+08
-8.599999961153324435e+00 9.866132800000000000e+07
-8.559999961334007423e+00 4.340669600000000000e+07
-8.519999961514690412e+00 2.271326720000000000e+08
-8.479999961695371624e+00 1.472866816000000000e+09
-8.439999961876052836e+00 4.574938624000000000e+09
-8.399999962056734049e+00 8.817116160000000000e+09
-8.359999962237418814e+00 1.240667340800000000e+10
-8.319999962418101802e+00 1.417336729600000000e+10
-8.279999962598783014e+00 1.398292582400000000e+10
-8.239999962779464227e+00 1.281140019200000000e+10
-8.199999962960145439e+00 1.129029120000000000e+10
-8.159999963140828427e+00 1.009575628800000000e+10
-8.119999963321513192e+00 9.248077824000000000e+09
-8.079999963502194404e+00 7.852300288000000000e+09
-8.039999963682875617e+00 5.884011008000000000e+09
-7.999999963863557717e+00 4.288441344000000000e+09
-7.959999964044240706e+00 5.197254144000000000e+09
-7.919999964224921918e+00 9.946986496000000000e+09
-7.879999964405605795e+00 1.840974028800000000e+10
-7.839999964586287007e+00 2.790799360000000000e+10
-7.799999964766968219e+00 3.228201779200000000e+10
-7.759999964947650319e+00 2.767042969600000000e+10
-7.719999965128333308e+00 1.976224972800000000e+10
-7.679999965309016297e+00 1.186033561600000000e+10
-7.639999965489698397e+00 6.250823680000000000e+09
-7.599999965670379609e+00 3.012457216000000000e+09
-7.559999965851061710e+00 1.313779456000000000e+09
-7.519999966031744698e+00 5.275726720000000000e+08
-7.479999966212426799e+00 2.090294560000000000e+08
-7.439999966393109787e+00 6.370664320000000000e+08
-7.399999966573790999e+00 1.553005056000000000e+09
-7.359999966754473100e+00 2.182695680000000000e+09
-7.319999966935154312e+00 2.000966528000000000e+09
-7.279999967115837300e+00 1.445948928000000000e+09
-7.239999967296521177e+00 1.040632768000000000e+09
-7.199999967477202389e+00 1.001646848000000000e+09
-7.159999967657884490e+00 1.810271872000000000e+09
-7.119999967838565702e+00 5.379148288000000000e+09
-7.079999968019248691e+00 1.427077836800000000e+10
-7.039999968199931679e+00 2.703170969600000000e+10
-6.999999968380612891e+00 3.644418867200000000e+10
-6.959999968561295880e+00 3.483301888000000000e+10
-6.919999968741977980e+00 2.594300313600000000e+10
-6.879999968922660081e+00 1.620751974400000000e+10
-6.839999969103342181e+00 8.953442304000000000e+09
-6.799999969284024282e+00 4.959213568000000000e+09
-6.759999969464706382e+00 3.683211520000000000e+09
-6.719999969645389370e+00 4.054905088000000000e+09
-6.679999969826070583e+00 5.011354624000000000e+09
-6.639999970006753571e+00 5.113071104000000000e+09
-6.599999970187435672e+00 3.959602688000000000e+09
-6.559999970368116884e+00 3.453767680000000000e+09
-6.519999970548799872e+00 3.343197440000000000e+09
-6.479999970729481973e+00 3.996493568000000000e+09
-6.439999970910164961e+00 3.999335936000000000e+09
-6.399999971090846174e+00 2.327976192000000000e+09
-6.359999971271528274e+00 1.393216640000000000e+09
-6.319999971452211263e+00 4.744512960000000000e+08
-6.279999971632893363e+00 1.372402720000000000e+08
-6.239999971813575463e+00 5.403348480000000000e+08
-6.199999971994257564e+00 2.177824256000000000e+09
-6.159999972174939664e+00 5.645520896000000000e+09
-6.119999972355622653e+00 1.091945779200000000e+10
-6.079999972536303865e+00 1.421588787200000000e+10
-6.039999972716985965e+00 1.390506700800000000e+10
-5.999999972897668954e+00 1.017914675200000000e+10
-5.959999973078351054e+00 7.831289344000000000e+09
-5.919999973259033155e+00 9.543781376000000000e+09
-5.879999973439715255e+00 1.662854758400000000e+10
-5.839999973620396467e+00 2.390343884800000000e+10
-5.799999973801080344e+00 2.416858112000000000e+10
-5.759999973981761556e+00 1.822428364800000000e+10
-5.719999974162444545e+00 1.006608691200000000e+10
-5.679999974343126645e+00 5.120663552000000000e+09
-5.639999974523807857e+00 2.285392640000000000e+09
-5.599999974704491734e+00 1.173398016000000000e+09
-5.559999974885172946e+00 1.668434688000000000e+09
-5.519999975065855047e+00 3.904851968000000000e+09
-5.479999975246538035e+00 3.278777856000000000e+09
-5.439999975427219248e+00 5.456120320000000000e+08
-5.399999975607903124e+00 1.820881664000000000e+09
-5.359999975788584337e+00 3.779298560000000000e+09
-5.319999975969265549e+00 6.266691584000000000e+09
-5.279999976149949426e+00 2.695756595200000000e+10
-5.239999976330630638e+00 7.131561164800000000e+10
-5.199999976511312738e+00 9.673555148800000000e+10
-5.159999976691995727e+00 8.504641126400000000e+10
-5.119999976872676939e+00 5.227160371200000000e+10
-5.079999977053359039e+00 2.861277388800000000e+10
-5.039999977234042028e+00 1.281586176000000000e+10
-4.999999977414724128e+00 5.680034816000000000e+09
-4.959999977595407117e+00 2.032808192000000000e+09
-4.919999977776088329e+00 8.321221120000000000e+08
-4.879999977956770429e+00 4.754569920000000000e+08
-4.839999978137453418e+00 3.753525440000000000e+08
-4.799999978318134630e+00 6.351461120000000000e+08
-4.759999978498816731e+00 2.566253312000000000e+09
-4.719999978679499719e+00 6.016172032000000000e+09
-4.679999978860181820e+00 8.287947264000000000e+09
-4.639999979040864808e+00 9.836034048000000000e+09
-4.599999979221546020e+00 1.027349299200000000e+10
-4.559999979402228121e+00 1.252294553600000000e+10
-4.519999979582911109e+00 1.589261107200000000e+10
-4.479999979763593210e+00 1.382198681600000000e+10
-4.439999979944274422e+00 8.167906304000000000e+09
-4.399999980124957411e+00 1.849152512000000000e+09
-4.359999980305639511e+00 3.744384256000000000e+09
-4.319999980486322499e+00 1.562276556800000000e+10
-4.279999980667003712e+00 2.749218611200000000e+10
-4.239999980847685812e+00 3.122552217600000000e+10
-4.199999981028368801e+00 3.048084480000000000e+10
-4.159999981209050901e+00 3.130142720000000000e+10
-4.119999981389732113e+00 3.812537958400000000e+10
-4.079999981570415102e+00 3.679699763200000000e+10
-4.039999981751097202e+00 2.724177510400000000e+10
-3.999999981931778859e+00 1.300129075200000000e+10
-3.959999982112461847e+00 2.726442752000000000e+09
-3.919999982293143503e+00 2.870196480000000000e+09
-3.879999982473826936e+00 1.208401305600000000e+10
-3.839999982654508148e+00 1.991160422400000000e+10
-3.799999982835189805e+00 1.638641561600000000e+10
-3.759999983015873237e+00 6.745742336000000000e+09
-3.719999983196554894e+00 5.805632512000000000e+09
-3.679999983377236550e+00 1.721082060800000000e+10
-3.639999983557919538e+00 2.673777254400000000e+10
-3.599999983738601195e+00 2.880249036800000000e+10
-3.559999983919284627e+00 2.193002700800000000e+10
-3.519999984099966284e+00 2.154504192000000000e+10
-3.479999984280647940e+00 3.311582822400000000e+10
-3.439999984461330929e+00 3.911367884800000000e+10
-3.399999984642012585e+00 2.850365644800000000e+10
-3.359999984822694241e+00 1.459350425600000000e+10
-3.319999985003377230e+00 6.295376384000000000e+09
-3.279999985184058886e+00 3.484885504000000000e+09
-3.239999985364742319e+00 2.995729664000000000e+09
-3.199999985545423975e+00 6.232655872000000000e+09
-3.159999985726105631e+00 1.457621299200000000e+10
-3.119999985906788620e+00 3.010377523200000000e+10
-3.079999986087470276e+00 4.932490854400000000e+10
-3.039999986268151932e+00 6.249598566400000000e+10
-2.999999986448835365e+00 6.940635136000000000e+10
-2.959999986629517021e+00 7.164576563200000000e+10
-2.919999986810200010e+00 6.545401446400000000e+10
-2.879999986990881666e+00 5.125541478400000000e+10
-2.839999987171563323e+00 2.913842380800000000e+10
-2.799999987352246311e+00 1.362114457600000000e+10
-2.759999987532927967e+00 1.301160550400000000e+10
-2.719999987713609624e+00 1.858303385600000000e+10
-2.679999987894293056e+00 2.078592819200000000e+10
-2.639999988074974713e+00 1.890175590400000000e+10
-2.599999988255656369e+00 1.522173440000000000e+10
-2.559999988436339358e+00 1.039949107200000000e+10
-2.519999988617021014e+00 7.932540928000000000e+09
-2.479999988797704447e+00 5.324767232000000000e+09
-2.439999988978386103e+00 3.486323456000000000e+09
-2.399999989159067315e+00 2.665544448000000000e+09
-2.359999989339750748e+00 2.333881856000000000e+09
-2.319999989520432404e+00 7.984939520000000000e+09
-2.279999989701114060e+00 3.172066099200000000e+10
-2.239999989881797049e+00 3.924528742400000000e+10
-2.199999990062478705e+00 2.969773670400000000e+10
-2.159999990243162138e+00 4.885180825600000000e+10
-2.119999990423843794e+00 8.318235443200000000e+10
-2.079999990604525451e+00 8.169287680000000000e+10
-2.039999990785208439e+00 5.024584499200000000e+10
-1.999999990965890095e+00 3.304150630400000000e+10
-1.959999991146571752e+00 3.246972313600000000e+10
-1.919999991327254962e+00 4.131982540800000000e+10
-1.879999991507936619e+00 5.390404812800000000e+10
-1.839999991688619829e+00 6.474338304000000000e+10
-1.799999991869301486e+00 5.212489318400000000e+10
-1.759999992049983142e+00 3.476166656000000000e+10
-1.719999992230666352e+00 2.376573337600000000e+10
-1.679999992411347787e+00 1.420242329600000000e+10
-1.639999992592029443e+00 6.646572544000000000e+09
-1.599999992772712654e+00 3.062515200000000000e+09
-1.559999992953394310e+00 2.330852096000000000e+09
-1.519999993134077521e+00 3.218668288000000000e+09
-1.479999993314759177e+00 4.832647168000000000e+09
-1.439999993495440833e+00 1.096699801600000000e+10
-1.399999993676124044e+00 2.682853171200000000e+10
-1.359999993856805700e+00 5.021402316800000000e+10
-1.319999994037487356e+00 5.586359910400000000e+10
-1.279999994218170567e+00 4.167676723200000000e+10
-1.239999994398852223e+00 3.036475392000000000e+10
-1.199999994579533658e+00 2.675622912000000000e+10
-1.159999994760216868e+00 3.158168985600000000e+10
-1.119999994940898524e+00 3.234666905600000000e+10
-1.079999995121581735e+00 1.928887500800000000e+10
-1.039999995302263391e+00 1.783659520000000000e+10
-9.999999954829450477e-01 3.824781721600000000e+10
-9.599999956636282583e-01 5.708648448000000000e+10
-9.199999958443099146e-01 4.911451750400000000e+10
-8.799999960249915709e-01 2.628023705600000000e+10
-8.399999962056747815e-01 1.020551168000000000e+10
-7.999999963863563268e-01 4.756780544000000000e+09
-7.599999965670395374e-01 1.174749184000000000e+10
-7.199999967477211937e-01 1.747687424000000000e+10
-6.799999969284028500e-01 1.166556672000000000e+10
-6.399999971090860607e-01 3.212696320000000000e+09
-5.999999972897677170e-01 1.482632704000000000e+10
-5.599999974704492622e-01 3.751277772800000000e+10
-5.199999976511324729e-01 4.333650739200000000e+10
-4.799999978318141292e-01 3.230690508800000000e+10
-4.399999980124973398e-01 1.864483635200000000e+10
-3.999999981931789961e-01 1.720318361600000000e+10
-3.599999983738605969e-01 3.274315161600000000e+10
-3.199999985545438075e-01 6.309361664000000000e+10
-2.799999987352254638e-01 7.117417676800000000e+10
-2.399999989159070646e-01 5.649614438400000000e+10
-1.999999990965902752e-01 3.302997606400000000e+10
-1.599999992772719037e-01 1.324731084800000000e+10
-1.199999994579535323e-01 1.556061900800000000e+10
-7.999999963863674290e-02 2.216338841600000000e+10
-3.999999981931837145e-02 8.293519360000000000e+09
-1.577721810442023611e-15 1.841804544000000000e+09
3.999999981931678938e-02 7.391653376000000000e+09
7.999999963863516084e-02 2.382950809600000000e+10
1.199999994579519502e-01 8.411095859200000000e+10
1.599999992772703217e-01 1.342684282880000000e+11
1.999999990965886931e-01 1.254323159040000000e+11
2.399999989159054825e-01 8.587789107200000000e+10
2.799999987352238540e-01 6.055226163200000000e+10
3.199999985545406433e-01 3.977442918400000000e+10
3.599999983738590426e-01 2.251704115200000000e+10
3.999999981931773863e-01 1.732110540800000000e+10
4.399999980124941756e-01 1.790677606400000000e+10
4.799999978318125748e-01 1.111952588800000000e+10
5.199999976511309185e-01 4.245425152000000000e+09
5.599999974704477079e-01 5.259667840000000000e+08
5.999999972897660516e-01 1.094092672000000000e+09
6.399999971090828410e-01 4.966335488000000000e+09
6.799999969284012957e-01 1.314238771200000000e+10
7.199999967477196394e-01 2.653836492800000000e+10
7.599999965670364288e-01 4.535525785600000000e+10
7.999999963863547725e-01 6.168373248000000000e+10
8.399999962056731162e-01 6.741089484800000000e+10
8.799999960249899056e-01 5.251040051200000000e+10
9.199999958443083603e-01 3.981392281600000000e+10
9.599999956636251497e-01 4.709362892800000000e+10
9.999999954829434934e-01 3.730717900800000000e+10
1.039999995302261837e+00 6.433154048000000000e+09
1.079999995121578626e+00 4.234095616000000000e+09
1.119999994940896970e+00 1.910617702400000000e+10
1.159999994760215314e+00 1.811595059200000000e+10
1.199999994579532103e+00 3.010516172800000000e+10
1.239999994398850447e+00 5.533994188800000000e+10
1.279999994218169013e+00 5.365979545600000000e+10
1.319999994037487356e+00 2.476238233600000000e+10
1.359999993856802591e+00 2.247571251200000000e+10
1.399999993676120935e+00 5.123382067200000000e+10
1.439999993495439279e+00 6.649080627200000000e+10
1.479999993314757623e+00 5.573056102400000000e+10
1.519999993134075966e+00 3.454716723200000000e+10
1.559999992953391201e+00 3.798360064000000000e+10
1.599999992772709545e+00 6.316491980800000000e+10
1.639999992592027889e+00 7.574505062400000000e+10
1.679999992411346232e+00 6.421336883200000000e+10
1.719999992230664798e+00 4.169892659200000000e+10
1.759999992049983142e+00 2.860422144000000000e+10
1.799999991869298377e+00 2.890594508800000000e+10
1.839999991688616721e+00 2.798701158400000000e+10
1.879999991507935064e+00 2.301325721600000000e+10
1.919999991327253408e+00 9.850670080000000000e+09
1.959999991146571752e+00 3.165774336000000000e+09
1.999999990965886987e+00 1.135550771200000000e+10
2.039999990785205330e+00 3.973736038400000000e+10
2.079999990604523674e+00 8.650597171200000000e+10
2.119999990423842018e+00 1.382139985920000000e+11
2.159999990243160362e+00 1.483190927360000000e+11
2.199999990062475597e+00 1.190526812160000000e+11
2.239999989881793940e+00 6.420622131200000000e+10
2.279999989701112284e+00 2.410389299200000000e+10
2.319999989520430628e+00 5.095264256000000000e+09
2.359999989339748971e+00 6.834893824000000000e+09
2.399999989159067315e+00 1.790644428800000000e+10
2.439999988978382550e+00 2.675899596800000000e+10
2.479999988797700894e+00 2.262637772800000000e+10
2.519999988617019682e+00 1.446147174400000000e+10
2.559999988436338025e+00 6.800343040000000000e+09
2.599999988255656369e+00 2.366939392000000000e+09
2.639999988074971604e+00 2.369299968000000000e+09
2.679999987894289948e+00 4.353691136000000000e+09
2.719999987713608292e+00 6.657503744000000000e+09
2.759999987532926635e+00 6.121661440000000000e+09
2.799999987352244979e+00 3.132405248000000000e+09
2.839999987171563323e+00 1.215676416000000000e+10
2.879999986990878558e+00 2.764784025600000000e+10
2.919999986810196901e+00 4.089420185600000000e+10
2.959999986629515245e+00 5.893131878400000000e+10
2.999999986448833589e+00 5.729250099200000000e+10
3.039999986268151932e+00 1.912401715200000000e+10
3.079999986087467168e+00 2.402847948800000000e+10
3.119999985906785511e+00 9.221862195200000000e+10
3.159999985726103855e+00 1.068947374080000000e+11
3.199999985545422199e+00 8.693499494400000000e+10
3.239999985364740542e+00 6.673624268800000000e+10
3.279999985184055777e+00 5.006442496000000000e+10
3.319999985003374121e+00 4.632649318400000000e+10
3.359999984822692465e+00 4.083578880000000000e+10
3.399999984642010808e+00 1.946198835200000000e+10
3.439999984461329596e+00 4.670834176000000000e+09
3.479999984280647940e+00 1.598957952000000000e+09
3.519999984099963175e+00 2.262388480000000000e+09
3.559999983919281519e+00 9.513763840000000000e+08
3.599999983738599862e+00 2.985425152000000000e+09
3.639999983557918206e+00 5.444106752000000000e+09
3.679999983377236550e+00 5.075810304000000000e+09
3.719999983196551785e+00 1.823390208000000000e+09
3.759999983015870129e+00 1.283517235200000000e+10
3.799999982835188472e+00 4.495748300800000000e+10
3.839999982654506816e+00 3.367466598400000000e+10
3.879999982473825160e+00 6.000798720000000000e+09
3.919999982293143503e+00 6.598081331200000000e+10
3.959999982112458738e+00 1.439010652160000000e+11
3.999999981931777082e+00 1.344885719040000000e+11
4.039999981751095426e+00 6.462057267200000000e+10
4.079999981570414214e+00 2.333045760000000000e+10
4.119999981389732113e+00 1.104356147200000000e+10
4.159999981209047348e+00 9.579847680000000000e+09
4.199999981028366136e+00 1.165422899200000000e+10
4.239999980847684036e+00 9.247411200000000000e+09
4.279999980667002824e+00 7.947362304000000000e+09
4.319999980486320723e+00 1.475330252800000000e+10
4.359999980305635958e+00 3.579814297600000000e+10
4.399999980124954746e+00 6.792568832000000000e+10
4.439999979944272646e+00 8.041313075200000000e+10
4.479999979763591433e+00 7.597098598400000000e+10
4.519999979582909333e+00 6.808070144000000000e+10
4.559999979402228121e+00 4.912087040000000000e+10
4.599999979221543356e+00 3.688075673600000000e+10
4.639999979040861255e+00 3.901894656000000000e+10
4.679999978860180043e+00 4.115067289600000000e+10
4.719999978679497943e+00 3.113295052800000000e+10
4.759999978498816731e+00 1.383646412800000000e+10
4.799999978318131966e+00 3.698850304000000000e+09
4.839999978137449865e+00 1.673678848000000000e+09
4.879999977956768653e+00 8.792776704000000000e+09
4.919999977776087441e+00 1.280818073600000000e+10
4.959999977595405340e+00 7.059207168000000000e+09
4.999999977414724128e+00 2.573306368000000000e+09
5.039999977234039363e+00 5.725263872000000000e+09
5.079999977053357263e+00 1.822738022400000000e+10
5.119999976872676051e+00 4.410173849600000000e+10
5.159999976691993950e+00 6.053077811200000000e+10
5.199999976511312738e+00 4.763529216000000000e+10
5.239999976330627973e+00 2.557675520000000000e+10
5.279999976149945873e+00 1.245131878400000000e+10
5.319999975969264661e+00 7.661755904000000000e+09
5.359999975788582560e+00 4.339151872000000000e+09
5.399999975607901348e+00 4.021587456000000000e+09
5.439999975427216583e+00 4.877974016000000000e+09
5.479999975246534483e+00 5.692183552000000000e+09
5.519999975065853270e+00 7.375250432000000000e+09
5.559999974885171170e+00 6.337988608000000000e+09
5.599999974704489958e+00 2.841121792000000000e+09
5.639999974523807857e+00 3.435379456000000000e+09
5.679999974343123093e+00 1.011719168000000000e+10
5.719999974162441880e+00 1.642703257600000000e+10
5.759999973981759780e+00 2.112360652800000000e+10
5.799999973801078568e+00 2.247233331200000000e+10
5.839999973620396467e+00 2.182653747200000000e+10
5.879999973439711702e+00 1.423380275200000000e+10
5.919999973259030490e+00 1.115768934400000000e+10
5.959999973078349278e+00 2.329305088000000000e+10
5.999999972897667178e+00 4.027445248000000000e+10
6.039999972716985965e+00 5.200741580800000000e+10
6.079999972536301200e+00 5.800401305600000000e+10
6.119999972355619100e+00 5.755269120000000000e+10
6.159999972174937888e+00 5.922832793600000000e+10
6.199999971994255787e+00 6.000883712000000000e+10
6.239999971813574575e+00 5.757049651200000000e+10
6.279999971632892475e+00 4.903489126400000000e+10
6.319999971452207710e+00 3.888891904000000000e+10
6.359999971271526498e+00 2.568403353600000000e+10
6.399999971090844397e+00 1.327266816000000000e+10
6.439999970910163185e+00 4.288848896000000000e+09
6.479999970729481085e+00 1.155566464000000000e+09
6.519999970548796320e+00 1.697371136000000000e+09
6.559999970368115108e+00 2.852953344000000000e+09
6.599999970187433007e+00 3.189515008000000000e+09
6.639999970006751795e+00 2.360467200000000000e+09
6.679999969826069695e+00 1.055532608000000000e+09
6.719999969645388482e+00 3.504965120000000000e+08
6.759999969464703717e+00 2.751549760000000000e+08
6.799999969284021617e+00 1.396892288000000000e+09
6.839999969103340405e+00 5.501537280000000000e+09
6.879999968922659193e+00 1.386154086400000000e+10
6.919999968741977092e+00 2.484787814400000000e+10
6.959999968561292327e+00 3.181639065600000000e+10
6.999999968380611115e+00 2.894330880000000000e+10
7.039999968199929015e+00 2.159219712000000000e+10
7.079999968019247802e+00 1.509473792000000000e+10
7.119999967838565702e+00 9.564346368000000000e+09
7.159999967657880937e+00 6.580663296000000000e+09
7.199999967477199725e+00 5.147829248000000000e+09
7.239999967296517625e+00 5.146055168000000000e+09
7.279999967115836412e+00 6.308862976000000000e+09
7.319999966935154312e+00 7.038113792000000000e+09
7.359999966754473100e+00 8.743957504000000000e+09
7.399999966573788335e+00 1.374471680000000000e+10
7.439999966393106234e+00 2.168847360000000000e+10
7.479999966212425022e+00 2.384490291200000000e+10
7.519999966031742922e+00 1.772450611200000000e+10
7.559999965851061710e+00 1.379775590400000000e+10
7.599999965670376945e+00 1.833456230400000000e+10
7.639999965489694844e+00 2.843496038400000000e+10
7.679999965309013632e+00 4.572121907200000000e+10
7.719999965128331532e+00 6.265934643200000000e+10
7.759999964947650319e+00 5.946263552000000000e+10
7.799999964766968219e+00 3.752205107200000000e+10
7.839999964586283454e+00 1.771811020800000000e+10
7.879999964405602242e+00 7.199533568000000000e+09
7.919999964224921030e+00 2.980887040000000000e+09
7.959999964044238929e+00 1.675593344000000000e+09
7.999999963863557717e+00 1.230131328000000000e+09
8.039999963682872064e+00 8.688470400000000000e+08
8.079999963502190852e+00 7.716320640000000000e+08
8.119999963321509640e+00 6.811285760000000000e+08
8.159999963140828427e+00 4.417175040000000000e+08
8.199999962960145439e+00 2.840442560000000000e+08
8.239999962779460674e+00 1.718667040000000000e+08
8.279999962598779462e+00 3.944053440000000000e+08
8.319999962418098249e+00 1.254863616000000000e+09
8.359999962237417037e+00 3.492336384000000000e+09
8.399999962056734049e+00 8.449152000000000000e+09
8.439999961876052836e+00 1.564242739200000000e+10
8.479999961695368071e+00 2.212674764800000000e+10
8.519999961514686859e+00 2.649139609600000000e+10
8.559999961334005647e+00 2.773153587200000000e+10
8.599999961153322658e+00 2.605880934400000000e+10
8.639999960972641446e+00 2.189132185600000000e+10
8.679999960791956681e+00 1.841799372800000000e+10
8.719999960611275469e+00 1.682200678400000000e+10
8.759999960430594257e+00 1.628259020800000000e+10
8.799999960249911268e+00 1.349932953600000000e+10
8.839999960069230056e+00 6.946450432000000000e+09
8.879999959888548844e+00 2.192871936000000000e+09
8.919999959707864079e+00 3.437344512000000000e+09
8.959999959527182867e+00 9.640988672000000000e+09
8.999999959346501655e+00 1.766972825600000000e+10
9.039999959165818666e+00 2.261865676800000000e+10
9.079999958985137454e+00 2.320543129600000000e+10
9.119999958804452689e+00 2.082637824000000000e+10
9.159999958623771477e+00 1.765734604800000000e+10
9.199999958443090264e+00 1.531101286400000000e+10
9.239999958262407276e+00 1.389753856000000000e+10
9.279999958081726064e+00 1.276315648000000000e+10
9.319999957901041299e+00 1.065267200000000000e+10
9.359999957720360086e+00 8.320797696000000000e+09
9.399999957539678874e+00 5.630514176000000000e+09
9.439999957358995886e+00 3.665528320000000000e+09
9.479999957178314673e+00 2.473642752000000000e+09
9.519999956997633461e+00 2.075653504000000000e+09
9.559999956816948696e+00 2.253814784000000000e+09
9.599999956636267484e+00 2.617322240000000000e+09
9.639999956455584496e+00 2.751825664000000000e+09
9.679999956274903283e+00 2.589158656000000000e+09
9.719999956094222071e+00 2.391710464000000000e+09
9.759999955913537306e+00 3.331331584000000000e+09
9.799999955732856094e+00 7.951828480000000000e+09
9.839999955552174882e+00 1.710364467200000000e+10
9.879999955371491893e+00 2.811096064000000000e+10
9.919999955190810681e+00 3.605807513600000000e+10
9.959999955010125916e+00 3.678037196800000000e+10
9.999999954829444704e+00 3.086626406400000000e+10
1.003999995464876349e+01 2.215462707200000000e+10
1.007999995446808050e+01 1.442028748800000000e+10
1.011999995428739929e+01 8.616906752000000000e+09
1.015999995410671808e+01 4.735391232000000000e+09
1.019999995392603331e+01 2.259706624000000000e+09
1.023999995374535210e+01 7.750913280000000000e+08
1.027999995356466911e+01 1.514942240000000000e+08
1.031999995338398790e+01 2.762349120000000000e+08
1.035999995320330669e+01 1.233663488000000000e+09
1.039999995302262192e+01 3.185621248000000000e+09
1.043999995284194071e+01 6.255321600000000000e+09
1.047999995266125772e+01 1.019155148800000000e+10
1.051999995248057651e+01 1.398766387200000000e+10
1.055999995229989530e+01 1.625212006400000000e+10
1.059999995211921409e+01 1.561616076800000000e+10
1.063999995193852932e+01 1.276277760000000000e+10
1.067999995175784633e+01 9.247507456000000000e+09
1.071999995157716512e+01 6.116427264000000000e+09
1.075999995139648391e+01 3.787785728000000000e+09
1.079999995121580270e+01 2.195498496000000000e+09
1.083999995103511793e+01 1.094449920000000000e+09
1.087999995085443672e+01 3.592013760000000000e+08
1.091999995067375373e+01 2.980802200000000000e+07
1.095999995049307252e+01 2.258451840000000000e+08
1.099999995031239131e+01 1.063264960000000000e+09
1.103999995013170654e+01 2.459611136000000000e+09
1.107999994995102533e+01 4.199619072000000000e+09
1.111999994977034234e+01 5.787868160000000000e+09
1.115999994958966113e+01 6.761384448000000000e+09
1.119999994940897992e+01 6.899231232000000000e+09
1.123999994922829870e+01 6.271866880000000000e+09
1.127999994904761394e+01 5.247114752000000000e+09
1.131999994886693095e+01 4.145955584000000000e+09
1.135999994868624974e+01 3.273501696000000000e+09
1.139999994850556853e+01 2.704285440000000000e+09
1.143999994832488731e+01 2.474132736000000000e+09
1.147999994814420255e+01 2.577593344000000000e+09
1.151999994796351956e+01 2.979937280000000000e+09
1.155999994778283835e+01 3.668983040000000000e+09
1.159999994760215714e+01 4.564068864000000000e+09
1.163999994742147592e+01 5.509173248000000000e+09
1.167999994724079293e+01 6.360902656000000000e+09
1.171999994706010817e+01 6.947876352000000000e+09
1.175999994687942696e+01 7.030174720000000000e+09
1.179999994669874575e+01 6.626267648000000000e+09
1.183999994651806453e+01 5.759360512000000000e+09
1.187999994633738332e+01 4.616271872000000000e+09
1.191999994615669856e+01 3.427670016000000000e+09
1.195999994597601557e+01 2.345106944000000000e+09
