# x = Time (fs); y = Power (W)
-1.035999995320330669e+01 2.827169536000000000e+09
-1.031999995338398968e+01 3.565141248000000000e+09
-1.027999995356467089e+01 4.590951936000000000e+09
-1.023999995374535388e+01 5.722056192000000000e+09
-1.019999995392603687e+01 6.582203392000000000e+09
-1.015999995410671808e+01 6.551655424000000000e+09
-1.011999995428740107e+01 5.670763008000000000e+09
-1.007999995446808228e+01 4.450787840000000000e+09
-1.003999995464876527e+01 3.252360704000000000e+09
-9.999999954829448257e+00 2.215605248000000000e+09
-9.959999955010129469e+00 1.383576192000000000e+09
-9.919999955190810681e+00 7.873368960000000000e+08
-9.879999955371493670e+00 3.712276800000000000e+08
-9.839999955552174882e+00 1.247972080000000000e+08
-9.799999955732859647e+00 2.187466600000000000e+07
-9.759999955913540859e+00 4.486723200000000000e+07
-9.719999956094222071e+00 2.069441600000000000e+08
-9.679999956274905060e+00 5.165542400000000000e+08
-9.639999956455586272e+00 1.012145088000000000e+09
-9.599999956636269260e+00 1.654304384000000000e+09
-9.559999956816952249e+00 2.367232256000000000e+09
-9.519999956997633461e+00 3.048524032000000000e+09
-9.479999957178316450e+00 3.431335936000000000e+09
-9.439999957358997662e+00 3.451779328000000000e+09
-9.399999957539680651e+00 3.048118784000000000e+09
-9.359999957720363639e+00 2.254489344000000000e+09
-9.319999957901044851e+00 1.379380480000000000e+09
-9.279999958081726064e+00 6.999097600000000000e+08
-9.239999958262409052e+00 3.022946240000000000e+08
-9.199999958443092041e+00 2.248735520000000000e+08
-9.159999958623775029e+00 4.979548480000000000e+08
-9.119999958804456242e+00 1.344602880000000000e+09
-9.079999958985137454e+00 2.747881728000000000e+09
-9.039999959165818666e+00 4.406973440000000000e+09
-8.999999959346501655e+00 6.075716096000000000e+09
-8.959999959527186419e+00 7.557355008000000000e+09
-8.919999959707867632e+00 8.452553728000000000e+09
-8.879999959888548844e+00 9.037699072000000000e+09
-8.839999960069230056e+00 8.852590592000000000e+09
-8.799999960249913045e+00 8.096213504000000000e+09
-8.759999960430597810e+00 7.500910080000000000e+09
-8.719999960611279022e+00 6.293133824000000000e+09
-8.679999960791960234e+00 4.574461440000000000e+09
-8.639999960972641446e+00 2.901603328000000000e+09
-8.599999961153324435e+00 1.783682176000000000e+09
-8.559999961334007423e+00 1.654851968000000000e+09
-8.519999961514690412e+00 2.252326400000000000e+09
-8.479999961695371624e+00 3.190910976000000000e+09
-8.439999961876052836e+00 4.379682816000000000e+09
-8.399999962056734049e+00 5.932849152000000000e+09
-8.359999962237418814e+00 7.616935936000000000e+09
-8.319999962418101802e+00 9.483950080000000000e+09
-8.279999962598783014e+00 1.208962457600000000e+10
-8.239999962779464227e+00 1.454823424000000000e+10
-8.199999962960145439e+00 1.627067494400000000e+10
-8.159999963140828427e+00 1.700121804800000000e+10
-8.119999963321513192e+00 1.627945369600000000e+10
-8.079999963502194404e+00 1.436979097600000000e+10
-8.039999963682875617e+00 1.138171801600000000e+10
-7.999999963863557717e+00 7.886940672000000000e+09
-7.959999964044240706e+00 5.120805376000000000e+09
-7.919999964224921918e+00 3.161721856000000000e+09
-7.879999964405605795e+00 1.953986432000000000e+09
-7.839999964586287007e+00 1.348755584000000000e+09
-7.799999964766968219e+00 9.490911360000000000e+08
-7.759999964947650319e+00 7.103914240000000000e+08
-7.719999965128333308e+00 5.757319680000000000e+08
-7.679999965309016297e+00 4.858794880000000000e+08
-7.639999965489698397e+00 4.680108160000000000e+08
-7.599999965670379609e+00 9.206674560000000000e+08
-7.559999965851061710e+00 2.267871744000000000e+09
-7.519999966031744698e+00 4.144584448000000000e+09
-7.479999966212426799e+00 4.893328384000000000e+09
-7.439999966393109787e+00 3.996238848000000000e+09
-7.399999966573790999e+00 2.728791040000000000e+09
-7.359999966754473100e+00 4.010255104000000000e+09
-7.319999966935154312e+00 9.357761536000000000e+09
-7.279999967115837300e+00 1.804688179200000000e+10
-7.239999967296521177e+00 2.755571302400000000e+10
-7.199999967477202389e+00 3.231773696000000000e+10
-7.159999967657884490e+00 2.847264972800000000e+10
-7.119999967838565702e+00 1.883217510400000000e+10
-7.079999968019248691e+00 1.026127872000000000e+10
-7.039999968199931679e+00 4.920082432000000000e+09
-6.999999968380612891e+00 2.244534272000000000e+09
-6.959999968561295880e+00 1.490496000000000000e+09
-6.919999968741977980e+00 3.387540992000000000e+09
-6.879999968922660081e+00 8.706185216000000000e+09
-6.839999969103342181e+00 1.509889843200000000e+10
-6.799999969284024282e+00 1.832363417600000000e+10
-6.759999969464706382e+00 1.540583833600000000e+10
-6.719999969645389370e+00 9.843138560000000000e+09
-6.679999969826070583e+00 4.803416576000000000e+09
-6.639999970006753571e+00 1.848141824000000000e+09
-6.599999970187435672e+00 4.876341440000000000e+08
-6.559999970368116884e+00 3.043437200000000000e+07
-6.519999970548799872e+00 2.091044000000000000e+08
-6.479999970729481973e+00 6.579316480000000000e+08
-6.439999970910164961e+00 1.003038656000000000e+09
-6.399999971090846174e+00 1.035921920000000000e+09
-6.359999971271528274e+00 7.172721280000000000e+08
-6.319999971452211263e+00 1.761789440000000000e+08
-6.279999971632893363e+00 1.452283360000000000e+08
-6.239999971813575463e+00 1.105698816000000000e+09
-6.199999971994257564e+00 3.774275072000000000e+09
-6.159999972174939664e+00 1.030186496000000000e+10
-6.119999972355622653e+00 1.919293849600000000e+10
-6.079999972536303865e+00 2.691547750400000000e+10
-6.039999972716985965e+00 2.847730688000000000e+10
-5.999999972897668954e+00 2.607818956800000000e+10
-5.959999973078351054e+00 2.289975910400000000e+10
-5.919999973259033155e+00 1.898775552000000000e+10
-5.879999973439715255e+00 1.570301440000000000e+10
-5.839999973620396467e+00 1.135003648000000000e+10
-5.799999973801080344e+00 6.487286784000000000e+09
-5.759999973981761556e+00 4.337658368000000000e+09
-5.719999974162444545e+00 7.087942656000000000e+09
-5.679999974343126645e+00 4.096943104000000000e+09
-5.639999974523807857e+00 8.466871680000000000e+08
-5.599999974704491734e+00 9.802415104000000000e+09
-5.559999974885172946e+00 1.480167731200000000e+10
-5.519999975065855047e+00 1.947961753600000000e+10
-5.479999975246538035e+00 3.850127360000000000e+10
-5.439999975427219248e+00 6.328981094400000000e+10
-5.399999975607903124e+00 8.579000729600000000e+10
-5.359999975788584337e+00 8.623765094400000000e+10
-5.319999975969265549e+00 6.148486758400000000e+10
-5.279999976149949426e+00 3.477819392000000000e+10
-5.239999976330630638e+00 1.645487411200000000e+10
-5.199999976511312738e+00 7.606934528000000000e+09
-5.159999976691995727e+00 3.349286656000000000e+09
-5.119999976872676939e+00 1.451101952000000000e+09
-5.079999977053359039e+00 1.891568384000000000e+09
-5.039999977234042028e+00 2.286781184000000000e+09
-4.999999977414724128e+00 4.668011520000000000e+09
-4.959999977595407117e+00 5.789040128000000000e+09
-4.919999977776088329e+00 7.292796928000000000e+09
-4.879999977956770429e+00 8.862523392000000000e+09
-4.839999978137453418e+00 8.811019264000000000e+09
-4.799999978318134630e+00 8.066796032000000000e+09
-4.759999978498816731e+00 5.314536960000000000e+09
-4.719999978679499719e+00 1.358101120000000000e+09
-4.679999978860181820e+00 5.454205440000000000e+08
-4.639999979040864808e+00 4.890834944000000000e+09
-4.599999979221546020e+00 1.489397555200000000e+10
-4.559999979402228121e+00 2.656166912000000000e+10
-4.519999979582911109e+00 3.742517248000000000e+10
-4.479999979763593210e+00 3.189330534400000000e+10
-4.439999979944274422e+00 1.242308710400000000e+10
-4.399999980124957411e+00 3.639703808000000000e+09
-4.359999980305639511e+00 2.462045798400000000e+10
-4.319999980486322499e+00 4.550591692800000000e+10
-4.279999980667003712e+00 4.807652147200000000e+10
-4.239999980847685812e+00 3.235793305600000000e+10
-4.199999981028368801e+00 1.725453721600000000e+10
-4.159999981209050901e+00 1.165845401600000000e+10
-4.119999981389732113e+00 1.350812876800000000e+10
-4.079999981570415102e+00 2.245406720000000000e+10
-4.039999981751097202e+00 3.886609612800000000e+10
-3.999999981931778859e+00 5.066175283200000000e+10
-3.959999982112461847e+00 3.803239219200000000e+10
-3.919999982293143503e+00 2.303285043200000000e+10
-3.879999982473826936e+00 1.561487667200000000e+10
-3.839999982654508148e+00 8.768395264000000000e+09
-3.799999982835189805e+00 4.660503040000000000e+09
-3.759999983015873237e+00 2.577064704000000000e+09
-3.719999983196554894e+00 5.193268224000000000e+09
-3.679999983377236550e+00 1.186069708800000000e+10
-3.639999983557919538e+00 2.150904627200000000e+10
-3.599999983738601195e+00 2.044010496000000000e+10
-3.559999983919284627e+00 1.598716211200000000e+10
-3.519999984099966284e+00 1.335974400000000000e+10
-3.479999984280647940e+00 1.115610726400000000e+10
-3.439999984461330929e+00 4.548173312000000000e+09
-3.399999984642012585e+00 1.072094208000000000e+10
-3.359999984822694241e+00 3.211895398400000000e+10
-3.319999985003377230e+00 5.516570214400000000e+10
-3.279999985184058886e+00 6.392032460800000000e+10
-3.239999985364742319e+00 5.977925632000000000e+10
-3.199999985545423975e+00 4.376993382400000000e+10
-3.159999985726105631e+00 1.796691558400000000e+10
-3.119999985906788620e+00 3.350721536000000000e+09
-3.079999986087470276e+00 1.031241625600000000e+10
-3.039999986268151932e+00 3.027174400000000000e+10
-2.999999986448835365e+00 4.917582643200000000e+10
-2.959999986629517021e+00 6.188503449600000000e+10
-2.919999986810200010e+00 5.323205017600000000e+10
-2.879999986990881666e+00 2.543489228800000000e+10
-2.839999987171563323e+00 7.664996864000000000e+09
-2.799999987352246311e+00 8.013569536000000000e+09
-2.759999987532927967e+00 1.023596646400000000e+10
-2.719999987713609624e+00 5.183270912000000000e+09
-2.679999987894293056e+00 2.773484800000000000e+09
-2.639999988074974713e+00 1.716695859200000000e+10
-2.599999988255656369e+00 3.176319180800000000e+10
-2.559999988436339358e+00 3.271121920000000000e+10
-2.519999988617021014e+00 2.153221734400000000e+10
-2.479999988797704447e+00 1.327996928000000000e+10
-2.439999988978386103e+00 1.553274572800000000e+10
-2.399999989159067315e+00 1.437209292800000000e+10
-2.359999989339750748e+00 7.511860736000000000e+09
-2.319999989520432404e+00 1.711491072000000000e+09
-2.279999989701114060e+00 4.301227008000000000e+09
-2.239999989881797049e+00 7.821159424000000000e+09
-2.199999990062478705e+00 8.522713088000000000e+09
-2.159999990243162138e+00 5.348998144000000000e+09
-2.119999990423843794e+00 4.244397824000000000e+09
-2.079999990604525451e+00 2.494858240000000000e+10
-2.039999990785208439e+00 4.604195225600000000e+10
-1.999999990965890095e+00 3.504887808000000000e+10
-1.959999991146571752e+00 1.845979955200000000e+10
-1.919999991327254962e+00 2.787134054400000000e+10
-1.879999991507936619e+00 2.073947750400000000e+10
-1.839999991688619829e+00 4.160884326400000000e+10
-1.799999991869301486e+00 1.050410352640000000e+11
-1.759999992049983142e+00 1.467052359680000000e+11
-1.719999992230666352e+00 9.370970521600000000e+10
-1.679999992411347787e+00 3.829334016000000000e+10
-1.639999992592029443e+00 7.512306176000000000e+09
-1.599999992772712654e+00 2.759675392000000000e+09
-1.559999992953394310e+00 4.408433664000000000e+09
-1.519999993134077521e+00 5.304603136000000000e+09
-1.479999993314759177e+00 8.605906944000000000e+09
-1.439999993495440833e+00 1.035351040000000000e+10
-1.399999993676124044e+00 8.048981504000000000e+09
-1.359999993856805700e+00 2.013190144000000000e+10
-1.319999994037487356e+00 3.538336563200000000e+10
-1.279999994218170567e+00 5.134125056000000000e+10
-1.239999994398852223e+00 6.174643814400000000e+10
-1.199999994579533658e+00 6.648621875200000000e+10
-1.159999994760216868e+00 7.659728896000000000e+10
-1.119999994940898524e+00 8.271269888000000000e+10
-1.079999995121581735e+00 6.681190400000000000e+10
-1.039999995302263391e+00 4.396922060800000000e+10
-9.999999954829450477e-01 2.309583462400000000e+10
-9.599999956636282583e-01 1.430006272000000000e+10
-9.199999958443099146e-01 1.556617318400000000e+10
-8.799999960249915709e-01 2.062830796800000000e+10
-8.399999962056747815e-01 2.460285747200000000e+10
-7.999999963863563268e-01 3.564797952000000000e+10
-7.599999965670395374e-01 5.505826406400000000e+10
-7.199999967477211937e-01 5.375752601600000000e+10
-6.799999969284028500e-01 2.674447564800000000e+10
-6.399999971090860607e-01 4.511008768000000000e+09
-5.999999972897677170e-01 1.594061516800000000e+10
-5.599999974704492622e-01 3.448889344000000000e+10
-5.199999976511324729e-01 3.098677248000000000e+10
-4.799999978318141292e-01 1.929633177600000000e+10
-4.399999980124973398e-01 1.612162662400000000e+10
-3.999999981931789961e-01 1.957531648000000000e+10
-3.599999983738605969e-01 2.590478950400000000e+10
-3.199999985545438075e-01 2.850532147200000000e+10
-2.799999987352254638e-01 1.439352217600000000e+10
-2.399999989159070646e-01 1.516717568000000000e+10
-1.999999990965902752e-01 3.721611264000000000e+10
-1.599999992772719037e-01 3.453137305600000000e+10
-1.199999994579535323e-01 1.436406374400000000e+10
-7.999999963863674290e-02 8.815617024000000000e+09
-3.999999981931837145e-02 2.444829286400000000e+10
-1.577721810442023611e-15 3.113089433600000000e+10
3.999999981931678938e-02 2.242883584000000000e+10
7.999999963863516084e-02 1.459135385600000000e+10
1.199999994579519502e-01 2.290432614400000000e+10
1.599999992772703217e-01 2.640881868800000000e+10
1.999999990965886931e-01 2.789003673600000000e+10
2.399999989159054825e-01 7.415309107200000000e+10
2.799999987352238540e-01 1.849187205120000000e+11
3.199999985545406433e-01 2.647073751040000000e+11
3.599999983738590426e-01 1.993862676480000000e+11
3.999999981931773863e-01 7.908312678400000000e+10
4.399999980124941756e-01 9.710367744000000000e+09
4.799999978318125748e-01 8.860606464000000000e+09
5.199999976511309185e-01 2.753870028800000000e+10
5.599999974704477079e-01 3.044191641600000000e+10
5.999999972897660516e-01 2.043398963200000000e+10
6.399999971090828410e-01 1.273624166400000000e+10
6.799999969284012957e-01 6.864317952000000000e+09
7.199999967477196394e-01 3.795596544000000000e+09
7.599999965670364288e-01 7.789052800000000000e+08
7.999999963863547725e-01 2.750567936000000000e+09
8.399999962056731162e-01 1.890251366400000000e+10
8.799999960249899056e-01 5.198675148800000000e+10
9.199999958443083603e-01 7.924188774400000000e+10
9.599999956636251497e-01 7.229386752000000000e+10
9.999999954829434934e-01 4.585306521600000000e+10
1.039999995302261837e+00 2.320059392000000000e+10
1.079999995121578626e+00 7.873435648000000000e+09
1.119999994940896970e+00 2.946482944000000000e+09
1.159999994760215314e+00 8.525196288000000000e+09
1.199999994579532103e+00 2.405998387200000000e+10
1.239999994398850447e+00 3.529474048000000000e+10
1.279999994218169013e+00 3.796773273600000000e+10
1.319999994037487356e+00 2.891150950400000000e+10
1.359999993856802591e+00 1.553146675200000000e+10
1.399999993676120935e+00 6.779226624000000000e+09
1.439999993495439279e+00 4.853754880000000000e+09
1.479999993314757623e+00 9.070238720000000000e+09
1.519999993134075966e+00 2.474913996800000000e+10
1.559999992953391201e+00 4.785870028800000000e+10
1.599999992772709545e+00 6.541921894400000000e+10
1.639999992592027889e+00 8.283095859200000000e+10
1.679999992411346232e+00 8.368706355200000000e+10
1.719999992230664798e+00 4.532256768000000000e+10
1.759999992049983142e+00 7.361188352000000000e+09
1.799999991869298377e+00 3.082023680000000000e+09
1.839999991688616721e+00 1.258639360000000000e+10
1.879999991507935064e+00 1.410722713600000000e+10
1.919999991327253408e+00 1.640946585600000000e+10
1.959999991146571752e+00 1.292459008000000000e+10
1.999999990965886987e+00 5.906519552000000000e+09
2.039999990785205330e+00 6.402237440000000000e+08
2.079999990604523674e+00 2.385967360000000000e+08
2.119999990423842018e+00 3.959068416000000000e+09
2.159999990243160362e+00 1.694219366400000000e+10
2.199999990062475597e+00 3.056609894400000000e+10
2.239999989881793940e+00 4.982574284800000000e+10
2.279999989701112284e+00 7.297780121600000000e+10
2.319999989520430628e+00 9.156965171200000000e+10
2.359999989339748971e+00 9.307112243200000000e+10
2.399999989159067315e+00 6.524476211200000000e+10
2.439999988978382550e+00 2.889792307200000000e+10
2.479999988797700894e+00 4.280397824000000000e+09
2.519999988617019682e+00 3.311758848000000000e+09
2.559999988436338025e+00 1.343370752000000000e+10
2.599999988255656369e+00 1.552520294400000000e+10
2.639999988074971604e+00 1.288803635200000000e+10
2.679999987894289948e+00 1.087865036800000000e+10
2.719999987713608292e+00 1.157998592000000000e+10
2.759999987532926635e+00 1.920446054400000000e+10
2.799999987352244979e+00 3.302067814400000000e+10
2.839999987171563323e+00 4.607954944000000000e+10
2.879999986990878558e+00 4.967999078400000000e+10
2.919999986810196901e+00 4.315568537600000000e+10
2.959999986629515245e+00 3.932150988800000000e+10
2.999999986448833589e+00 2.867921305600000000e+10
3.039999986268151932e+00 1.514779340800000000e+10
3.079999986087467168e+00 5.096514048000000000e+09
3.119999985906785511e+00 2.328523520000000000e+09
3.159999985726103855e+00 5.514844160000000000e+09
3.199999985545422199e+00 7.408407040000000000e+09
3.239999985364740542e+00 5.959296512000000000e+09
3.279999985184055777e+00 6.711784448000000000e+09
3.319999985003374121e+00 1.785997312000000000e+10
3.359999984822692465e+00 3.004758220800000000e+10
3.399999984642010808e+00 2.223064268800000000e+10
3.439999984461329596e+00 1.368923648000000000e+10
3.479999984280647940e+00 6.320408960000000000e+08
3.519999984099963175e+00 2.282296934400000000e+10
3.559999983919281519e+00 9.741157990400000000e+10
3.599999983738599862e+00 1.429164195840000000e+11
3.639999983557918206e+00 1.167872327680000000e+11
3.679999983377236550e+00 7.505732403200000000e+10
3.719999983196551785e+00 4.933004902400000000e+10
3.759999983015870129e+00 3.524268032000000000e+10
3.799999982835188472e+00 1.789128704000000000e+10
3.839999982654506816e+00 4.019826688000000000e+09
3.879999982473825160e+00 5.055187456000000000e+09
3.919999982293143503e+00 2.065977139200000000e+10
3.959999982112458738e+00 3.175684710400000000e+10
3.999999981931777082e+00 2.973326950400000000e+10
4.039999981751095426e+00 3.456106496000000000e+10
4.079999981570414214e+00 5.783307059200000000e+10
4.119999981389732113e+00 8.134781337600000000e+10
4.159999981209047348e+00 8.536582553600000000e+10
4.199999981028366136e+00 6.785803468800000000e+10
4.239999980847684036e+00 4.214914662400000000e+10
4.279999980667002824e+00 1.890875801600000000e+10
4.319999980486320723e+00 6.662354944000000000e+09
4.359999980305635958e+00 1.736973568000000000e+09
4.399999980124954746e+00 1.887827968000000000e+09
4.439999979944272646e+00 7.198634496000000000e+09
4.479999979763591433e+00 1.484012032000000000e+10
4.519999979582909333e+00 1.593569484800000000e+10
4.559999979402228121e+00 1.737746227200000000e+10
4.599999979221543356e+00 2.447303065600000000e+10
4.639999979040861255e+00 2.958357094400000000e+10
4.679999978860180043e+00 2.885673984000000000e+10
4.719999978679497943e+00 2.618874265600000000e+10
4.759999978498816731e+00 2.394067968000000000e+10
4.799999978318131966e+00 1.980507136000000000e+10
4.839999978137449865e+00 1.603079372800000000e+10
4.879999977956768653e+00 2.152431206400000000e+10
4.919999977776087441e+00 2.778008371200000000e+10
4.959999977595405340e+00 3.254938419200000000e+10
4.999999977414724128e+00 3.632806707200000000e+10
5.039999977234039363e+00 3.103933030400000000e+10
5.079999977053357263e+00 1.272211148800000000e+10
5.119999976872676051e+00 2.878620416000000000e+09
5.159999976691993950e+00 3.978626816000000000e+09
5.199999976511312738e+00 7.185943040000000000e+09
5.239999976330627973e+00 9.100719104000000000e+09
5.279999976149945873e+00 9.033790464000000000e+09
5.319999975969264661e+00 9.958896640000000000e+09
5.359999975788582560e+00 2.348237824000000000e+10
5.399999975607901348e+00 4.395825971200000000e+10
5.439999975427216583e+00 5.733298176000000000e+10
5.479999975246534483e+00 5.431071948800000000e+10
5.519999975065853270e+00 3.699642777600000000e+10
5.559999974885171170e+00 2.006155468800000000e+10
5.599999974704489958e+00 1.377434726400000000e+10
5.639999974523807857e+00 1.514781593600000000e+10
5.679999974343123093e+00 1.517606092800000000e+10
5.719999974162441880e+00 5.682241024000000000e+09
5.759999973981759780e+00 8.155893760000000000e+08
5.799999973801078568e+00 4.604801024000000000e+09
5.839999973620396467e+00 1.120794726400000000e+10
5.879999973439711702e+00 6.862810624000000000e+09
5.919999973259030490e+00 8.779510400000000000e+08
5.959999973078349278e+00 1.458372915200000000e+10
5.999999972897667178e+00 3.545552896000000000e+10
6.039999972716985965e+00 4.658009702400000000e+10
6.079999972536301200e+00 5.770981376000000000e+10
6.119999972355619100e+00 6.490498662400000000e+10
6.159999972174937888e+00 5.676605030400000000e+10
6.199999971994255787e+00 3.736147968000000000e+10
6.239999971813574575e+00 1.774178304000000000e+10
6.279999971632892475e+00 9.886071808000000000e+09
6.319999971452207710e+00 1.844725760000000000e+10
6.359999971271526498e+00 3.428927488000000000e+10
6.399999971090844397e+00 4.638824448000000000e+10
6.439999970910163185e+00 5.048059904000000000e+10
6.479999970729481085e+00 5.413877350400000000e+10
6.519999970548796320e+00 5.603913728000000000e+10
6.559999970368115108e+00 5.460905164800000000e+10
6.599999970187433007e+00 4.746870374400000000e+10
6.639999970006751795e+00 3.658864230400000000e+10
6.679999969826069695e+00 2.512182476800000000e+10
6.719999969645388482e+00 1.624783360000000000e+10
6.759999969464703717e+00 8.410734080000000000e+09
6.799999969284021617e+00 2.810896896000000000e+09
6.839999969103340405e+00 5.681756160000000000e+08
6.879999968922659193e+00 1.517307264000000000e+09
6.919999968741977092e+00 3.397607680000000000e+09
6.959999968561292327e+00 5.649178624000000000e+09
6.999999968380611115e+00 9.152647168000000000e+09
7.039999968199929015e+00 1.259842150400000000e+10
7.079999968019247802e+00 1.369925734400000000e+10
7.119999967838565702e+00 1.380811264000000000e+10
7.159999967657880937e+00 1.722193715200000000e+10
7.199999967477199725e+00 2.459830067200000000e+10
7.239999967296517625e+00 3.264202547200000000e+10
7.279999967115836412e+00 4.010695475200000000e+10
7.319999966935154312e+00 4.814649344000000000e+10
7.359999966754473100e+00 5.287713177600000000e+10
7.399999966573788335e+00 4.677550489600000000e+10
7.439999966393106234e+00 3.357654630400000000e+10
7.479999966212425022e+00 2.015832883200000000e+10
7.519999966031742922e+00 1.104638668800000000e+10
7.559999965851061710e+00 5.600636928000000000e+09
7.599999965670376945e+00 2.838266624000000000e+09
7.639999965489694844e+00 1.755005952000000000e+09
7.679999965309013632e+00 1.305438080000000000e+09
7.719999965128331532e+00 1.518287744000000000e+09
7.759999964947650319e+00 4.009594624000000000e+09
7.799999964766968219e+00 1.105829478400000000e+10
7.839999964586283454e+00 2.268414566400000000e+10
7.879999964405602242e+00 3.291385036800000000e+10
7.919999964224921030e+00 3.484913254400000000e+10
7.959999964044238929e+00 2.916426956800000000e+10
7.999999963863557717e+00 2.053615616000000000e+10
8.039999963682872064e+00 1.342474342400000000e+10
8.079999963502190852e+00 9.283941376000000000e+09
8.119999963321509640e+00 6.437417472000000000e+09
8.159999963140828427e+00 4.707946496000000000e+09
8.199999962960145439e+00 3.569847808000000000e+09
8.239999962779460674e+00 2.796676352000000000e+09
8.279999962598779462e+00 2.844849152000000000e+09
8.319999962418098249e+00 3.527883776000000000e+09
8.359999962237417037e+00 4.519277568000000000e+09
8.399999962056734049e+00 5.398475776000000000e+09
8.439999961876052836e+00 6.114787840000000000e+09
8.479999961695368071e+00 9.066503168000000000e+09
8.519999961514686859e+00 1.696035840000000000e+10
8.559999961334005647e+00 2.984006041600000000e+10
8.599999961153322658e+00 4.010662297600000000e+10
8.639999960972641446e+00 3.932996403200000000e+10
8.679999960791956681e+00 2.809688473600000000e+10
8.719999960611275469e+00 1.526295142400000000e+10
8.759999960430594257e+00 6.105862656000000000e+09
8.799999960249911268e+00 1.734466432000000000e+09
8.839999960069230056e+00 9.819618560000000000e+08
8.879999959888548844e+00 2.099577216000000000e+09
8.919999959707864079e+00 3.479758080000000000e+09
8.959999959527182867e+00 3.921425664000000000e+09
8.999999959346501655e+00 3.611875072000000000e+09
9.039999959165818666e+00 3.162139392000000000e+09
9.079999958985137454e+00 2.545297152000000000e+09
9.119999958804452689e+00 1.653468800000000000e+09
9.159999958623771477e+00 7.485527040000000000e+08
9.199999958443090264e+00 3.456397120000000000e+08
9.239999958262407276e+00 3.723144640000000000e+08
9.279999958081726064e+00 2.511882880000000000e+08
9.319999957901041299e+00 6.397809920000000000e+08
9.359999957720360086e+00 3.633434624000000000e+09
9.399999957539678874e+00 1.030610636800000000e+10
9.439999957358995886e+00 1.816617369600000000e+10
9.479999957178314673e+00 2.378330521600000000e+10
9.519999956997633461e+00 2.492935168000000000e+10
9.559999956816948696e+00 2.164137984000000000e+10
9.599999956636267484e+00 1.612404428800000000e+10
9.639999956455584496e+00 1.165895475200000000e+10
9.679999956274903283e+00 8.433846784000000000e+09
9.719999956094222071e+00 6.587591680000000000e+09
9.759999955913537306e+00 5.550313984000000000e+09
9.799999955732856094e+00 4.803300864000000000e+09
9.839999955552174882e+00 4.196640256000000000e+09
9.879999955371491893e+00 3.607403776000000000e+09
9.919999955190810681e+00 3.077735168000000000e+09
9.959999955010125916e+00 2.648515328000000000e+09
9.999999954829444704e+00 2.341723392000000000e+09
1.003999995464876349e+01 2.323346688000000000e+09
1.007999995446808050e+01 2.732100864000000000e+09
1.011999995428739929e+01 3.746569216000000000e+09
1.015999995410671808e+01 5.347721216000000000e+09
1.019999995392603331e+01 7.184426496000000000e+09
1.023999995374535210e+01 9.095319552000000000e+09
1.027999995356466911e+01 1.081755136000000000e+10
1.031999995338398790e+01 1.213776281600000000e+10
1.035999995320330669e+01 1.270171648000000000e+10
1.039999995302262192e+01 1.207932211200000000e+10
1.043999995284194071e+01 1.020244172800000000e+10
1.047999995266125772e+01 7.657600512000000000e+09
1.051999995248057651e+01 5.441557504000000000e+09
1.055999995229989530e+01 4.052026112000000000e+09
1.059999995211921409e+01 3.539670272000000000e+09
1.063999995193852932e+01 3.567513088000000000e+09
1.067999995175784633e+01 3.874208512000000000e+09
1.071999995157716512e+01 4.375039488000000000e+09
1.075999995139648391e+01 5.363920384000000000e+09
1.079999995121580270e+01 7.183948800000000000e+09
1.083999995103511793e+01 9.696371712000000000e+09
1.087999995085443672e+01 1.215754444800000000e+10
1.091999995067375373e+01 1.319552307200000000e+10
1.095999995049307252e+01 1.207488000000000000e+10
1.099999995031239131e+01 9.603748864000000000e+09
1.103999995013170654e+01 6.871897600000000000e+09
1.107999994995102533e+01 4.559959552000000000e+09
1.111999994977034234e+01 2.987019264000000000e+09
1.115999994958966113e+01 2.188200960000000000e+09
1.119999994940897992e+01 2.298616832000000000e+09
1.123999994922829870e+01 3.543943168000000000e+09
1.127999994904761394e+01 5.899904512000000000e+09
1.131999994886693095e+01 8.699841536000000000e+09
1.135999994868624974e+01 1.056485273600000000e+10
1.139999994850556853e+01 1.031116697600000000e+10
1.143999994832488731e+01 8.325183488000000000e+09
1.147999994814420255e+01 5.853413888000000000e+09
1.151999994796351956e+01 3.726824960000000000e+09
1.155999994778283835e+01 2.223470336000000000e+09
1.159999994760215714e+01 1.303065216000000000e+09
1.163999994742147592e+01 8.059923840000000000e+08
1.167999994724079293e+01 5.993877120000000000e+08
1.171999994706010817e+01 5.714060800000000000e+08
1.175999994687942696e+01 6.647827200000000000e+08
1.179999994669874575e+01 8.535571840000000000e+08
1.183999994651806453e+01 1.122910848000000000e+09
1.187999994633738332e+01 1.472091008000000000e+09
1.191999994615669856e+01 1.908916224000000000e+09
1.195999994597601557e+01 2.431896320000000000e+09
1.199999994579533436e+01 3.047104768000000000e+09
1.203999994561465314e+01 3.771384832000000000e+09
1.207999994543397193e+01 4.528774144000000000e+09
1.211999994525328717e+01 5.292894208000000000e+09
1.215999994507260418e+01 5.988661248000000000e+09
1.219999994489192296e+01 6.499700224000000000e+09
1.223999994471124175e+01 6.792937472000000000e+09
1.227999994453056054e+01 6.758562304000000000e+09
1.231999994434987755e+01 6.455109120000000000e+09
1.235999994416919279e+01 5.949708800000000000e+09
1.239999994398851157e+01 5.308832768000000000e+09
1.243999994380783036e+01 4.668527104000000000e+09
1.247999994362714915e+01 4.077965568000000000e+09
1.251999994344646616e+01 3.525362176000000000e+09
