# x = Time (fs); y = Power (W)
-1.203999994561465492e+01 1.358708480000000000e+09
-1.199999994579533613e+01 1.603113344000000000e+09
-1.195999994597601912e+01 1.859734272000000000e+09
-1.191999994615670033e+01 2.098061952000000000e+09
-1.187999994633738332e+01 2.307229440000000000e+09
-1.183999994651806631e+01 2.442119168000000000e+09
-1.179999994669874752e+01 2.485740544000000000e+09
-1.175999994687943051e+01 2.399624448000000000e+09
-1.171999994706011172e+01 2.164645120000000000e+09
-1.167999994724079293e+01 1.806109312000000000e+09
-1.163999994742147770e+01 1.339234560000000000e+09
-1.159999994760215891e+01 8.704702080000000000e+08
-1.155999994778284012e+01 4.512989120000000000e+08
-1.151999994796352311e+01 1.543490080000000000e+08
-1.147999994814420432e+01 1.396664300000000000e+07
-1.143999994832488731e+01 2.638764600000000000e+07
-1.139999994850557030e+01 1.763802080000000000e+08
-1.135999994868625151e+01 4.194725120000000000e+08
-1.131999994886693450e+01 6.990697600000000000e+08
-1.127999994904761571e+01 9.209485440000000000e+08
-1.123999994922829870e+01 9.283840640000000000e+08
-1.119999994940898169e+01 7.540160000000000000e+08
-1.115999994958966290e+01 5.003689280000000000e+08
-1.111999994977034589e+01 2.581781440000000000e+08
-1.107999994995102711e+01 9.138582400000000000e+07
-1.103999995013171009e+01 9.868030000000000000e+06
-1.099999995031239131e+01 1.517598400000000000e+07
-1.095999995049307429e+01 1.101022560000000000e+08
-1.091999995067375551e+01 2.829628800000000000e+08
-1.087999995085443850e+01 5.269495040000000000e+08
-1.083999995103512148e+01 8.340771840000000000e+08
-1.079999995121580270e+01 1.193708032000000000e+09
-1.075999995139648568e+01 1.580942080000000000e+09
-1.071999995157716690e+01 1.948371200000000000e+09
-1.067999995175784989e+01 2.292603392000000000e+09
-1.063999995193853110e+01 2.573914624000000000e+09
-1.059999995211921409e+01 2.762862336000000000e+09
-1.055999995229989707e+01 2.930841856000000000e+09
-1.051999995248057829e+01 3.114381056000000000e+09
-1.047999995266126128e+01 3.354580224000000000e+09
-1.043999995284194249e+01 3.768465152000000000e+09
-1.039999995302262548e+01 4.480427008000000000e+09
-1.035999995320330669e+01 5.585287168000000000e+09
-1.031999995338398968e+01 7.158167552000000000e+09
-1.027999995356467089e+01 9.047631872000000000e+09
-1.023999995374535388e+01 1.074469990400000000e+10
-1.019999995392603687e+01 1.117587148800000000e+10
-1.015999995410671808e+01 9.357227008000000000e+09
-1.011999995428740107e+01 6.087946240000000000e+09
-1.007999995446808228e+01 3.003647744000000000e+09
-1.003999995464876527e+01 1.030279488000000000e+09
-9.999999954829448257e+00 2.155027840000000000e+08
-9.959999955010129469e+00 9.262240000000000000e+07
-9.919999955190810681e+00 2.262742560000000000e+08
-9.879999955371493670e+00 3.727316800000000000e+08
-9.839999955552174882e+00 4.673882880000000000e+08
-9.799999955732859647e+00 5.079362560000000000e+08
-9.759999955913540859e+00 4.660909760000000000e+08
-9.719999956094222071e+00 4.274507520000000000e+08
-9.679999956274905060e+00 4.258598400000000000e+08
-9.639999956455586272e+00 4.335163520000000000e+08
-9.599999956636269260e+00 4.671395520000000000e+08
-9.559999956816952249e+00 5.372030720000000000e+08
-9.519999956997633461e+00 6.420135680000000000e+08
-9.479999957178316450e+00 8.322785920000000000e+08
-9.439999957358997662e+00 1.072811904000000000e+09
-9.399999957539680651e+00 1.136252544000000000e+09
-9.359999957720363639e+00 7.064782080000000000e+08
-9.319999957901044851e+00 2.280894240000000000e+08
-9.279999958081726064e+00 8.181457920000000000e+08
-9.239999958262409052e+00 2.972588032000000000e+09
-9.199999958443092041e+00 6.255174656000000000e+09
-9.159999958623775029e+00 9.958100992000000000e+09
-9.119999958804456242e+00 1.326726860800000000e+10
-9.079999958985137454e+00 1.502393139200000000e+10
-9.039999959165818666e+00 1.383898521600000000e+10
-8.999999959346501655e+00 1.029386649600000000e+10
-8.959999959527186419e+00 6.736829952000000000e+09
-8.919999959707867632e+00 4.638734336000000000e+09
-8.879999959888548844e+00 4.168247552000000000e+09
-8.839999960069230056e+00 4.762295808000000000e+09
-8.799999960249913045e+00 5.386366976000000000e+09
-8.759999960430597810e+00 5.318167552000000000e+09
-8.719999960611279022e+00 4.478800384000000000e+09
-8.679999960791960234e+00 3.339470080000000000e+09
-8.639999960972641446e+00 2.329512192000000000e+09
-8.599999961153324435e+00 1.568160256000000000e+09
-8.559999961334007423e+00 1.015835200000000000e+09
-8.519999961514690412e+00 6.654138240000000000e+08
-8.479999961695371624e+00 3.972405760000000000e+08
-8.439999961876052836e+00 1.969916000000000000e+08
-8.399999962056734049e+00 1.607231040000000000e+08
-8.359999962237418814e+00 2.969639040000000000e+08
-8.319999962418101802e+00 1.091705984000000000e+09
-8.279999962598783014e+00 4.229035520000000000e+09
-8.239999962779464227e+00 1.070914252800000000e+10
-8.199999962960145439e+00 1.986075033600000000e+10
-8.159999963140828427e+00 2.811245363200000000e+10
-8.119999963321513192e+00 3.153080115200000000e+10
-8.079999963502194404e+00 2.876813516800000000e+10
-8.039999963682875617e+00 2.173946880000000000e+10
-7.999999963863557717e+00 1.461097984000000000e+10
-7.959999964044240706e+00 8.831478784000000000e+09
-7.919999964224921918e+00 4.702663680000000000e+09
-7.879999964405605795e+00 2.222728960000000000e+09
-7.839999964586287007e+00 8.383210880000000000e+08
-7.799999964766968219e+00 1.967764000000000000e+08
-7.759999964947650319e+00 2.282883400000000000e+07
-7.719999965128333308e+00 1.354241920000000000e+08
-7.679999965309016297e+00 4.213070080000000000e+08
-7.639999965489698397e+00 8.637987200000000000e+08
-7.599999965670379609e+00 1.421784704000000000e+09
-7.559999965851061710e+00 1.932250240000000000e+09
-7.519999966031744698e+00 2.373193984000000000e+09
-7.479999966212426799e+00 2.709062656000000000e+09
-7.439999966393109787e+00 2.833442048000000000e+09
-7.399999966573790999e+00 2.786957056000000000e+09
-7.359999966754473100e+00 2.529037824000000000e+09
-7.319999966935154312e+00 2.133645952000000000e+09
-7.279999967115837300e+00 2.129600384000000000e+09
-7.239999967296521177e+00 2.391248640000000000e+09
-7.199999967477202389e+00 2.559463680000000000e+09
-7.159999967657884490e+00 2.332246272000000000e+09
-7.119999967838565702e+00 1.620050560000000000e+09
-7.079999968019248691e+00 1.124410368000000000e+09
-7.039999968199931679e+00 2.635768576000000000e+09
-6.999999968380612891e+00 8.389390336000000000e+09
-6.959999968561295880e+00 1.791651635200000000e+10
-6.919999968741977980e+00 2.713932595200000000e+10
-6.879999968922660081e+00 2.973733273600000000e+10
-6.839999969103342181e+00 2.344839372800000000e+10
-6.799999969284024282e+00 1.499085312000000000e+10
-6.759999969464706382e+00 8.466657792000000000e+09
-6.719999969645389370e+00 4.677543424000000000e+09
-6.679999969826070583e+00 3.422632960000000000e+09
-6.639999970006753571e+00 4.203565824000000000e+09
-6.599999970187435672e+00 5.839799296000000000e+09
-6.559999970368116884e+00 8.181924864000000000e+09
-6.519999970548799872e+00 9.981589504000000000e+09
-6.479999970729481973e+00 1.193432371200000000e+10
-6.439999970910164961e+00 1.356902809600000000e+10
-6.399999971090846174e+00 1.393995571200000000e+10
-6.359999971271528274e+00 1.221256499200000000e+10
-6.319999971452211263e+00 8.312401920000000000e+09
-6.279999971632893363e+00 6.074113536000000000e+09
-6.239999971813575463e+00 5.127569920000000000e+09
-6.199999971994257564e+00 2.434139136000000000e+09
-6.159999972174939664e+00 8.599242400000000000e+07
-6.119999972355622653e+00 1.863737856000000000e+09
-6.079999972536303865e+00 7.990033920000000000e+09
-6.039999972716985965e+00 1.611312435200000000e+10
-5.999999972897668954e+00 2.415674163200000000e+10
-5.959999973078351054e+00 2.912521420800000000e+10
-5.919999973259033155e+00 2.516154982400000000e+10
-5.879999973439715255e+00 1.554756300800000000e+10
-5.839999973620396467e+00 8.625667072000000000e+09
-5.799999973801080344e+00 1.393822720000000000e+10
-5.759999973981761556e+00 2.586635878400000000e+10
-5.719999974162444545e+00 3.245799219200000000e+10
-5.679999974343126645e+00 2.547884441600000000e+10
-5.639999974523807857e+00 9.493769216000000000e+09
-5.599999974704491734e+00 1.393055616000000000e+09
-5.559999974885172946e+00 6.240370560000000000e+08
-5.519999975065855047e+00 1.551782784000000000e+09
-5.479999975246538035e+00 1.420392140800000000e+10
-5.439999975427219248e+00 4.149512601600000000e+10
-5.399999975607903124e+00 5.932832768000000000e+10
-5.359999975788584337e+00 5.818361856000000000e+10
-5.319999975969265549e+00 4.240018227200000000e+10
-5.279999976149949426e+00 2.907432140800000000e+10
-5.239999976330630638e+00 1.679479091200000000e+10
-5.199999976511312738e+00 8.237186048000000000e+09
-5.159999976691995727e+00 5.631196160000000000e+09
-5.119999976872676939e+00 3.615533568000000000e+09
-5.079999977053359039e+00 8.205958400000000000e+08
-5.039999977234042028e+00 3.151465600000000000e+08
-4.999999977414724128e+00 2.605901056000000000e+09
-4.959999977595407117e+00 4.374074880000000000e+09
-4.919999977776088329e+00 3.040620800000000000e+09
-4.879999977956770429e+00 3.740110080000000000e+09
-4.839999978137453418e+00 9.635729408000000000e+09
-4.799999978318134630e+00 6.420672000000000000e+09
-4.759999978498816731e+00 6.613528960000000000e+08
-4.719999978679499719e+00 2.510736384000000000e+10
-4.679999978860181820e+00 6.391174758400000000e+10
-4.639999979040864808e+00 8.082638438400000000e+10
-4.599999979221546020e+00 6.092432998400000000e+10
-4.559999979402228121e+00 3.856540057600000000e+10
-4.519999979582911109e+00 2.283901132800000000e+10
-4.479999979763593210e+00 1.469753856000000000e+10
-4.439999979944274422e+00 1.189365145600000000e+10
-4.399999980124957411e+00 7.829374464000000000e+09
-4.359999980305639511e+00 5.946664960000000000e+09
-4.319999980486322499e+00 5.456866816000000000e+09
-4.279999980667003712e+00 5.983413248000000000e+09
-4.239999980847685812e+00 4.596265984000000000e+09
-4.199999981028368801e+00 1.748881408000000000e+09
-4.159999981209050901e+00 3.028782080000000000e+08
-4.119999981389732113e+00 1.789863808000000000e+09
-4.079999981570415102e+00 9.551789056000000000e+09
-4.039999981751097202e+00 2.007764787200000000e+10
-3.999999981931778859e+00 2.062360985600000000e+10
-3.959999982112461847e+00 1.032227635200000000e+10
-3.919999982293143503e+00 3.497248000000000000e+09
-3.879999982473826936e+00 2.262940416000000000e+09
-3.839999982654508148e+00 2.335442176000000000e+09
-3.799999982835189805e+00 1.917908096000000000e+09
-3.759999983015873237e+00 4.020052480000000000e+09
-3.719999983196554894e+00 2.115144908800000000e+10
-3.679999983377236550e+00 6.310581862400000000e+10
-3.639999983557919538e+00 1.004046336000000000e+11
-3.599999983738601195e+00 1.091738091520000000e+11
-3.559999983919284627e+00 8.617326182400000000e+10
-3.519999984099966284e+00 5.810877644800000000e+10
-3.479999984280647940e+00 3.231741747200000000e+10
-3.439999984461330929e+00 1.928467660800000000e+10
-3.399999984642012585e+00 1.556336332800000000e+10
-3.359999984822694241e+00 1.577706496000000000e+10
-3.319999985003377230e+00 1.984604569600000000e+10
-3.279999985184058886e+00 1.970423398400000000e+10
-3.239999985364742319e+00 2.038977331200000000e+10
-3.199999985545423975e+00 2.431228723200000000e+10
-3.159999985726105631e+00 2.567904665600000000e+10
-3.119999985906788620e+00 2.246303129600000000e+10
-3.079999986087470276e+00 1.581130444800000000e+10
-3.039999986268151932e+00 1.166167142400000000e+10
-2.999999986448835365e+00 1.071947571200000000e+10
-2.959999986629517021e+00 8.886204416000000000e+09
-2.919999986810200010e+00 5.998489600000000000e+09
-2.879999986990881666e+00 2.673032448000000000e+09
-2.839999987171563323e+00 1.727501568000000000e+09
-2.799999987352246311e+00 2.917887232000000000e+09
-2.759999987532927967e+00 5.287758336000000000e+09
-2.719999987713609624e+00 5.503058432000000000e+09
-2.679999987894293056e+00 1.575047168000000000e+09
-2.639999988074974713e+00 6.237185024000000000e+09
-2.599999988255656369e+00 1.542318694400000000e+10
-2.559999988436339358e+00 1.179306496000000000e+10
-2.519999988617021014e+00 4.204332544000000000e+09
-2.479999988797704447e+00 4.718866432000000000e+09
-2.439999988978386103e+00 1.667500646400000000e+10
-2.399999989159067315e+00 2.394983424000000000e+10
-2.359999989339750748e+00 3.331719782400000000e+10
-2.319999989520432404e+00 5.232673996800000000e+10
-2.279999989701114060e+00 6.276884070400000000e+10
-2.239999989881797049e+00 6.433537638400000000e+10
-2.199999990062478705e+00 6.738345574400000000e+10
-2.159999990243162138e+00 6.384204595200000000e+10
-2.119999990423843794e+00 5.398202777600000000e+10
-2.079999990604525451e+00 3.962885324800000000e+10
-2.039999990785208439e+00 1.222981836800000000e+10
-1.999999990965890095e+00 1.544723328000000000e+09
-1.959999991146571752e+00 6.638240256000000000e+09
-1.919999991327254962e+00 1.282167808000000000e+10
-1.879999991507936619e+00 1.584689356800000000e+10
-1.839999991688619829e+00 1.764060774400000000e+10
-1.799999991869301486e+00 2.465150976000000000e+10
-1.759999992049983142e+00 2.859028275200000000e+10
-1.719999992230666352e+00 2.305179238400000000e+10
-1.679999992411347787e+00 2.994971033600000000e+10
-1.639999992592029443e+00 5.227787059200000000e+10
-1.599999992772712654e+00 6.525784473600000000e+10
-1.559999992953394310e+00 5.384305868800000000e+10
-1.519999993134077521e+00 3.674519142400000000e+10
-1.479999993314759177e+00 2.699600076800000000e+10
-1.439999993495440833e+00 2.330025574400000000e+10
-1.399999993676124044e+00 1.312142643200000000e+10
-1.359999993856805700e+00 7.286868480000000000e+09
-1.319999994037487356e+00 5.666479104000000000e+09
-1.279999994218170567e+00 8.642531328000000000e+09
-1.239999994398852223e+00 3.177447424000000000e+10
-1.199999994579533658e+00 5.797557862400000000e+10
-1.159999994760216868e+00 7.052997427200000000e+10
-1.119999994940898524e+00 8.172244172800000000e+10
-1.079999995121581735e+00 7.013831475200000000e+10
-1.039999995302263391e+00 4.188423782400000000e+10
-9.999999954829450477e-01 2.193915699200000000e+10
-9.599999956636282583e-01 7.243099136000000000e+09
-9.199999958443099146e-01 2.430566144000000000e+09
-8.799999960249915709e-01 1.168479744000000000e+09
-8.399999962056747815e-01 3.652873472000000000e+09
-7.999999963863563268e-01 1.103194931200000000e+10
-7.599999965670395374e-01 2.132581990400000000e+10
-7.199999967477211937e-01 2.324426547200000000e+10
-6.799999969284028500e-01 1.299947110400000000e+10
-6.399999971090860607e-01 2.440732467200000000e+10
-5.999999972897677170e-01 7.438224588800000000e+10
-5.599999974704492622e-01 1.308932833280000000e+11
-5.199999976511324729e-01 1.340119040000000000e+11
-4.799999978318141292e-01 1.100204195840000000e+11
-4.399999980124973398e-01 5.350860800000000000e+10
-3.999999981931789961e-01 1.195179622400000000e+10
-3.599999983738605969e-01 8.384131584000000000e+09
-3.199999985545438075e-01 2.063365529600000000e+10
-2.799999987352254638e-01 2.056894054400000000e+10
-2.399999989159070646e-01 1.643317760000000000e+10
-1.999999990965902752e-01 1.532500172800000000e+10
-1.599999992772719037e-01 2.133146828800000000e+10
-1.199999994579535323e-01 2.840800460800000000e+10
-7.999999963863674290e-02 3.238884761600000000e+10
-3.999999981931837145e-02 2.262818816000000000e+10
-1.577721810442023611e-15 1.071488512000000000e+10
3.999999981931678938e-02 1.826530688000000000e+09
7.999999963863516084e-02 3.695576064000000000e+09
1.199999994579519502e-01 7.838453248000000000e+09
1.599999992772703217e-01 8.795681280000000000e+08
1.999999990965886931e-01 7.244221440000000000e+08
2.399999989159054825e-01 9.004033920000000000e+08
2.799999987352238540e-01 3.521972736000000000e+09
3.199999985545406433e-01 4.562956288000000000e+09
3.599999983738590426e-01 1.118807142400000000e+10
3.999999981931773863e-01 5.794752921600000000e+10
4.399999980124941756e-01 7.300254105600000000e+10
4.799999978318125748e-01 5.088696320000000000e+10
5.199999976511309185e-01 7.421540761600000000e+10
5.599999974704477079e-01 1.334570844160000000e+11
5.999999972897660516e-01 1.158306693120000000e+11
6.399999971090828410e-01 7.170936012800000000e+10
6.799999969284012957e-01 3.306963148800000000e+10
7.199999967477196394e-01 2.687066521600000000e+10
7.599999965670364288e-01 5.484980633600000000e+10
7.999999963863547725e-01 7.273614540800000000e+10
8.399999962056731162e-01 6.972040806400000000e+10
8.799999960249899056e-01 5.258790092800000000e+10
9.199999958443083603e-01 3.299461734400000000e+10
9.599999956636251497e-01 1.683570380800000000e+10
9.999999954829434934e-01 1.147513856000000000e+10
1.039999995302261837e+00 1.283956736000000000e+10
1.079999995121578626e+00 9.599931392000000000e+09
1.119999994940896970e+00 2.231943424000000000e+09
1.159999994760215314e+00 1.210803840000000000e+09
1.199999994579532103e+00 1.080919961600000000e+10
1.239999994398850447e+00 1.491519897600000000e+10
1.279999994218169013e+00 1.303598899200000000e+10
1.319999994037487356e+00 2.421295872000000000e+09
1.359999993856802591e+00 1.970839936000000000e+09
1.399999993676120935e+00 1.344818278400000000e+10
1.439999993495439279e+00 3.662645657600000000e+10
1.479999993314757623e+00 2.288729088000000000e+10
1.519999993134075966e+00 3.926886144000000000e+09
1.559999992953391201e+00 2.708127232000000000e+09
1.599999992772709545e+00 1.651606732800000000e+10
1.639999992592027889e+00 7.799300915200000000e+10
1.679999992411346232e+00 1.222996213760000000e+11
1.719999992230664798e+00 1.012752138240000000e+11
1.759999992049983142e+00 4.875528192000000000e+10
1.799999991869298377e+00 2.280506368000000000e+10
1.839999991688616721e+00 1.207849881600000000e+10
1.879999991507935064e+00 6.287153664000000000e+09
1.919999991327253408e+00 4.787422080000000000e+08
1.959999991146571752e+00 7.575532544000000000e+09
1.999999990965886987e+00 1.142929920000000000e+10
2.039999990785205330e+00 4.159593472000000000e+09
2.079999990604523674e+00 7.978667520000000000e+09
2.119999990423842018e+00 2.457473024000000000e+10
2.159999990243160362e+00 3.632417996800000000e+10
2.199999990062475597e+00 4.514862694400000000e+10
2.239999989881793940e+00 4.954445414400000000e+10
2.279999989701112284e+00 4.517168742400000000e+10
2.319999989520430628e+00 5.017383731200000000e+10
2.359999989339748971e+00 4.616475033600000000e+10
2.399999989159067315e+00 2.379549081600000000e+10
2.439999988978382550e+00 6.045798912000000000e+09
2.479999988797700894e+00 7.315320832000000000e+09
2.519999988617019682e+00 2.089880780800000000e+10
2.559999988436338025e+00 3.816583168000000000e+10
2.599999988255656369e+00 5.369590579200000000e+10
2.639999988074971604e+00 7.150759936000000000e+10
2.679999987894289948e+00 8.928282214400000000e+10
2.719999987713608292e+00 1.029183979520000000e+11
2.759999987532926635e+00 1.084759818240000000e+11
2.799999987352244979e+00 9.121705984000000000e+10
2.839999987171563323e+00 5.856373555200000000e+10
2.879999986990878558e+00 2.420615782400000000e+10
2.919999986810196901e+00 1.415441715200000000e+10
2.959999986629515245e+00 1.558202675200000000e+10
2.999999986448833589e+00 9.285446656000000000e+09
3.039999986268151932e+00 4.254040064000000000e+09
3.079999986087467168e+00 1.998620057600000000e+10
3.119999985906785511e+00 4.760265932800000000e+10
3.159999985726103855e+00 5.416003993600000000e+10
3.199999985545422199e+00 3.450998784000000000e+10
3.239999985364740542e+00 1.858613862400000000e+10
3.279999985184055777e+00 5.560299008000000000e+09
3.319999985003374121e+00 2.773677824000000000e+09
3.359999984822692465e+00 8.541021184000000000e+09
3.399999984642010808e+00 1.699912192000000000e+10
3.439999984461329596e+00 2.440623923200000000e+10
3.479999984280647940e+00 3.315154124800000000e+10
3.519999984099963175e+00 4.045669580800000000e+10
3.559999983919281519e+00 3.672792678400000000e+10
3.599999983738599862e+00 3.101732864000000000e+10
3.639999983557918206e+00 2.672007577600000000e+10
3.679999983377236550e+00 2.323312844800000000e+10
3.719999983196551785e+00 3.050987929600000000e+10
3.759999983015870129e+00 4.195983769600000000e+10
3.799999982835188472e+00 3.677779968000000000e+10
3.839999982654506816e+00 1.497821184000000000e+10
3.879999982473825160e+00 4.397421568000000000e+09
3.919999982293143503e+00 1.484021555200000000e+10
3.959999982112458738e+00 3.979627315200000000e+10
3.999999981931777082e+00 5.486936473600000000e+10
4.039999981751095426e+00 5.098490265600000000e+10
4.079999981570414214e+00 3.313948467200000000e+10
4.119999981389732113e+00 2.011910553600000000e+10
4.159999981209047348e+00 1.767175577600000000e+10
4.199999981028366136e+00 2.187270758400000000e+10
4.239999980847684036e+00 2.751978291200000000e+10
4.279999980667002824e+00 2.906137600000000000e+10
4.319999980486320723e+00 2.981310668800000000e+10
4.359999980305635958e+00 3.070556569600000000e+10
4.399999980124954746e+00 3.155217203200000000e+10
4.439999979944272646e+00 3.207887257600000000e+10
4.479999979763591433e+00 2.641194598400000000e+10
4.519999979582909333e+00 1.755880038400000000e+10
4.559999979402228121e+00 1.046855065600000000e+10
4.599999979221543356e+00 6.732563456000000000e+09
4.639999979040861255e+00 6.252199424000000000e+09
4.679999978860180043e+00 7.234257408000000000e+09
4.719999978679497943e+00 7.555153920000000000e+09
4.759999978498816731e+00 4.345190400000000000e+09
4.799999978318131966e+00 2.278555392000000000e+09
4.839999978137449865e+00 2.563831040000000000e+09
4.879999977956768653e+00 5.380845568000000000e+09
4.919999977776087441e+00 1.289020723200000000e+10
4.959999977595405340e+00 2.706842214400000000e+10
4.999999977414724128e+00 4.041546547200000000e+10
5.039999977234039363e+00 4.087598694400000000e+10
5.079999977053357263e+00 3.351490355200000000e+10
5.119999976872676051e+00 1.698004275200000000e+10
5.159999976691993950e+00 6.640813056000000000e+09
5.199999976511312738e+00 6.715905536000000000e+09
5.239999976330627973e+00 9.551062016000000000e+09
5.279999976149945873e+00 3.664072704000000000e+09
5.319999975969264661e+00 2.228137984000000000e+09
5.359999975788582560e+00 1.241758515200000000e+10
5.399999975607901348e+00 1.102202368000000000e+10
5.439999975427216583e+00 6.137520640000000000e+09
5.479999975246534483e+00 1.040456396800000000e+10
5.519999975065853270e+00 3.181114572800000000e+10
5.559999974885171170e+00 7.570980044800000000e+10
5.599999974704489958e+00 9.883345715200000000e+10
5.639999974523807857e+00 8.998368051200000000e+10
5.679999974343123093e+00 6.711317708800000000e+10
5.719999974162441880e+00 4.233182822400000000e+10
5.759999973981759780e+00 2.420574412800000000e+10
5.799999973801078568e+00 1.321667584000000000e+10
5.839999973620396467e+00 8.144646144000000000e+09
5.879999973439711702e+00 4.664742912000000000e+09
5.919999973259030490e+00 1.296463360000000000e+09
5.959999973078349278e+00 9.364090880000000000e+08
5.999999972897667178e+00 2.276661504000000000e+09
6.039999972716985965e+00 6.015084032000000000e+09
6.079999972536301200e+00 1.449158758400000000e+10
6.119999972355619100e+00 2.504737382400000000e+10
6.159999972174937888e+00 3.347738009600000000e+10
6.199999971994255787e+00 4.128697139200000000e+10
6.239999971813574575e+00 4.827678310400000000e+10
6.279999971632892475e+00 5.523281510400000000e+10
6.319999971452207710e+00 4.949278720000000000e+10
6.359999971271526498e+00 3.107901440000000000e+10
6.399999971090844397e+00 1.622304563200000000e+10
6.439999970910163185e+00 2.168262246400000000e+10
6.479999970729481085e+00 3.935554355200000000e+10
6.519999970548796320e+00 5.376654950400000000e+10
6.559999970368115108e+00 5.519101542400000000e+10
6.599999970187433007e+00 4.456167833600000000e+10
6.639999970006751795e+00 2.621006438400000000e+10
6.679999969826069695e+00 1.178174361600000000e+10
6.719999969645388482e+00 3.447022080000000000e+09
6.759999969464703717e+00 5.440613760000000000e+08
6.799999969284021617e+00 5.543294720000000000e+08
6.839999969103340405e+00 2.926148352000000000e+09
6.879999968922659193e+00 7.987125760000000000e+09
6.919999968741977092e+00 1.239753216000000000e+10
6.959999968561292327e+00 1.523091558400000000e+10
6.999999968380611115e+00 1.519281664000000000e+10
7.039999968199929015e+00 1.525838233600000000e+10
7.079999968019247802e+00 1.396649164800000000e+10
7.119999967838565702e+00 1.011558604800000000e+10
7.159999967657880937e+00 6.898591232000000000e+09
7.199999967477199725e+00 5.065037824000000000e+09
7.239999967296517625e+00 5.529783296000000000e+09
7.279999967115836412e+00 7.340200448000000000e+09
7.319999966935154312e+00 7.273812480000000000e+09
7.359999966754473100e+00 4.686223872000000000e+09
7.399999966573788335e+00 2.439857920000000000e+09
7.439999966393106234e+00 1.288981888000000000e+09
7.479999966212425022e+00 8.822193920000000000e+08
7.519999966031742922e+00 8.772616192000000000e+09
7.559999965851061710e+00 2.844984320000000000e+10
7.599999965670376945e+00 4.834193817600000000e+10
7.639999965489694844e+00 5.447596851200000000e+10
7.679999965309013632e+00 4.854518988800000000e+10
7.719999965128331532e+00 3.525130649600000000e+10
7.759999964947650319e+00 2.063966617600000000e+10
7.799999964766968219e+00 9.638373376000000000e+09
7.839999964586283454e+00 3.401323008000000000e+09
7.879999964405602242e+00 2.222727936000000000e+09
7.919999964224921030e+00 3.999603456000000000e+09
7.959999964044238929e+00 7.327656448000000000e+09
7.999999963863557717e+00 9.551597568000000000e+09
8.039999963682872064e+00 1.033757388800000000e+10
8.079999963502190852e+00 1.236130508800000000e+10
8.119999963321509640e+00 1.443924889600000000e+10
8.159999963140828427e+00 1.391615692800000000e+10
8.199999962960145439e+00 1.064805785600000000e+10
8.239999962779460674e+00 7.414465536000000000e+09
8.279999962598779462e+00 7.057857024000000000e+09
8.319999962418098249e+00 1.036986470400000000e+10
8.359999962237417037e+00 1.595459788800000000e+10
8.399999962056734049e+00 2.102529433600000000e+10
8.439999961876052836e+00 2.496858112000000000e+10
8.479999961695368071e+00 2.886254796800000000e+10
8.519999961514686859e+00 3.106841190400000000e+10
8.559999961334005647e+00 3.143329177600000000e+10
8.599999961153322658e+00 2.861455769600000000e+10
8.639999960972641446e+00 2.373264384000000000e+10
8.679999960791956681e+00 1.841437900800000000e+10
8.719999960611275469e+00 1.257831014400000000e+10
8.759999960430594257e+00 7.509519872000000000e+09
8.799999960249911268e+00 4.248145664000000000e+09
8.839999960069230056e+00 4.506175488000000000e+09
8.879999959888548844e+00 8.720229376000000000e+09
8.919999959707864079e+00 1.335956582400000000e+10
8.959999959527182867e+00 1.307412377600000000e+10
8.999999959346501655e+00 8.897741824000000000e+09
9.039999959165818666e+00 4.599604736000000000e+09
9.079999958985137454e+00 2.763264768000000000e+09
9.119999958804452689e+00 4.215844864000000000e+09
9.159999958623771477e+00 8.691762176000000000e+09
9.199999958443090264e+00 1.454080716800000000e+10
9.239999958262407276e+00 1.787457536000000000e+10
9.279999958081726064e+00 1.793703526400000000e+10
9.319999957901041299e+00 1.451478425600000000e+10
9.359999957720360086e+00 1.079899238400000000e+10
9.399999957539678874e+00 7.094876160000000000e+09
9.439999957358995886e+00 4.095165696000000000e+09
9.479999957178314673e+00 1.996365568000000000e+09
9.519999956997633461e+00 1.231904128000000000e+09
9.559999956816948696e+00 1.703364480000000000e+09
9.599999956636267484e+00 2.927702272000000000e+09
9.639999956455584496e+00 4.358729728000000000e+09
9.679999956274903283e+00 5.775679488000000000e+09
9.719999956094222071e+00 7.046705664000000000e+09
9.759999955913537306e+00 8.236021760000000000e+09
9.799999955732856094e+00 9.322156032000000000e+09
9.839999955552174882e+00 1.028832870400000000e+10
9.879999955371491893e+00 1.102207283200000000e+10
9.919999955190810681e+00 1.124021555200000000e+10
9.959999955010125916e+00 1.099233587200000000e+10
9.999999954829444704e+00 1.035502694400000000e+10
1.003999995464876349e+01 9.369837568000000000e+09
1.007999995446808050e+01 8.202654720000000000e+09
1.011999995428739929e+01 6.949329920000000000e+09
1.015999995410671808e+01 5.728940544000000000e+09
1.019999995392603331e+01 4.654530048000000000e+09
1.023999995374535210e+01 3.874339072000000000e+09
1.027999995356466911e+01 3.551906048000000000e+09
1.031999995338398790e+01 3.675373824000000000e+09
1.035999995320330669e+01 4.211583744000000000e+09
1.039999995302262192e+01 4.885535744000000000e+09
1.043999995284194071e+01 5.348951040000000000e+09
1.047999995266125772e+01 5.349123584000000000e+09
1.051999995248057651e+01 5.014283776000000000e+09
1.055999995229989530e+01 4.461826560000000000e+09
1.059999995211921409e+01 3.798867200000000000e+09
1.063999995193852932e+01 3.142593792000000000e+09
1.067999995175784633e+01 2.550656512000000000e+09
1.071999995157716512e+01 2.025478912000000000e+09
1.075999995139648391e+01 1.636004992000000000e+09
1.079999995121580270e+01 1.485423104000000000e+09
1.083999995103511793e+01 1.564866432000000000e+09
1.087999995085443672e+01 1.855512192000000000e+09
1.091999995067375373e+01 2.319654656000000000e+09
1.095999995049307252e+01 2.819125760000000000e+09
1.099999995031239131e+01 3.398422784000000000e+09
1.103999995013170654e+01 4.207080448000000000e+09
1.107999994995102533e+01 5.454416384000000000e+09
1.111999994977034234e+01 7.426780672000000000e+09
1.115999994958966113e+01 1.000291225600000000e+10
1.119999994940897992e+01 1.279153049600000000e+10
1.123999994922829870e+01 1.502850252800000000e+10
1.127999994904761394e+01 1.541985177600000000e+10
1.131999994886693095e+01 1.335533465600000000e+10
1.135999994868624974e+01 9.943525376000000000e+09
1.139999994850556853e+01 6.641363968000000000e+09
1.143999994832488731e+01 4.047340032000000000e+09
1.147999994814420255e+01 2.281208064000000000e+09
1.151999994796351956e+01 1.121270272000000000e+09
1.155999994778283835e+01 4.178355200000000000e+08
1.159999994760215714e+01 6.586876000000000000e+07
1.163999994742147592e+01 4.673673200000000000e+07
1.167999994724079293e+01 3.880290240000000000e+08
1.171999994706010817e+01 1.093339136000000000e+09
1.175999994687942696e+01 2.188291584000000000e+09
1.179999994669874575e+01 3.609919488000000000e+09
1.183999994651806453e+01 5.182905856000000000e+09
1.187999994633738332e+01 6.730346496000000000e+09
1.191999994615669856e+01 7.913959424000000000e+09
1.195999994597601557e+01 8.448673280000000000e+09
1.199999994579533436e+01 8.223980032000000000e+09
1.203999994561465314e+01 7.306558976000000000e+09
1.207999994543397193e+01 6.008197632000000000e+09
1.211999994525328717e+01 4.669925888000000000e+09
1.215999994507260418e+01 3.534543872000000000e+09
1.219999994489192296e+01 2.704077056000000000e+09
1.223999994471124175e+01 2.160465920000000000e+09
1.227999994453056054e+01 1.834581888000000000e+09
1.231999994434987755e+01 1.642830080000000000e+09
1.235999994416919279e+01 1.540038528000000000e+09
1.239999994398851157e+01 1.477191808000000000e+09
