# x = Time (fs); y = Power (W)
-1.103999995013171009e+01 1.824670720000000000e+09
-1.099999995031239131e+01 2.317992704000000000e+09
-1.095999995049307429e+01 2.730463488000000000e+09
-1.091999995067375551e+01 3.018191104000000000e+09
-1.087999995085443850e+01 3.228446208000000000e+09
-1.083999995103512148e+01 3.341199360000000000e+09
-1.079999995121580270e+01 3.469698304000000000e+09
-1.075999995139648568e+01 3.710533888000000000e+09
-1.071999995157716690e+01 4.102859520000000000e+09
-1.067999995175784989e+01 4.625351168000000000e+09
-1.063999995193853110e+01 5.042402304000000000e+09
-1.059999995211921409e+01 5.055323136000000000e+09
-1.055999995229989707e+01 4.614493184000000000e+09
-1.051999995248057829e+01 3.919266048000000000e+09
-1.047999995266126128e+01 3.156023552000000000e+09
-1.043999995284194249e+01 2.488560896000000000e+09
-1.039999995302262548e+01 2.001216512000000000e+09
-1.035999995320330669e+01 1.647606528000000000e+09
-1.031999995338398968e+01 1.440710528000000000e+09
-1.027999995356467089e+01 1.348056832000000000e+09
-1.023999995374535388e+01 1.373351552000000000e+09
-1.019999995392603687e+01 1.576737536000000000e+09
-1.015999995410671808e+01 2.071722880000000000e+09
-1.011999995428740107e+01 3.081388032000000000e+09
-1.007999995446808228e+01 4.931899392000000000e+09
-1.003999995464876527e+01 7.595069440000000000e+09
-9.999999954829448257e+00 1.041515417600000000e+10
-9.959999955010129469e+00 1.259311513600000000e+10
-9.919999955190810681e+00 1.326691225600000000e+10
-9.879999955371493670e+00 1.242868224000000000e+10
-9.839999955552174882e+00 1.026232422400000000e+10
-9.799999955732859647e+00 7.447604736000000000e+09
-9.759999955913540859e+00 5.001575424000000000e+09
-9.719999956094222071e+00 3.107083264000000000e+09
-9.679999956274905060e+00 1.754294144000000000e+09
-9.639999956455586272e+00 9.591886080000000000e+08
-9.599999956636269260e+00 6.498855040000000000e+08
-9.559999956816952249e+00 8.721122560000000000e+08
-9.519999956997633461e+00 1.573871872000000000e+09
-9.479999957178316450e+00 2.675644416000000000e+09
-9.439999957358997662e+00 3.963354368000000000e+09
-9.399999957539680651e+00 4.974608384000000000e+09
-9.359999957720363639e+00 5.312472576000000000e+09
-9.319999957901044851e+00 4.773506560000000000e+09
-9.279999958081726064e+00 3.754467072000000000e+09
-9.239999958262409052e+00 2.566946048000000000e+09
-9.199999958443092041e+00 1.601993088000000000e+09
-9.159999958623775029e+00 9.406215680000000000e+08
-9.119999958804456242e+00 4.648895360000000000e+08
-9.079999958985137454e+00 1.957514560000000000e+08
-9.039999959165818666e+00 1.117319600000000000e+08
-8.999999959346501655e+00 1.574175840000000000e+08
-8.959999959527186419e+00 3.350672960000000000e+08
-8.919999959707867632e+00 9.652323840000000000e+08
-8.879999959888548844e+00 3.048501504000000000e+09
-8.839999960069230056e+00 7.195438592000000000e+09
-8.799999960249913045e+00 1.263975731200000000e+10
-8.759999960430597810e+00 1.832700723200000000e+10
-8.719999960611279022e+00 2.176510566400000000e+10
-8.679999960791960234e+00 2.179597721600000000e+10
-8.639999960972641446e+00 1.757736550400000000e+10
-8.599999961153324435e+00 1.206764953600000000e+10
-8.559999961334007423e+00 6.597918208000000000e+09
-8.519999961514690412e+00 2.784208128000000000e+09
-8.479999961695371624e+00 8.632329600000000000e+08
-8.439999961876052836e+00 3.185467200000000000e+08
-8.399999962056734049e+00 4.192481920000000000e+08
-8.359999962237418814e+00 5.499370880000000000e+08
-8.319999962418101802e+00 5.057532160000000000e+08
-8.279999962598783014e+00 3.351591360000000000e+08
-8.239999962779464227e+00 1.733722240000000000e+08
-8.199999962960145439e+00 8.660512800000000000e+07
-8.159999963140828427e+00 1.197891600000000000e+08
-8.119999963321513192e+00 2.575668960000000000e+08
-8.079999963502194404e+00 4.913065600000000000e+08
-8.039999963682875617e+00 8.012569600000000000e+08
-7.999999963863557717e+00 1.173912448000000000e+09
-7.959999964044240706e+00 1.678712704000000000e+09
-7.919999964224921918e+00 2.409244928000000000e+09
-7.879999964405605795e+00 3.502480640000000000e+09
-7.839999964586287007e+00 5.096983552000000000e+09
-7.799999964766968219e+00 7.129802752000000000e+09
-7.759999964947650319e+00 9.460345856000000000e+09
-7.719999965128333308e+00 1.129768243200000000e+10
-7.679999965309016297e+00 1.194738892800000000e+10
-7.639999965489698397e+00 1.128250265600000000e+10
-7.599999965670379609e+00 9.813815296000000000e+09
-7.559999965851061710e+00 7.718631936000000000e+09
-7.519999966031744698e+00 5.039736832000000000e+09
-7.479999966212426799e+00 2.661784576000000000e+09
-7.439999966393109787e+00 1.048714944000000000e+09
-7.399999966573790999e+00 3.800182720000000000e+08
-7.359999966754473100e+00 1.003979840000000000e+08
-7.319999966935154312e+00 1.967815200000000000e+08
-7.279999967115837300e+00 2.953365760000000000e+09
-7.239999967296521177e+00 1.180221132800000000e+10
-7.199999967477202389e+00 2.490443161600000000e+10
-7.159999967657884490e+00 3.512804966400000000e+10
-7.119999967838565702e+00 3.744303104000000000e+10
-7.079999968019248691e+00 3.222228787200000000e+10
-7.039999968199931679e+00 2.355872358400000000e+10
-6.999999968380612891e+00 1.498470604800000000e+10
-6.959999968561295880e+00 8.711477248000000000e+09
-6.919999968741977980e+00 5.023247872000000000e+09
-6.879999968922660081e+00 3.149458688000000000e+09
-6.839999969103342181e+00 1.994199424000000000e+09
-6.799999969284024282e+00 1.462077696000000000e+09
-6.759999969464706382e+00 1.397613824000000000e+09
-6.719999969645389370e+00 1.150267008000000000e+09
-6.679999969826070583e+00 1.216136832000000000e+09
-6.639999970006753571e+00 1.123664000000000000e+09
-6.599999970187435672e+00 8.296140800000000000e+08
-6.559999970368116884e+00 9.712151680000000000e+08
-6.519999970548799872e+00 1.910802176000000000e+09
-6.479999970729481973e+00 3.288117504000000000e+09
-6.439999970910164961e+00 5.473725440000000000e+09
-6.399999971090846174e+00 7.618193408000000000e+09
-6.359999971271528274e+00 8.548085248000000000e+09
-6.319999971452211263e+00 7.565970432000000000e+09
-6.279999971632893363e+00 5.960147456000000000e+09
-6.239999971813575463e+00 5.494872064000000000e+09
-6.199999971994257564e+00 6.563178496000000000e+09
-6.159999972174939664e+00 9.193229312000000000e+09
-6.119999972355622653e+00 1.001062195200000000e+10
-6.079999972536303865e+00 9.143244800000000000e+09
-6.039999972716985965e+00 5.621890048000000000e+09
-5.999999972897668954e+00 2.288319744000000000e+09
-5.959999973078351054e+00 9.324214400000000000e+08
-5.919999973259033155e+00 6.110748160000000000e+09
-5.879999973439715255e+00 1.652513689600000000e+10
-5.839999973620396467e+00 2.717657702400000000e+10
-5.799999973801080344e+00 3.871181209600000000e+10
-5.759999973981761556e+00 5.773101056000000000e+10
-5.719999974162444545e+00 7.562887987200000000e+10
-5.679999974343126645e+00 7.367252377600000000e+10
-5.639999974523807857e+00 5.980320563200000000e+10
-5.599999974704491734e+00 4.437648179200000000e+10
-5.559999974885172946e+00 3.034478182400000000e+10
-5.519999975065855047e+00 2.469057126400000000e+10
-5.479999975246538035e+00 1.866924851200000000e+10
-5.439999975427219248e+00 1.177731584000000000e+10
-5.399999975607903124e+00 4.630932480000000000e+09
-5.359999975788584337e+00 7.398285440000000000e+08
-5.319999975969265549e+00 8.683464960000000000e+08
-5.279999976149949426e+00 1.977580160000000000e+09
-5.239999976330630638e+00 2.479778560000000000e+09
-5.199999976511312738e+00 2.721807360000000000e+09
-5.159999976691995727e+00 3.141464832000000000e+09
-5.119999976872676939e+00 2.548589568000000000e+09
-5.079999977053359039e+00 2.835115264000000000e+09
-5.039999977234042028e+00 2.427697664000000000e+09
-4.999999977414724128e+00 1.717125760000000000e+09
-4.959999977595407117e+00 1.579243136000000000e+09
-4.919999977776088329e+00 1.805568640000000000e+09
-4.879999977956770429e+00 3.744736512000000000e+09
-4.839999978137453418e+00 7.462879232000000000e+09
-4.799999978318134630e+00 1.134953881600000000e+10
-4.759999978498816731e+00 1.586894028800000000e+10
-4.719999978679499719e+00 2.058954547200000000e+10
-4.679999978860181820e+00 2.680137523200000000e+10
-4.639999979040864808e+00 3.124977049600000000e+10
-4.599999979221546020e+00 3.106977792000000000e+10
-4.559999979402228121e+00 2.374264422400000000e+10
-4.519999979582911109e+00 1.629497241600000000e+10
-4.479999979763593210e+00 1.310935756800000000e+10
-4.439999979944274422e+00 1.369306828800000000e+10
-4.399999980124957411e+00 1.827709747200000000e+10
-4.359999980305639511e+00 2.311990476800000000e+10
-4.319999980486322499e+00 2.418500403200000000e+10
-4.279999980667003712e+00 1.926700032000000000e+10
-4.239999980847685812e+00 1.146900684800000000e+10
-4.199999981028368801e+00 7.528133632000000000e+09
-4.159999981209050901e+00 6.329451520000000000e+09
-4.119999981389732113e+00 6.615204864000000000e+09
-4.079999981570415102e+00 8.320864768000000000e+09
-4.039999981751097202e+00 1.100128563200000000e+10
-3.999999981931778859e+00 1.093114470400000000e+10
-3.959999982112461847e+00 1.032335360000000000e+10
-3.919999982293143503e+00 1.347422515200000000e+10
-3.879999982473826936e+00 1.816309760000000000e+10
-3.839999982654508148e+00 2.015981977600000000e+10
-3.799999982835189805e+00 2.574769971200000000e+10
-3.759999983015873237e+00 3.703633100800000000e+10
-3.719999983196554894e+00 4.266213376000000000e+10
-3.679999983377236550e+00 4.039396966400000000e+10
-3.639999983557919538e+00 3.429602304000000000e+10
-3.599999983738601195e+00 2.974487552000000000e+10
-3.559999983919284627e+00 3.365799936000000000e+10
-3.519999984099966284e+00 2.768653312000000000e+10
-3.479999984280647940e+00 1.191319449600000000e+10
-3.439999984461330929e+00 5.234511360000000000e+08
-3.399999984642012585e+00 5.511472640000000000e+09
-3.359999984822694241e+00 1.548080025600000000e+10
-3.319999985003377230e+00 1.265358131200000000e+10
-3.279999985184058886e+00 9.655515136000000000e+09
-3.239999985364742319e+00 2.087325696000000000e+10
-3.199999985545423975e+00 3.927333273600000000e+10
-3.159999985726105631e+00 6.003567001600000000e+10
-3.119999985906788620e+00 6.798793113600000000e+10
-3.079999986087470276e+00 5.558290022400000000e+10
-3.039999986268151932e+00 4.021164851200000000e+10
-2.999999986448835365e+00 3.360236134400000000e+10
-2.959999986629517021e+00 3.011387596800000000e+10
-2.919999986810200010e+00 1.295020441600000000e+10
-2.879999986990881666e+00 1.239075712000000000e+09
-2.839999987171563323e+00 2.465281280000000000e+09
-2.799999987352246311e+00 6.103840256000000000e+09
-2.759999987532927967e+00 1.412757504000000000e+10
-2.719999987713609624e+00 1.988604928000000000e+10
-2.679999987894293056e+00 2.143901900800000000e+10
-2.639999988074974713e+00 2.145957478400000000e+10
-2.599999988255656369e+00 2.624767590400000000e+10
-2.559999988436339358e+00 2.591603507200000000e+10
-2.519999988617021014e+00 4.618876108800000000e+10
-2.479999988797704447e+00 5.487926067200000000e+10
-2.439999988978386103e+00 2.573029990400000000e+10
-2.399999989159067315e+00 2.485536800000000000e+08
-2.359999989339750748e+00 1.382538547200000000e+10
-2.319999989520432404e+00 2.730143129600000000e+10
-2.279999989701114060e+00 2.874184294400000000e+10
-2.239999989881797049e+00 3.604060160000000000e+10
-2.199999990062478705e+00 5.953617100800000000e+10
-2.159999990243162138e+00 8.445998694400000000e+10
-2.119999990423843794e+00 9.027469312000000000e+10
-2.079999990604525451e+00 7.791915008000000000e+10
-2.039999990785208439e+00 6.446233600000000000e+10
-1.999999990965890095e+00 4.505759334400000000e+10
-1.959999991146571752e+00 2.969046630400000000e+10
-1.919999991327254962e+00 2.153525452800000000e+10
-1.879999991507936619e+00 2.487382220800000000e+10
-1.839999991688619829e+00 2.630068428800000000e+10
-1.799999991869301486e+00 1.652913561600000000e+10
-1.759999992049983142e+00 6.551260672000000000e+09
-1.719999992230666352e+00 1.253733888000000000e+09
-1.679999992411347787e+00 4.570041856000000000e+09
-1.639999992592029443e+00 2.163697664000000000e+10
-1.599999992772712654e+00 5.048299110400000000e+10
-1.559999992953394310e+00 7.484040806400000000e+10
-1.519999993134077521e+00 8.227459891200000000e+10
-1.479999993314759177e+00 6.580565606400000000e+10
-1.439999993495440833e+00 4.222325555200000000e+10
-1.399999993676124044e+00 3.189945139200000000e+10
-1.359999993856805700e+00 2.907894169600000000e+10
-1.319999994037487356e+00 2.385420288000000000e+10
-1.279999994218170567e+00 1.483794124800000000e+10
-1.239999994398852223e+00 1.041515827200000000e+10
-1.199999994579533658e+00 8.207039488000000000e+09
-1.159999994760216868e+00 1.213598720000000000e+09
-1.119999994940898524e+00 3.827286528000000000e+09
-1.079999995121581735e+00 1.819539865600000000e+10
-1.039999995302263391e+00 2.291004416000000000e+10
-9.999999954829450477e-01 2.609569382400000000e+10
-9.599999956636282583e-01 4.117935308800000000e+10
-9.199999958443099146e-01 5.212512256000000000e+10
-8.799999960249915709e-01 5.111694950400000000e+10
-8.399999962056747815e-01 2.533113446400000000e+10
-7.999999963863563268e-01 4.289623296000000000e+09
-7.599999965670395374e-01 6.126899200000000000e+09
-7.199999967477211937e-01 4.889560064000000000e+09
-6.799999969284028500e-01 5.411132800000000000e+08
-6.399999971090860607e-01 1.108510208000000000e+09
-5.999999972897677170e-01 1.454331008000000000e+09
-5.599999974704492622e-01 3.059070720000000000e+09
-5.199999976511324729e-01 1.801962624000000000e+09
-4.799999978318141292e-01 1.565001856000000000e+09
-4.399999980124973398e-01 6.488008704000000000e+09
-3.999999981931789961e-01 1.789242163200000000e+10
-3.599999983738605969e-01 6.292504166400000000e+10
-3.199999985545438075e-01 1.316368220160000000e+11
-2.799999987352254638e-01 1.754841088000000000e+11
-2.399999989159070646e-01 1.489905909760000000e+11
-1.999999990965902752e-01 7.170056192000000000e+10
-1.599999992772719037e-01 1.535007641600000000e+10
-1.199999994579535323e-01 2.728360960000000000e+09
-7.999999963863674290e-02 7.745469440000000000e+09
-3.999999981931837145e-02 9.028853760000000000e+09
-1.577721810442023611e-15 1.673344768000000000e+09
3.999999981931678938e-02 1.286426521600000000e+10
7.999999963863516084e-02 6.197494169600000000e+10
1.199999994579519502e-01 9.527224729600000000e+10
1.599999992772703217e-01 7.636534067200000000e+10
1.999999990965886931e-01 3.593478553600000000e+10
2.399999989159054825e-01 1.015878144000000000e+10
2.799999987352238540e-01 8.663192960000000000e+08
3.199999985545406433e-01 2.892233600000000000e+08
3.599999983738590426e-01 1.386827136000000000e+09
3.999999981931773863e-01 4.696178880000000000e+08
4.399999980124941756e-01 1.844430592000000000e+09
4.799999978318125748e-01 8.307965952000000000e+09
5.199999976511309185e-01 1.713215488000000000e+10
5.599999974704477079e-01 2.252891136000000000e+10
5.999999972897660516e-01 3.143951564800000000e+10
6.399999971090828410e-01 3.661650739200000000e+10
6.799999969284012957e-01 3.337218252800000000e+10
7.199999967477196394e-01 1.892115660800000000e+10
7.599999965670364288e-01 8.082800128000000000e+09
7.999999963863547725e-01 7.000602624000000000e+09
8.399999962056731162e-01 1.787373772800000000e+10
8.799999960249899056e-01 3.827703808000000000e+10
9.199999958443083603e-01 5.592943411200000000e+10
9.599999956636251497e-01 4.815620505600000000e+10
9.999999954829434934e-01 3.141948416000000000e+10
1.039999995302261837e+00 1.482221158400000000e+10
1.079999995121578626e+00 6.496542208000000000e+09
1.119999994940896970e+00 2.396734464000000000e+09
1.159999994760215314e+00 7.501676800000000000e+08
1.199999994579532103e+00 2.125833856000000000e+09
1.239999994398850447e+00 1.449901568000000000e+09
1.279999994218169013e+00 1.026523238400000000e+10
1.319999994037487356e+00 5.575032012800000000e+10
1.359999993856802591e+00 1.183336939520000000e+11
1.399999993676120935e+00 1.523577815040000000e+11
1.439999993495439279e+00 1.329540382720000000e+11
1.479999993314757623e+00 7.840493568000000000e+10
1.519999993134075966e+00 3.538592972800000000e+10
1.559999992953391201e+00 2.551362355200000000e+10
1.599999992772709545e+00 3.779961241600000000e+10
1.639999992592027889e+00 4.411802419200000000e+10
1.679999992411346232e+00 4.098831564800000000e+10
1.719999992230664798e+00 3.451669299200000000e+10
1.759999992049983142e+00 2.492920217600000000e+10
1.799999991869298377e+00 2.084894720000000000e+10
1.839999991688616721e+00 1.757158400000000000e+10
1.879999991507935064e+00 1.497777356800000000e+10
1.919999991327253408e+00 1.831178649600000000e+10
1.959999991146571752e+00 2.196929331200000000e+10
1.999999990965886987e+00 1.304770662400000000e+10
2.039999990785205330e+00 5.090912768000000000e+09
2.079999990604523674e+00 5.698465280000000000e+09
2.119999990423842018e+00 2.620166656000000000e+09
2.159999990243160362e+00 2.246978048000000000e+09
2.199999990062475597e+00 2.874566656000000000e+09
2.239999989881793940e+00 1.891139584000000000e+09
2.279999989701112284e+00 9.739588608000000000e+09
2.319999989520430628e+00 2.155225497600000000e+10
2.359999989339748971e+00 1.886752153600000000e+10
2.399999989159067315e+00 4.238661222400000000e+10
2.439999988978382550e+00 8.448127795200000000e+10
2.479999988797700894e+00 1.227832360960000000e+11
2.519999988617019682e+00 1.260099993600000000e+11
2.559999988436338025e+00 9.801601843200000000e+10
2.599999988255656369e+00 5.694694195200000000e+10
2.639999988074971604e+00 2.363810611200000000e+10
2.679999987894289948e+00 6.738652160000000000e+09
2.719999987713608292e+00 2.337282816000000000e+09
2.759999987532926635e+00 5.766224896000000000e+09
2.799999987352244979e+00 6.791916032000000000e+09
2.839999987171563323e+00 5.440505856000000000e+09
2.879999986990878558e+00 2.872366848000000000e+09
2.919999986810196901e+00 3.649707520000000000e+09
2.959999986629515245e+00 2.938401536000000000e+09
2.999999986448833589e+00 1.000974528000000000e+09
3.039999986268151932e+00 2.414243328000000000e+09
3.079999986087467168e+00 4.884624896000000000e+09
3.119999985906785511e+00 1.445180108800000000e+10
3.159999985726103855e+00 4.307011584000000000e+10
3.199999985545422199e+00 7.402042982400000000e+10
3.239999985364740542e+00 7.708969369600000000e+10
3.279999985184055777e+00 6.250174464000000000e+10
3.319999985003374121e+00 3.516272640000000000e+10
3.359999984822692465e+00 2.344253030400000000e+10
3.399999984642010808e+00 2.043382784000000000e+10
3.439999984461329596e+00 2.029124198400000000e+10
3.479999984280647940e+00 1.416021401600000000e+10
3.519999984099963175e+00 6.996368384000000000e+09
3.559999983919281519e+00 5.000483328000000000e+09
3.599999983738599862e+00 1.906839961600000000e+10
3.639999983557918206e+00 4.487313817600000000e+10
3.679999983377236550e+00 7.105072332800000000e+10
3.719999983196551785e+00 8.082178048000000000e+10
3.759999983015870129e+00 7.911231488000000000e+10
3.799999982835188472e+00 7.256686592000000000e+10
3.839999982654506816e+00 5.811412992000000000e+10
3.879999982473825160e+00 3.551351193600000000e+10
3.919999982293143503e+00 1.179700940800000000e+10
3.959999982112458738e+00 5.143268800000000000e+08
3.999999981931777082e+00 5.651100672000000000e+09
4.039999981751095426e+00 1.547461120000000000e+10
4.079999981570414214e+00 1.615285760000000000e+10
4.119999981389732113e+00 1.362291814400000000e+10
4.159999981209047348e+00 1.865469337600000000e+10
4.199999981028366136e+00 2.660945305600000000e+10
4.239999980847684036e+00 2.770428928000000000e+10
4.279999980667002824e+00 2.393636454400000000e+10
4.319999980486320723e+00 1.806348288000000000e+10
4.359999980305635958e+00 5.323147776000000000e+09
4.399999980124954746e+00 2.568499712000000000e+09
4.439999979944272646e+00 3.437312819200000000e+10
4.479999979763591433e+00 6.216427520000000000e+10
4.519999979582909333e+00 5.430346956800000000e+10
4.559999979402228121e+00 3.595324620800000000e+10
4.599999979221543356e+00 2.371206963200000000e+10
4.639999979040861255e+00 2.641004339200000000e+10
4.679999978860180043e+00 4.791083417600000000e+10
4.719999978679497943e+00 7.239204864000000000e+10
4.759999978498816731e+00 7.060923187200000000e+10
4.799999978318131966e+00 5.610263756800000000e+10
4.839999978137449865e+00 3.821814988800000000e+10
4.879999977956768653e+00 2.390220185600000000e+10
4.919999977776087441e+00 1.819699404800000000e+10
4.959999977595405340e+00 1.746389811200000000e+10
4.999999977414724128e+00 1.680547123200000000e+10
5.039999977234039363e+00 1.313477529600000000e+10
5.079999977053357263e+00 1.155685376000000000e+10
5.119999976872676051e+00 1.223388979200000000e+10
5.159999976691993950e+00 1.314167705600000000e+10
5.199999976511312738e+00 1.232833843200000000e+10
5.239999976330627973e+00 1.109973708800000000e+10
5.279999976149945873e+00 1.094573772800000000e+10
5.319999975969264661e+00 1.492063948800000000e+10
5.359999975788582560e+00 2.382360985600000000e+10
5.399999975607901348e+00 2.971153817600000000e+10
5.439999975427216583e+00 2.834077900800000000e+10
5.479999975246534483e+00 2.235698176000000000e+10
5.519999975065853270e+00 1.782442803200000000e+10
5.559999974885171170e+00 1.564012236800000000e+10
5.599999974704489958e+00 1.666307891200000000e+10
5.639999974523807857e+00 1.692822528000000000e+10
5.679999974343123093e+00 1.665551360000000000e+10
5.719999974162441880e+00 1.678103654400000000e+10
5.759999973981759780e+00 2.019879526400000000e+10
5.799999973801078568e+00 2.525379379200000000e+10
5.839999973620396467e+00 2.661055283200000000e+10
5.879999973439711702e+00 1.796064870400000000e+10
5.919999973259030490e+00 4.692833792000000000e+09
5.959999973078349278e+00 8.384039680000000000e+08
5.999999972897667178e+00 1.138489472000000000e+09
6.039999972716985965e+00 2.883737600000000000e+09
6.079999972536301200e+00 5.282713600000000000e+09
6.119999972355619100e+00 8.100868096000000000e+09
6.159999972174937888e+00 1.955301376000000000e+10
6.199999971994255787e+00 3.538078924800000000e+10
6.239999971813574575e+00 4.211580108800000000e+10
6.279999971632892475e+00 3.281336524800000000e+10
6.319999971452207710e+00 1.800730828800000000e+10
6.359999971271526498e+00 7.537763840000000000e+09
6.399999971090844397e+00 4.955143168000000000e+09
6.439999970910163185e+00 7.355684352000000000e+09
6.479999970729481085e+00 1.336799436800000000e+10
6.519999970548796320e+00 2.132211097600000000e+10
6.559999970368115108e+00 2.894970675200000000e+10
6.599999970187433007e+00 3.445898444800000000e+10
6.639999970006751795e+00 3.344725196800000000e+10
6.679999969826069695e+00 2.703491686400000000e+10
6.719999969645388482e+00 1.690801152000000000e+10
6.759999969464703717e+00 1.326511923200000000e+10
6.799999969284021617e+00 1.368872550400000000e+10
6.839999969103340405e+00 1.260499251200000000e+10
6.879999968922659193e+00 1.062088806400000000e+10
6.919999968741977092e+00 6.299958272000000000e+09
6.959999968561292327e+00 5.946527744000000000e+09
6.999999968380611115e+00 2.112189030400000000e+10
7.039999968199929015e+00 4.675162521600000000e+10
7.079999968019247802e+00 6.957237043200000000e+10
7.119999967838565702e+00 7.750947635200000000e+10
7.159999967657880937e+00 6.144544768000000000e+10
7.199999967477199725e+00 3.323992064000000000e+10
7.239999967296517625e+00 1.244489420800000000e+10
7.279999967115836412e+00 2.962789632000000000e+09
7.319999966935154312e+00 4.219943040000000000e+08
7.359999966754473100e+00 1.904240000000000000e+08
7.399999966573788335e+00 3.586360320000000000e+08
7.439999966393106234e+00 2.205587200000000000e+08
7.479999966212425022e+00 1.017304800000000000e+08
7.519999966031742922e+00 2.363521600000000000e+07
7.559999965851061710e+00 2.115388800000000000e+08
7.599999965670376945e+00 1.040418624000000000e+09
7.639999965489694844e+00 3.081957376000000000e+09
7.679999965309013632e+00 5.848304128000000000e+09
7.719999965128331532e+00 8.827719680000000000e+09
7.759999964947650319e+00 1.139001958400000000e+10
7.799999964766968219e+00 1.312457830400000000e+10
7.839999964586283454e+00 1.424944742400000000e+10
7.879999964405602242e+00 1.521701273600000000e+10
7.919999964224921030e+00 1.673553612800000000e+10
7.959999964044238929e+00 2.034515763200000000e+10
7.999999963863557717e+00 2.897122099200000000e+10
8.039999963682872064e+00 4.282212761600000000e+10
8.079999963502190852e+00 5.794860236800000000e+10
8.119999963321509640e+00 6.638510899200000000e+10
8.159999963140828427e+00 5.898141286400000000e+10
8.199999962960145439e+00 3.992292147200000000e+10
8.239999962779460674e+00 2.137613926400000000e+10
8.279999962598779462e+00 8.673847296000000000e+09
8.319999962418098249e+00 2.154960384000000000e+09
8.359999962237417037e+00 1.000641680000000000e+08
8.399999962056734049e+00 4.203674880000000000e+08
8.439999961876052836e+00 1.507002240000000000e+09
8.479999961695368071e+00 2.483080192000000000e+09
8.519999961514686859e+00 2.911675136000000000e+09
8.559999961334005647e+00 2.727642880000000000e+09
8.599999961153322658e+00 2.154145536000000000e+09
8.639999960972641446e+00 1.456984448000000000e+09
8.679999960791956681e+00 8.072778240000000000e+08
8.719999960611275469e+00 4.620326400000000000e+08
8.759999960430594257e+00 6.125112320000000000e+08
8.799999960249911268e+00 1.200546816000000000e+09
8.839999960069230056e+00 1.640737152000000000e+09
8.879999959888548844e+00 1.522839040000000000e+09
8.919999959707864079e+00 1.194544128000000000e+09
8.959999959527182867e+00 1.123042560000000000e+09
8.999999959346501655e+00 1.243061760000000000e+09
9.039999959165818666e+00 1.292317824000000000e+09
9.079999958985137454e+00 1.185945984000000000e+09
9.119999958804452689e+00 1.855821952000000000e+09
9.159999958623771477e+00 3.558940416000000000e+09
9.199999958443090264e+00 5.772071424000000000e+09
9.239999958262407276e+00 8.198846976000000000e+09
9.279999958081726064e+00 1.156617011200000000e+10
9.319999957901041299e+00 1.725130137600000000e+10
9.359999957720360086e+00 2.414328422400000000e+10
9.399999957539678874e+00 2.707929907200000000e+10
9.439999957358995886e+00 2.414758707200000000e+10
9.479999957178314673e+00 1.910492569600000000e+10
9.519999956997633461e+00 1.554449408000000000e+10
9.559999956816948696e+00 1.433861836800000000e+10
9.599999956636267484e+00 1.487611084800000000e+10
9.639999956455584496e+00 1.576903680000000000e+10
9.679999956274903283e+00 1.569866547200000000e+10
9.719999956094222071e+00 1.442108825600000000e+10
9.759999955913537306e+00 1.216457318400000000e+10
9.799999955732856094e+00 9.515277312000000000e+09
9.839999955552174882e+00 6.968812032000000000e+09
9.879999955371491893e+00 4.782677504000000000e+09
9.919999955190810681e+00 3.171065856000000000e+09
9.959999955010125916e+00 2.025574912000000000e+09
9.999999954829444704e+00 1.188013184000000000e+09
1.003999995464876349e+01 6.406365440000000000e+08
1.007999995446808050e+01 3.135378240000000000e+08
1.011999995428739929e+01 1.666236320000000000e+08
1.015999995410671808e+01 1.444825760000000000e+08
1.019999995392603331e+01 1.908907680000000000e+08
1.023999995374535210e+01 3.323615040000000000e+08
1.027999995356466911e+01 7.013418880000000000e+08
1.031999995338398790e+01 1.588666496000000000e+09
1.035999995320330669e+01 3.240655616000000000e+09
1.039999995302262192e+01 5.596521472000000000e+09
1.043999995284194071e+01 8.037710336000000000e+09
1.047999995266125772e+01 9.491998720000000000e+09
1.051999995248057651e+01 9.433486336000000000e+09
1.055999995229989530e+01 7.887650304000000000e+09
1.059999995211921409e+01 5.690755584000000000e+09
1.063999995193852932e+01 3.686931200000000000e+09
1.067999995175784633e+01 2.215789824000000000e+09
1.071999995157716512e+01 1.318828800000000000e+09
1.075999995139648391e+01 8.930494720000000000e+08
1.079999995121580270e+01 7.830758400000000000e+08
1.083999995103511793e+01 9.600469760000000000e+08
1.087999995085443672e+01 1.519792384000000000e+09
1.091999995067375373e+01 2.713180928000000000e+09
1.095999995049307252e+01 4.995196928000000000e+09
1.099999995031239131e+01 8.615674880000000000e+09
1.103999995013170654e+01 1.322187571200000000e+10
1.107999994995102533e+01 1.735912652800000000e+10
1.111999994977034234e+01 1.940558233600000000e+10
1.115999994958966113e+01 1.888013107200000000e+10
1.119999994940897992e+01 1.673840844800000000e+10
1.123999994922829870e+01 1.421359820800000000e+10
1.127999994904761394e+01 1.194911232000000000e+10
1.131999994886693095e+01 1.011006361600000000e+10
1.135999994868624974e+01 8.591177728000000000e+09
1.139999994850556853e+01 7.173365248000000000e+09
1.143999994832488731e+01 5.752907264000000000e+09
1.147999994814420255e+01 4.451598336000000000e+09
1.151999994796351956e+01 3.384166912000000000e+09
1.155999994778283835e+01 2.572220160000000000e+09
1.159999994760215714e+01 2.061183232000000000e+09
1.163999994742147592e+01 1.795791488000000000e+09
1.167999994724079293e+01 1.731566208000000000e+09
1.171999994706010817e+01 1.859789696000000000e+09
1.175999994687942696e+01 2.108973824000000000e+09
1.179999994669874575e+01 2.419838976000000000e+09
1.183999994651806453e+01 2.762010368000000000e+09
1.187999994633738332e+01 3.101206016000000000e+09
1.191999994615669856e+01 3.380479232000000000e+09
1.195999994597601557e+01 3.634798592000000000e+09
1.199999994579533436e+01 3.882784768000000000e+09
1.203999994561465314e+01 4.090697472000000000e+09
1.207999994543397193e+01 4.301666816000000000e+09
1.211999994525328717e+01 4.481533952000000000e+09
1.215999994507260418e+01 4.596780032000000000e+09
1.219999994489192296e+01 4.696396800000000000e+09
1.223999994471124175e+01 4.710285824000000000e+09
1.227999994453056054e+01 4.679145984000000000e+09
1.231999994434987755e+01 4.588759552000000000e+09
1.235999994416919279e+01 4.422715904000000000e+09
1.239999994398851157e+01 4.196579584000000000e+09
1.243999994380783036e+01 3.948267520000000000e+09
1.247999994362714915e+01 3.663642112000000000e+09
1.251999994344646616e+01 3.357258496000000000e+09
1.255999994326578140e+01 3.024615680000000000e+09
1.259999994308510018e+01 2.668614400000000000e+09
1.263999994290441897e+01 2.261295872000000000e+09
