# x = Time (fs); y = Power (W)
-1.171999994706011172e+01 2.859504128000000000e+09
-1.167999994724079293e+01 2.955718656000000000e+09
-1.163999994742147770e+01 3.022777088000000000e+09
-1.159999994760215891e+01 3.039303936000000000e+09
-1.155999994778284012e+01 2.970844160000000000e+09
-1.151999994796352311e+01 2.794548480000000000e+09
-1.147999994814420432e+01 2.476166912000000000e+09
-1.143999994832488731e+01 2.044360576000000000e+09
-1.139999994850557030e+01 1.583169536000000000e+09
-1.135999994868625151e+01 1.160410752000000000e+09
-1.131999994886693450e+01 8.716801280000000000e+08
-1.127999994904761571e+01 7.296453760000000000e+08
-1.123999994922829870e+01 6.892712320000000000e+08
-1.119999994940898169e+01 7.076545920000000000e+08
-1.115999994958966290e+01 6.923091840000000000e+08
-1.111999994977034589e+01 6.078899200000000000e+08
-1.107999994995102711e+01 4.723073600000000000e+08
-1.103999995013171009e+01 3.225554240000000000e+08
-1.099999995031239131e+01 1.987169440000000000e+08
-1.095999995049307429e+01 1.131168560000000000e+08
-1.091999995067375551e+01 6.267410000000000000e+07
-1.087999995085443850e+01 3.363589200000000000e+07
-1.083999995103512148e+01 1.919800600000000000e+07
-1.079999995121580270e+01 1.373595800000000000e+07
-1.075999995139648568e+01 1.382490000000000000e+07
-1.071999995157716690e+01 1.764230000000000000e+07
-1.067999995175784989e+01 2.991880400000000000e+07
-1.063999995193853110e+01 4.556786000000000000e+07
-1.059999995211921409e+01 7.057175200000000000e+07
-1.055999995229989707e+01 1.059830800000000000e+08
-1.051999995248057829e+01 1.520700960000000000e+08
-1.047999995266126128e+01 2.220195360000000000e+08
-1.043999995284194249e+01 3.192800960000000000e+08
-1.039999995302262548e+01 4.599474880000000000e+08
-1.035999995320330669e+01 7.014364800000000000e+08
-1.031999995338398968e+01 1.111862144000000000e+09
-1.027999995356467089e+01 1.939500928000000000e+09
-1.023999995374535388e+01 3.595343360000000000e+09
-1.019999995392603687e+01 6.383074304000000000e+09
-1.015999995410671808e+01 1.010883993600000000e+10
-1.011999995428740107e+01 1.380099072000000000e+10
-1.007999995446808228e+01 1.606939033600000000e+10
-1.003999995464876527e+01 1.586286387200000000e+10
-9.999999954829448257e+00 1.365380608000000000e+10
-9.959999955010129469e+00 1.049355366400000000e+10
-9.919999955190810681e+00 7.653641728000000000e+09
-9.879999955371493670e+00 5.550151168000000000e+09
-9.839999955552174882e+00 4.062682368000000000e+09
-9.799999955732859647e+00 3.106166528000000000e+09
-9.759999955913540859e+00 2.513473792000000000e+09
-9.719999956094222071e+00 2.167185152000000000e+09
-9.679999956274905060e+00 1.944544512000000000e+09
-9.639999956455586272e+00 1.902139904000000000e+09
-9.599999956636269260e+00 2.106131200000000000e+09
-9.559999956816952249e+00 2.690328064000000000e+09
-9.519999956997633461e+00 3.816215296000000000e+09
-9.479999957178316450e+00 5.375252480000000000e+09
-9.439999957358997662e+00 6.939815936000000000e+09
-9.399999957539680651e+00 8.044295680000000000e+09
-9.359999957720363639e+00 8.359389184000000000e+09
-9.319999957901044851e+00 7.902170112000000000e+09
-9.279999958081726064e+00 6.755592192000000000e+09
-9.239999958262409052e+00 5.229003264000000000e+09
-9.199999958443092041e+00 3.725032960000000000e+09
-9.159999958623775029e+00 2.484099840000000000e+09
-9.119999958804456242e+00 1.538029568000000000e+09
-9.079999958985137454e+00 8.670008960000000000e+08
-9.039999959165818666e+00 4.269590720000000000e+08
-8.999999959346501655e+00 1.741358560000000000e+08
-8.959999959527186419e+00 8.319647200000000000e+07
-8.919999959707867632e+00 6.463668000000000000e+07
-8.879999959888548844e+00 1.302277680000000000e+08
-8.839999960069230056e+00 2.715392000000000000e+08
-8.799999960249913045e+00 2.340139680000000000e+08
-8.759999960430597810e+00 3.880911200000000000e+07
-8.719999960611279022e+00 3.994245440000000000e+08
-8.679999960791960234e+00 2.397224448000000000e+09
-8.639999960972641446e+00 6.675852800000000000e+09
-8.599999961153324435e+00 1.262341120000000000e+10
-8.559999961334007423e+00 1.911403315200000000e+10
-8.519999961514690412e+00 2.462959411200000000e+10
-8.479999961695371624e+00 2.683677491200000000e+10
-8.439999961876052836e+00 2.414827315200000000e+10
-8.399999962056734049e+00 1.877591449600000000e+10
-8.359999962237418814e+00 1.355174502400000000e+10
-8.319999962418101802e+00 9.189688320000000000e+09
-8.279999962598783014e+00 5.724855296000000000e+09
-8.239999962779464227e+00 2.956636416000000000e+09
-8.199999962960145439e+00 1.303059072000000000e+09
-8.159999963140828427e+00 5.706199680000000000e+08
-8.119999963321513192e+00 2.976824000000000000e+08
-8.079999963502194404e+00 1.491606560000000000e+08
-8.039999963682875617e+00 2.816155200000000000e+07
-7.999999963863557717e+00 5.772728400000000000e+07
-7.959999964044240706e+00 3.964743040000000000e+08
-7.919999964224921918e+00 1.400100864000000000e+09
-7.879999964405605795e+00 3.816797440000000000e+09
-7.839999964586287007e+00 7.890595328000000000e+09
-7.799999964766968219e+00 1.189201920000000000e+10
-7.759999964947650319e+00 1.353176268800000000e+10
-7.719999965128333308e+00 1.264190668800000000e+10
-7.679999965309016297e+00 1.136900505600000000e+10
-7.639999965489698397e+00 1.014209536000000000e+10
-7.599999965670379609e+00 8.629204992000000000e+09
-7.559999965851061710e+00 6.755031552000000000e+09
-7.519999966031744698e+00 4.991152640000000000e+09
-7.479999966212426799e+00 3.476483072000000000e+09
-7.439999966393109787e+00 2.301744128000000000e+09
-7.399999966573790999e+00 1.600400256000000000e+09
-7.359999966754473100e+00 1.953555584000000000e+09
-7.319999966935154312e+00 4.115166464000000000e+09
-7.279999967115837300e+00 7.788410368000000000e+09
-7.239999967296521177e+00 1.031901798400000000e+10
-7.199999967477202389e+00 9.815870464000000000e+09
-7.159999967657884490e+00 8.002399744000000000e+09
-7.119999967838565702e+00 6.054439424000000000e+09
-7.079999968019248691e+00 4.810361344000000000e+09
-7.039999968199931679e+00 3.828514304000000000e+09
-6.999999968380612891e+00 2.896084992000000000e+09
-6.959999968561295880e+00 2.072900224000000000e+09
-6.919999968741977980e+00 1.310294400000000000e+09
-6.879999968922660081e+00 1.003019520000000000e+09
-6.839999969103342181e+00 7.257104000000000000e+08
-6.799999969284024282e+00 6.156776960000000000e+08
-6.759999969464706382e+00 7.974765440000000000e+08
-6.719999969645389370e+00 1.519910400000000000e+09
-6.679999969826070583e+00 5.175843840000000000e+09
-6.639999970006753571e+00 1.236274176000000000e+10
-6.599999970187435672e+00 2.285027123200000000e+10
-6.559999970368116884e+00 3.265604198400000000e+10
-6.519999970548799872e+00 3.749225267200000000e+10
-6.479999970729481973e+00 3.345473331200000000e+10
-6.439999970910164961e+00 2.266742988800000000e+10
-6.399999971090846174e+00 1.596520857600000000e+10
-6.359999971271528274e+00 1.282764288000000000e+10
-6.319999971452211263e+00 1.287391129600000000e+10
-6.279999971632893363e+00 1.167760998400000000e+10
-6.239999971813575463e+00 8.931768320000000000e+09
-6.199999971994257564e+00 3.645225216000000000e+09
-6.159999972174939664e+00 7.025506560000000000e+08
-6.119999972355622653e+00 1.273427968000000000e+09
-6.079999972536303865e+00 4.906931712000000000e+09
-6.039999972716985965e+00 9.402499072000000000e+09
-5.999999972897668954e+00 1.446474137600000000e+10
-5.959999973078351054e+00 1.979233689600000000e+10
-5.919999973259033155e+00 2.464050380800000000e+10
-5.879999973439715255e+00 2.753065984000000000e+10
-5.839999973620396467e+00 2.799928934400000000e+10
-5.799999973801080344e+00 2.871599718400000000e+10
-5.759999973981761556e+00 3.133012787200000000e+10
-5.719999974162444545e+00 2.615166361600000000e+10
-5.679999974343126645e+00 1.403674316800000000e+10
-5.639999974523807857e+00 5.660474880000000000e+09
-5.599999974704491734e+00 5.758027264000000000e+09
-5.559999974885172946e+00 1.050089164800000000e+10
-5.519999975065855047e+00 1.591965491200000000e+10
-5.479999975246538035e+00 1.760326656000000000e+10
-5.439999975427219248e+00 1.716040192000000000e+10
-5.399999975607903124e+00 1.522462003200000000e+10
-5.359999975788584337e+00 1.351515545600000000e+10
-5.319999975969265549e+00 1.060148940800000000e+10
-5.279999976149949426e+00 5.121349120000000000e+09
-5.239999976330630638e+00 6.243025280000000000e+08
-5.199999976511312738e+00 4.400175616000000000e+09
-5.159999976691995727e+00 1.541756416000000000e+10
-5.119999976872676939e+00 2.023898112000000000e+10
-5.079999977053359039e+00 1.988159078400000000e+10
-5.039999977234042028e+00 2.409575424000000000e+10
-4.999999977414724128e+00 2.934050816000000000e+10
-4.959999977595407117e+00 3.212979200000000000e+10
-4.919999977776088329e+00 2.458888396800000000e+10
-4.879999977956770429e+00 1.526129049600000000e+10
-4.839999978137453418e+00 8.864107520000000000e+09
-4.799999978318134630e+00 6.055384576000000000e+09
-4.759999978498816731e+00 1.448871731200000000e+10
-4.719999978679499719e+00 3.169752268800000000e+10
-4.679999978860181820e+00 5.071202713600000000e+10
-4.639999979040864808e+00 5.698142617600000000e+10
-4.599999979221546020e+00 4.815606988800000000e+10
-4.559999979402228121e+00 2.898965504000000000e+10
-4.519999979582911109e+00 1.840498073600000000e+10
-4.479999979763593210e+00 1.607924326400000000e+10
-4.439999979944274422e+00 1.579391385600000000e+10
-4.399999980124957411e+00 1.306362777600000000e+10
-4.359999980305639511e+00 9.511038976000000000e+09
-4.319999980486322499e+00 9.032217600000000000e+09
-4.279999980667003712e+00 6.070301696000000000e+09
-4.239999980847685812e+00 3.642784512000000000e+09
-4.199999981028368801e+00 7.290569600000000000e+08
-4.159999981209050901e+00 1.229038640000000000e+08
-4.119999981389732113e+00 1.188232064000000000e+09
-4.079999981570415102e+00 3.944893952000000000e+09
-4.039999981751097202e+00 8.325670400000000000e+09
-3.999999981931778859e+00 9.906891776000000000e+09
-3.959999982112461847e+00 1.689045094400000000e+10
-3.919999982293143503e+00 2.479859097600000000e+10
-3.879999982473826936e+00 2.813028352000000000e+10
-3.839999982654508148e+00 4.681925017600000000e+10
-3.799999982835189805e+00 8.762084556800000000e+10
-3.759999983015873237e+00 1.138240634880000000e+11
-3.719999983196554894e+00 9.042715443200000000e+10
-3.679999983377236550e+00 4.867578675200000000e+10
-3.639999983557919538e+00 2.136368332800000000e+10
-3.599999983738601195e+00 1.255154892800000000e+10
-3.559999983919284627e+00 8.013063168000000000e+09
-3.519999984099966284e+00 3.943238912000000000e+09
-3.479999984280647940e+00 9.912627840000000000e+08
-3.439999984461330929e+00 2.952492160000000000e+08
-3.399999984642012585e+00 5.229695488000000000e+09
-3.359999984822694241e+00 1.583675289600000000e+10
-3.319999985003377230e+00 2.365119897600000000e+10
-3.279999985184058886e+00 2.109255884800000000e+10
-3.239999985364742319e+00 1.324877824000000000e+10
-3.199999985545423975e+00 1.000932044800000000e+10
-3.159999985726105631e+00 1.578154188800000000e+10
-3.119999985906788620e+00 2.820096000000000000e+10
-3.079999986087470276e+00 3.522109030400000000e+10
-3.039999986268151932e+00 2.710464102400000000e+10
-2.999999986448835365e+00 1.122148044800000000e+10
-2.959999986629517021e+00 5.640427520000000000e+09
-2.919999986810200010e+00 9.467854848000000000e+09
-2.879999986990881666e+00 1.576193126400000000e+10
-2.839999987171563323e+00 2.306929868800000000e+10
-2.799999987352246311e+00 3.360568934400000000e+10
-2.759999987532927967e+00 4.948826931200000000e+10
-2.719999987713609624e+00 6.798247526400000000e+10
-2.679999987894293056e+00 7.245176012800000000e+10
-2.639999988074974713e+00 6.709395046400000000e+10
-2.599999988255656369e+00 4.814524825600000000e+10
-2.559999988436339358e+00 2.267083366400000000e+10
-2.519999988617021014e+00 1.024435712000000000e+10
-2.479999988797704447e+00 1.621983846400000000e+10
-2.439999988978386103e+00 1.846004531200000000e+10
-2.399999989159067315e+00 5.850168832000000000e+09
-2.359999989339750748e+00 1.350765280000000000e+08
-2.319999989520432404e+00 6.616621056000000000e+09
-2.279999989701114060e+00 1.029534720000000000e+10
-2.239999989881797049e+00 6.180692992000000000e+09
-2.199999990062478705e+00 6.956744960000000000e+08
-2.159999990243162138e+00 1.963855104000000000e+09
-2.119999990423843794e+00 1.328872857600000000e+10
-2.079999990604525451e+00 2.917427404800000000e+10
-2.039999990785208439e+00 2.369660108800000000e+10
-1.999999990965890095e+00 1.603288473600000000e+10
-1.959999991146571752e+00 2.511540633600000000e+10
-1.919999991327254962e+00 3.814317670400000000e+10
-1.879999991507936619e+00 4.495298560000000000e+10
-1.839999991688619829e+00 3.267639500800000000e+10
-1.799999991869301486e+00 1.859845120000000000e+10
-1.759999992049983142e+00 1.623798374400000000e+10
-1.719999992230666352e+00 2.457778790400000000e+10
-1.679999992411347787e+00 9.017447424000000000e+09
-1.639999992592029443e+00 5.860352000000000000e+08
-1.599999992772712654e+00 6.203807744000000000e+09
-1.559999992953394310e+00 6.435571712000000000e+10
-1.519999993134077521e+00 2.059142103040000000e+11
-1.479999993314759177e+00 2.758591447040000000e+11
-1.439999993495440833e+00 2.089495920640000000e+11
-1.399999993676124044e+00 1.146959626240000000e+11
-1.359999993856805700e+00 5.653925068800000000e+10
-1.319999994037487356e+00 2.584375910400000000e+10
-1.279999994218170567e+00 9.043686400000000000e+09
-1.239999994398852223e+00 3.638445056000000000e+09
-1.199999994579533658e+00 9.614708480000000000e+08
-1.159999994760216868e+00 8.064126720000000000e+08
-1.119999994940898524e+00 5.297398080000000000e+08
-1.079999995121581735e+00 2.099096320000000000e+09
-1.039999995302263391e+00 4.254091776000000000e+09
-9.999999954829450477e-01 1.722839040000000000e+09
-9.599999956636282583e-01 1.042008256000000000e+09
-9.199999958443099146e-01 1.189787545600000000e+10
-8.799999960249915709e-01 3.196079104000000000e+10
-8.399999962056747815e-01 4.738161049600000000e+10
-7.999999963863563268e-01 5.802293657600000000e+10
-7.599999965670395374e-01 5.384366489600000000e+10
-7.199999967477211937e-01 3.826968985600000000e+10
-6.799999969284028500e-01 1.447368396800000000e+10
-6.399999971090860607e-01 4.721238016000000000e+09
-5.999999972897677170e-01 1.511153152000000000e+10
-5.599999974704492622e-01 3.761004134400000000e+10
-5.199999976511324729e-01 4.934277939200000000e+10
-4.799999978318141292e-01 4.712839168000000000e+10
-4.399999980124973398e-01 3.918744371200000000e+10
-3.999999981931789961e-01 3.508727398400000000e+10
-3.599999983738605969e-01 2.588306022400000000e+10
-3.199999985545438075e-01 1.390687846400000000e+10
-2.799999987352254638e-01 9.476505600000000000e+09
-2.399999989159070646e-01 8.075219968000000000e+09
-1.999999990965902752e-01 3.536541440000000000e+09
-1.599999992772719037e-01 2.037167872000000000e+09
-1.199999994579535323e-01 4.470560256000000000e+09
-7.999999963863674290e-02 8.895293440000000000e+08
-3.999999981931837145e-02 7.535121920000000000e+09
-1.577721810442023611e-15 2.642327142400000000e+10
3.999999981931678938e-02 5.527388569600000000e+10
7.999999963863516084e-02 9.188599398400000000e+10
1.199999994579519502e-01 8.199254835200000000e+10
1.599999992772703217e-01 2.710845235200000000e+10
1.999999990965886931e-01 3.186730188800000000e+10
2.399999989159054825e-01 8.282365952000000000e+10
2.799999987352238540e-01 8.336499507200000000e+10
3.199999985545406433e-01 6.163488768000000000e+10
3.599999983738590426e-01 3.814891929600000000e+10
3.999999981931773863e-01 2.542408704000000000e+10
4.399999980124941756e-01 3.296519168000000000e+10
4.799999978318125748e-01 2.712347443200000000e+10
5.199999976511309185e-01 1.817143910400000000e+10
5.599999974704477079e-01 1.923553689600000000e+10
5.999999972897660516e-01 2.492146073600000000e+10
6.399999971090828410e-01 2.762020044800000000e+10
6.799999969284012957e-01 2.496174489600000000e+10
7.199999967477196394e-01 2.766188134400000000e+10
7.599999965670364288e-01 2.524533145600000000e+10
7.999999963863547725e-01 1.972136550400000000e+10
8.399999962056731162e-01 1.549730918400000000e+10
8.799999960249899056e-01 1.450613452800000000e+10
9.199999958443083603e-01 1.767078502400000000e+10
9.599999956636251497e-01 2.435881164800000000e+10
9.999999954829434934e-01 4.034857369600000000e+10
1.039999995302261837e+00 6.869788672000000000e+10
1.079999995121578626e+00 9.269171814400000000e+10
1.119999994940896970e+00 1.017508249600000000e+11
1.159999994760215314e+00 9.544903884800000000e+10
1.199999994579532103e+00 7.449407488000000000e+10
1.239999994398850447e+00 4.877461504000000000e+10
1.279999994218169013e+00 3.585670758400000000e+10
1.319999994037487356e+00 2.161927577600000000e+10
1.359999993856802591e+00 4.829942784000000000e+09
1.399999993676120935e+00 9.406673280000000000e+08
1.439999993495439279e+00 9.014579200000000000e+09
1.479999993314757623e+00 1.453816320000000000e+10
1.519999993134075966e+00 9.654041600000000000e+09
1.559999992953391201e+00 6.494911488000000000e+09
1.599999992772709545e+00 9.240257536000000000e+09
1.639999992592027889e+00 1.487317401600000000e+10
1.679999992411346232e+00 6.254333440000000000e+09
1.719999992230664798e+00 5.405797888000000000e+09
1.759999992049983142e+00 8.395450368000000000e+09
1.799999991869298377e+00 3.140939264000000000e+09
1.839999991688616721e+00 1.377033113600000000e+10
1.879999991507935064e+00 1.512164659200000000e+10
1.919999991327253408e+00 5.148547584000000000e+09
1.959999991146571752e+00 1.416236672000000000e+09
1.999999990965886987e+00 2.619865856000000000e+09
2.039999990785205330e+00 2.338774425600000000e+10
2.079999990604523674e+00 8.499991347200000000e+10
2.119999990423842018e+00 1.563200716800000000e+11
2.159999990243160362e+00 1.626399047680000000e+11
2.199999990062475597e+00 1.234654822400000000e+11
2.239999989881793940e+00 9.238659891200000000e+10
2.279999989701112284e+00 7.033980518400000000e+10
2.319999989520430628e+00 5.226498867200000000e+10
2.359999989339748971e+00 3.159270809600000000e+10
2.399999989159067315e+00 1.482251673600000000e+10
2.439999988978382550e+00 3.504223744000000000e+09
2.479999988797700894e+00 2.525879296000000000e+09
2.519999988617019682e+00 6.545469440000000000e+09
2.559999988436338025e+00 5.782543360000000000e+09
2.599999988255656369e+00 1.452718976000000000e+09
2.639999988074971604e+00 3.988626176000000000e+09
2.679999987894289948e+00 1.849216819200000000e+10
2.719999987713608292e+00 1.409459814400000000e+10
2.759999987532926635e+00 3.923123968000000000e+09
2.799999987352244979e+00 6.721368576000000000e+09
2.839999987171563323e+00 1.377421312000000000e+10
2.879999986990878558e+00 1.404395520000000000e+10
2.919999986810196901e+00 2.210721587200000000e+10
2.959999986629515245e+00 2.926755225600000000e+10
2.999999986448833589e+00 4.082169446400000000e+10
3.039999986268151932e+00 6.310622412800000000e+10
3.079999986087467168e+00 6.137842073600000000e+10
3.119999985906785511e+00 4.198340608000000000e+10
3.159999985726103855e+00 2.286121574400000000e+10
3.199999985545422199e+00 9.124372480000000000e+09
3.239999985364740542e+00 5.778591744000000000e+09
3.279999985184055777e+00 1.269322854400000000e+10
3.319999985003374121e+00 1.219822489600000000e+10
3.359999984822692465e+00 9.444367360000000000e+09
3.399999984642010808e+00 3.453251584000000000e+10
3.439999984461329596e+00 7.843876864000000000e+10
3.479999984280647940e+00 1.075023790080000000e+11
3.519999984099963175e+00 9.652825292800000000e+10
3.559999983919281519e+00 7.186044518400000000e+10
3.599999983738599862e+00 5.669611929600000000e+10
3.639999983557918206e+00 5.491259801600000000e+10
3.679999983377236550e+00 4.987093811200000000e+10
3.719999983196551785e+00 3.615222579200000000e+10
3.759999983015870129e+00 2.392250777600000000e+10
3.799999982835188472e+00 1.905526579200000000e+10
3.839999982654506816e+00 1.770559692800000000e+10
3.879999982473825160e+00 1.590922137600000000e+10
3.919999982293143503e+00 1.238147584000000000e+10
3.959999982112458738e+00 8.944967680000000000e+09
3.999999981931777082e+00 7.587810816000000000e+09
4.039999981751095426e+00 7.845796864000000000e+09
4.079999981570414214e+00 8.401814016000000000e+09
4.119999981389732113e+00 8.171628032000000000e+09
4.159999981209047348e+00 6.533031424000000000e+09
4.199999981028366136e+00 2.353757696000000000e+09
4.239999980847684036e+00 4.845449920000000000e+08
4.279999980667002824e+00 2.429024000000000000e+09
4.319999980486320723e+00 2.773999616000000000e+09
4.359999980305635958e+00 1.847053440000000000e+09
4.399999980124954746e+00 4.626495488000000000e+09
4.439999979944272646e+00 1.487802163200000000e+10
4.479999979763591433e+00 3.506968576000000000e+10
4.519999979582909333e+00 6.567525580800000000e+10
4.559999979402228121e+00 9.010392268800000000e+10
4.599999979221543356e+00 8.440058675200000000e+10
4.639999979040861255e+00 4.058739916800000000e+10
4.679999978860180043e+00 4.598734848000000000e+09
4.719999978679497943e+00 1.771949312000000000e+09
4.759999978498816731e+00 8.987487232000000000e+09
4.799999978318131966e+00 1.546726604800000000e+10
4.839999978137449865e+00 1.859883008000000000e+10
4.879999977956768653e+00 2.135416627200000000e+10
4.919999977776087441e+00 2.072299724800000000e+10
4.959999977595405340e+00 3.025251532800000000e+10
4.999999977414724128e+00 5.126508134400000000e+10
5.039999977234039363e+00 7.003274444800000000e+10
5.079999977053357263e+00 7.002383155200000000e+10
5.119999976872676051e+00 5.467385856000000000e+10
5.159999976691993950e+00 3.881243852800000000e+10
5.199999976511312738e+00 2.538405888000000000e+10
5.239999976330627973e+00 1.429892300800000000e+10
5.279999976149945873e+00 6.459428864000000000e+09
5.319999975969264661e+00 1.153524864000000000e+09
5.359999975788582560e+00 1.375277440000000000e+09
5.399999975607901348e+00 3.741769472000000000e+09
5.439999975427216583e+00 4.400206848000000000e+09
5.479999975246534483e+00 2.594919936000000000e+09
5.519999975065853270e+00 1.444116224000000000e+09
5.559999974885171170e+00 1.938329216000000000e+09
5.599999974704489958e+00 4.971813888000000000e+09
5.639999974523807857e+00 1.019796275200000000e+10
5.679999974343123093e+00 2.438469427200000000e+10
5.719999974162441880e+00 5.257829171200000000e+10
5.759999973981759780e+00 7.456676249600000000e+10
5.799999973801078568e+00 7.241601024000000000e+10
5.839999973620396467e+00 5.816014848000000000e+10
5.879999973439711702e+00 4.827779891200000000e+10
5.919999973259030490e+00 4.502587392000000000e+10
5.959999973078349278e+00 3.269293875200000000e+10
5.999999972897667178e+00 1.919927091200000000e+10
6.039999972716985965e+00 6.281485312000000000e+09
6.079999972536301200e+00 2.174005120000000000e+08
6.119999972355619100e+00 1.326011264000000000e+09
6.159999972174937888e+00 2.544568320000000000e+09
6.199999971994255787e+00 2.442394112000000000e+09
6.239999971813574575e+00 5.577102336000000000e+09
6.279999971632892475e+00 1.921536204800000000e+10
6.319999971452207710e+00 4.284198502400000000e+10
6.359999971271526498e+00 6.754664038400000000e+10
6.399999971090844397e+00 8.403007078400000000e+10
6.439999970910163185e+00 7.686302924800000000e+10
6.479999970729481085e+00 5.398477619200000000e+10
6.519999970548796320e+00 3.395651174400000000e+10
6.559999970368115108e+00 2.147102105600000000e+10
6.599999970187433007e+00 1.299941171200000000e+10
6.639999970006751795e+00 7.682146304000000000e+09
6.679999969826069695e+00 7.306960384000000000e+09
6.719999969645388482e+00 8.740467712000000000e+09
6.759999969464703717e+00 8.708154368000000000e+09
6.799999969284021617e+00 7.155829760000000000e+09
6.839999969103340405e+00 6.106441728000000000e+09
6.879999968922659193e+00 5.698658304000000000e+09
6.919999968741977092e+00 5.977849344000000000e+09
6.959999968561292327e+00 5.642560000000000000e+09
6.999999968380611115e+00 3.578838272000000000e+09
7.039999968199929015e+00 1.070340160000000000e+09
7.079999968019247802e+00 4.477306240000000000e+08
7.119999967838565702e+00 3.192554240000000000e+09
7.159999967657880937e+00 1.005175808000000000e+10
7.199999967477199725e+00 2.200250777600000000e+10
7.239999967296517625e+00 3.637483520000000000e+10
7.279999967115836412e+00 4.641120256000000000e+10
7.319999966935154312e+00 4.802855731200000000e+10
7.359999966754473100e+00 4.300380979200000000e+10
7.399999966573788335e+00 3.514450329600000000e+10
7.439999966393106234e+00 2.810295910400000000e+10
7.479999966212425022e+00 1.778409267200000000e+10
7.519999966031742922e+00 7.919633408000000000e+09
7.559999965851061710e+00 2.231104512000000000e+09
7.599999965670376945e+00 1.085625344000000000e+09
7.639999965489694844e+00 4.355708928000000000e+09
7.679999965309013632e+00 8.519860224000000000e+09
7.719999965128331532e+00 7.896433152000000000e+09
7.759999964947650319e+00 2.958232576000000000e+09
7.799999964766968219e+00 3.384382400000000000e+08
7.839999964586283454e+00 3.083029248000000000e+09
7.879999964405602242e+00 7.868783104000000000e+09
7.919999964224921030e+00 1.195457740800000000e+10
7.959999964044238929e+00 1.455375974400000000e+10
7.999999963863557717e+00 1.586760294400000000e+10
8.039999963682872064e+00 1.624936243200000000e+10
8.079999963502190852e+00 1.627321651200000000e+10
8.119999963321509640e+00 1.656502886400000000e+10
8.159999963140828427e+00 1.797241651200000000e+10
8.199999962960145439e+00 2.125888921600000000e+10
8.239999962779460674e+00 2.532634828800000000e+10
8.279999962598779462e+00 2.890382336000000000e+10
8.319999962418098249e+00 3.197125836800000000e+10
8.359999962237417037e+00 3.279389286400000000e+10
8.399999962056734049e+00 3.082943897600000000e+10
8.439999961876052836e+00 2.532239974400000000e+10
8.479999961695368071e+00 1.939025715200000000e+10
8.519999961514686859e+00 1.492477132800000000e+10
8.559999961334005647e+00 1.098811187200000000e+10
8.599999961153322658e+00 6.870269952000000000e+09
8.639999960972641446e+00 3.333392128000000000e+09
8.679999960791956681e+00 1.412983552000000000e+09
8.719999960611275469e+00 4.476607680000000000e+08
8.759999960430594257e+00 6.694640400000000000e+07
8.799999960249911268e+00 1.521750240000000000e+08
8.839999960069230056e+00 5.796672640000000000e+08
8.879999959888548844e+00 7.415210880000000000e+08
8.919999959707864079e+00 1.231740672000000000e+09
8.959999959527182867e+00 3.643247104000000000e+09
8.999999959346501655e+00 9.037779968000000000e+09
9.039999959165818666e+00 1.644782796800000000e+10
9.079999958985137454e+00 2.223616204800000000e+10
9.119999958804452689e+00 2.405040332800000000e+10
9.159999958623771477e+00 2.271571558400000000e+10
9.199999958443090264e+00 1.993695027200000000e+10
9.239999958262407276e+00 1.612566937600000000e+10
9.279999958081726064e+00 1.224935321600000000e+10
9.319999957901041299e+00 8.022531072000000000e+09
9.359999957720360086e+00 4.639662592000000000e+09
9.399999957539678874e+00 2.339840768000000000e+09
9.439999957358995886e+00 1.360015232000000000e+09
9.479999957178314673e+00 1.352404864000000000e+09
9.519999956997633461e+00 2.477683456000000000e+09
9.559999956816948696e+00 4.275456256000000000e+09
9.599999956636267484e+00 4.856288768000000000e+09
9.639999956455584496e+00 3.148724480000000000e+09
9.679999956274903283e+00 9.266359040000000000e+08
9.719999956094222071e+00 1.055834560000000000e+09
9.759999955913537306e+00 4.961412608000000000e+09
9.799999955732856094e+00 1.427785830400000000e+10
9.839999955552174882e+00 3.004052275200000000e+10
9.879999955371491893e+00 4.483101900800000000e+10
9.919999955190810681e+00 4.561272832000000000e+10
9.959999955010125916e+00 3.419512422400000000e+10
9.999999954829444704e+00 2.122953523200000000e+10
1.003999995464876349e+01 1.212982476800000000e+10
1.007999995446808050e+01 6.834757120000000000e+09
1.011999995428739929e+01 3.790208000000000000e+09
1.015999995410671808e+01 1.999631616000000000e+09
1.019999995392603331e+01 9.313126400000000000e+08
1.023999995374535210e+01 3.362155520000000000e+08
1.027999995356466911e+01 7.985396800000000000e+07
1.031999995338398790e+01 6.312144400000000000e+07
1.035999995320330669e+01 2.139812000000000000e+08
1.039999995302262192e+01 5.674782080000000000e+08
1.043999995284194071e+01 1.219094528000000000e+09
1.047999995266125772e+01 2.384970752000000000e+09
1.051999995248057651e+01 4.243349248000000000e+09
1.055999995229989530e+01 6.666580480000000000e+09
1.059999995211921409e+01 9.299685376000000000e+09
1.063999995193852932e+01 1.134925414400000000e+10
1.067999995175784633e+01 1.217872384000000000e+10
1.071999995157716512e+01 1.149889331200000000e+10
1.075999995139648391e+01 9.622624256000000000e+09
1.079999995121580270e+01 7.326319104000000000e+09
1.083999995103511793e+01 5.259677184000000000e+09
1.087999995085443672e+01 3.734864896000000000e+09
1.091999995067375373e+01 2.809896192000000000e+09
1.095999995049307252e+01 2.290851072000000000e+09
1.099999995031239131e+01 2.031647488000000000e+09
1.103999995013170654e+01 1.876496640000000000e+09
1.107999994995102533e+01 1.744070016000000000e+09
1.111999994977034234e+01 1.761230080000000000e+09
1.115999994958966113e+01 2.019942144000000000e+09
1.119999994940897992e+01 2.618816768000000000e+09
1.123999994922829870e+01 3.529819648000000000e+09
1.127999994904761394e+01 4.559290368000000000e+09
1.131999994886693095e+01 5.546828800000000000e+09
1.135999994868624974e+01 6.429807104000000000e+09
1.139999994850556853e+01 7.140380672000000000e+09
1.143999994832488731e+01 7.653571072000000000e+09
1.147999994814420255e+01 7.923093504000000000e+09
1.151999994796351956e+01 7.830023168000000000e+09
1.155999994778283835e+01 7.285921792000000000e+09
1.159999994760215714e+01 6.388641792000000000e+09
1.163999994742147592e+01 5.246406656000000000e+09
1.167999994724079293e+01 4.134625536000000000e+09
1.171999994706010817e+01 3.225519360000000000e+09
1.175999994687942696e+01 2.555820544000000000e+09
1.179999994669874575e+01 2.186418432000000000e+09
1.183999994651806453e+01 2.116514432000000000e+09
1.187999994633738332e+01 2.303278848000000000e+09
1.191999994615669856e+01 2.731429632000000000e+09
1.195999994597601557e+01 3.381314304000000000e+09
1.199999994579533436e+01 4.149144576000000000e+09
1.203999994561465314e+01 4.911867392000000000e+09
1.207999994543397193e+01 5.564101632000000000e+09
1.211999994525328717e+01 5.949605376000000000e+09
1.215999994507260418e+01 5.907023872000000000e+09
1.219999994489192296e+01 5.525309952000000000e+09
1.223999994471124175e+01 4.876835328000000000e+09
1.227999994453056054e+01 4.074759168000000000e+09
