# x = Time (fs); y = Power (W)
-1.179999994669874752e+01 1.866400000000000000e+09
-1.175999994687943051e+01 1.994391936000000000e+09
-1.171999994706011172e+01 2.095806208000000000e+09
-1.167999994724079293e+01 2.145224064000000000e+09
-1.163999994742147770e+01 2.129639680000000000e+09
-1.159999994760215891e+01 2.002686976000000000e+09
-1.155999994778284012e+01 1.829429120000000000e+09
-1.151999994796352311e+01 1.623482752000000000e+09
-1.147999994814420432e+01 1.386768384000000000e+09
-1.143999994832488731e+01 1.163760512000000000e+09
-1.139999994850557030e+01 9.648289920000000000e+08
-1.135999994868625151e+01 7.972176000000000000e+08
-1.131999994886693450e+01 6.855898880000000000e+08
-1.127999994904761571e+01 6.181396480000000000e+08
-1.123999994922829870e+01 6.031592320000000000e+08
-1.119999994940898169e+01 6.413022720000000000e+08
-1.115999994958966290e+01 7.427943040000000000e+08
-1.111999994977034589e+01 9.017000320000000000e+08
-1.107999994995102711e+01 1.141808256000000000e+09
-1.103999995013171009e+01 1.474018560000000000e+09
-1.099999995031239131e+01 1.909707904000000000e+09
-1.095999995049307429e+01 2.453075712000000000e+09
-1.091999995067375551e+01 3.132881920000000000e+09
-1.087999995085443850e+01 3.907291648000000000e+09
-1.083999995103512148e+01 4.714328576000000000e+09
-1.079999995121580270e+01 5.473467904000000000e+09
-1.075999995139648568e+01 6.032115200000000000e+09
-1.071999995157716690e+01 6.234560512000000000e+09
-1.067999995175784989e+01 6.058365440000000000e+09
-1.063999995193853110e+01 5.520545280000000000e+09
-1.059999995211921409e+01 4.790654464000000000e+09
-1.055999995229989707e+01 4.085865728000000000e+09
-1.051999995248057829e+01 3.606987776000000000e+09
-1.047999995266126128e+01 3.419824384000000000e+09
-1.043999995284194249e+01 3.553756160000000000e+09
-1.039999995302262548e+01 3.969395200000000000e+09
-1.035999995320330669e+01 4.212952576000000000e+09
-1.031999995338398968e+01 3.791546624000000000e+09
-1.027999995356467089e+01 2.986347776000000000e+09
-1.023999995374535388e+01 2.081423488000000000e+09
-1.019999995392603687e+01 1.340565504000000000e+09
-1.015999995410671808e+01 8.557524480000000000e+08
-1.011999995428740107e+01 5.383633920000000000e+08
-1.007999995446808228e+01 4.294621760000000000e+08
-1.003999995464876527e+01 5.763135360000000000e+08
-9.999999954829448257e+00 8.528899840000000000e+08
-9.959999955010129469e+00 1.067299520000000000e+09
-9.919999955190810681e+00 1.138313856000000000e+09
-9.879999955371493670e+00 1.144181504000000000e+09
-9.839999955552174882e+00 1.103376512000000000e+09
-9.799999955732859647e+00 1.028406144000000000e+09
-9.759999955913540859e+00 9.140054400000000000e+08
-9.719999956094222071e+00 7.812868480000000000e+08
-9.679999956274905060e+00 6.636992640000000000e+08
-9.639999956455586272e+00 5.713391360000000000e+08
-9.599999956636269260e+00 4.993954880000000000e+08
-9.559999956816952249e+00 4.265475520000000000e+08
-9.519999956997633461e+00 3.637886720000000000e+08
-9.479999957178316450e+00 2.885235840000000000e+08
-9.439999957358997662e+00 1.969937120000000000e+08
-9.399999957539680651e+00 1.093879200000000000e+08
-9.359999957720363639e+00 6.742895200000000000e+07
-9.319999957901044851e+00 1.457821920000000000e+08
-9.279999958081726064e+00 4.848765120000000000e+08
-9.239999958262409052e+00 1.306234752000000000e+09
-9.199999958443092041e+00 2.836966144000000000e+09
-9.159999958623775029e+00 5.072107520000000000e+09
-9.119999958804456242e+00 7.669148672000000000e+09
-9.079999958985137454e+00 9.888342016000000000e+09
-9.039999959165818666e+00 1.091711078400000000e+10
-8.999999959346501655e+00 1.036489420800000000e+10
-8.959999959527186419e+00 8.555536384000000000e+09
-8.919999959707867632e+00 6.162484224000000000e+09
-8.879999959888548844e+00 3.940350208000000000e+09
-8.839999960069230056e+00 2.256602368000000000e+09
-8.799999960249913045e+00 1.209297152000000000e+09
-8.759999960430597810e+00 7.976474240000000000e+08
-8.719999960611279022e+00 9.189577600000000000e+08
-8.679999960791960234e+00 1.440763392000000000e+09
-8.639999960972641446e+00 2.307150848000000000e+09
-8.599999961153324435e+00 3.494825472000000000e+09
-8.559999961334007423e+00 4.994937856000000000e+09
-8.519999961514690412e+00 6.760679424000000000e+09
-8.479999961695371624e+00 8.419928576000000000e+09
-8.439999961876052836e+00 9.725073408000000000e+09
-8.399999962056734049e+00 1.047954124800000000e+10
-8.359999962237418814e+00 9.894765568000000000e+09
-8.319999962418101802e+00 7.871816192000000000e+09
-8.279999962598783014e+00 5.174792704000000000e+09
-8.239999962779464227e+00 3.143882240000000000e+09
-8.199999962960145439e+00 1.940758400000000000e+09
-8.159999963140828427e+00 1.151539840000000000e+09
-8.119999963321513192e+00 6.241703040000000000e+08
-8.079999963502194404e+00 3.090417600000000000e+08
-8.039999963682875617e+00 2.112501280000000000e+08
-7.999999963863557717e+00 5.003052800000000000e+08
-7.959999964044240706e+00 1.406617856000000000e+09
-7.919999964224921918e+00 3.200727040000000000e+09
-7.879999964405605795e+00 5.869113344000000000e+09
-7.839999964586287007e+00 9.095821312000000000e+09
-7.799999964766968219e+00 1.213198233600000000e+10
-7.759999964947650319e+00 1.420070400000000000e+10
-7.719999965128333308e+00 1.488419840000000000e+10
-7.679999965309016297e+00 1.415686041600000000e+10
-7.639999965489698397e+00 1.192021913600000000e+10
-7.599999965670379609e+00 8.216478720000000000e+09
-7.559999965851061710e+00 4.806793728000000000e+09
-7.519999966031744698e+00 2.656781056000000000e+09
-7.479999966212426799e+00 1.615919232000000000e+09
-7.439999966393109787e+00 1.254033280000000000e+09
-7.399999966573790999e+00 1.185236096000000000e+09
-7.359999966754473100e+00 1.081631232000000000e+09
-7.319999966935154312e+00 8.542989440000000000e+08
-7.279999967115837300e+00 6.259306880000000000e+08
-7.239999967296521177e+00 6.602565120000000000e+08
-7.199999967477202389e+00 1.379313792000000000e+09
-7.159999967657884490e+00 3.964361728000000000e+09
-7.119999967838565702e+00 1.045449216000000000e+10
-7.079999968019248691e+00 2.128170393600000000e+10
-7.039999968199931679e+00 3.461316608000000000e+10
-6.999999968380612891e+00 4.329072230400000000e+10
-6.959999968561295880e+00 4.175773286400000000e+10
-6.919999968741977980e+00 3.198572544000000000e+10
-6.879999968922660081e+00 2.017380352000000000e+10
-6.839999969103342181e+00 1.151000064000000000e+10
-6.799999969284024282e+00 6.419371008000000000e+09
-6.759999969464706382e+00 2.752961280000000000e+09
-6.719999969645389370e+00 1.098564480000000000e+09
-6.679999969826070583e+00 9.504435200000000000e+08
-6.639999970006753571e+00 1.498353408000000000e+09
-6.599999970187435672e+00 2.659144448000000000e+09
-6.559999970368116884e+00 3.798237696000000000e+09
-6.519999970548799872e+00 4.623391744000000000e+09
-6.479999970729481973e+00 4.770491904000000000e+09
-6.439999970910164961e+00 4.413031424000000000e+09
-6.399999971090846174e+00 4.629033472000000000e+09
-6.359999971271528274e+00 5.665133568000000000e+09
-6.319999971452211263e+00 7.710322176000000000e+09
-6.279999971632893363e+00 1.084236595200000000e+10
-6.239999971813575463e+00 1.215024025600000000e+10
-6.199999971994257564e+00 9.200643072000000000e+09
-6.159999972174939664e+00 4.630366208000000000e+09
-6.119999972355622653e+00 2.225657600000000000e+09
-6.079999972536303865e+00 2.717116416000000000e+09
-6.039999972716985965e+00 4.414481920000000000e+09
-5.999999972897668954e+00 6.305671168000000000e+09
-5.959999973078351054e+00 8.545592320000000000e+09
-5.919999973259033155e+00 9.801738240000000000e+09
-5.879999973439715255e+00 8.273129472000000000e+09
-5.839999973620396467e+00 3.550240000000000000e+09
-5.799999973801080344e+00 8.912149760000000000e+08
-5.759999973981761556e+00 7.196179968000000000e+09
-5.719999974162444545e+00 2.477544652800000000e+10
-5.679999974343126645e+00 4.896255590400000000e+10
-5.639999974523807857e+00 7.122080563200000000e+10
-5.599999974704491734e+00 7.584328089600000000e+10
-5.559999974885172946e+00 5.911844864000000000e+10
-5.519999975065855047e+00 3.121704550400000000e+10
-5.479999975246538035e+00 1.242796134400000000e+10
-5.439999975427219248e+00 3.378751232000000000e+09
-5.399999975607903124e+00 7.642986240000000000e+08
-5.359999975788584337e+00 1.163152768000000000e+09
-5.319999975969265549e+00 2.198394112000000000e+09
-5.279999976149949426e+00 2.166538496000000000e+09
-5.239999976330630638e+00 1.687579008000000000e+09
-5.199999976511312738e+00 2.212679168000000000e+09
-5.159999976691995727e+00 3.622137600000000000e+09
-5.119999976872676939e+00 4.292537344000000000e+09
-5.079999977053359039e+00 5.936425472000000000e+09
-5.039999977234042028e+00 8.392666624000000000e+09
-4.999999977414724128e+00 1.707493785600000000e+10
-4.959999977595407117e+00 3.684987289600000000e+10
-4.919999977776088329e+00 6.103758848000000000e+10
-4.879999977956770429e+00 7.785643212800000000e+10
-4.839999978137453418e+00 7.341368934400000000e+10
-4.799999978318134630e+00 5.380392550400000000e+10
-4.759999978498816731e+00 3.144149811200000000e+10
-4.719999978679499719e+00 1.561711513600000000e+10
-4.679999978860181820e+00 4.881329664000000000e+09
-4.639999979040864808e+00 7.767336320000000000e+08
-4.599999979221546020e+00 4.003422464000000000e+09
-4.559999979402228121e+00 9.260940288000000000e+09
-4.519999979582911109e+00 8.578234368000000000e+09
-4.479999979763593210e+00 5.663591424000000000e+09
-4.439999979944274422e+00 6.244202496000000000e+09
-4.399999980124957411e+00 7.300419584000000000e+09
-4.359999980305639511e+00 4.683548672000000000e+09
-4.319999980486322499e+00 8.215594240000000000e+08
-4.279999980667003712e+00 5.057810944000000000e+09
-4.239999980847685812e+00 1.278940774400000000e+10
-4.199999981028368801e+00 1.134933196800000000e+10
-4.159999981209050901e+00 7.411658240000000000e+09
-4.119999981389732113e+00 4.981705728000000000e+09
-4.079999981570415102e+00 8.213489664000000000e+09
-4.039999981751097202e+00 2.227415654400000000e+10
-3.999999981931778859e+00 4.583506739200000000e+10
-3.959999982112461847e+00 6.342983680000000000e+10
-3.919999982293143503e+00 6.089265971200000000e+10
-3.879999982473826936e+00 4.500423065600000000e+10
-3.839999982654508148e+00 2.775422156800000000e+10
-3.799999982835189805e+00 1.733543526400000000e+10
-3.759999983015873237e+00 1.377624678400000000e+10
-3.719999983196554894e+00 1.587007692800000000e+10
-3.679999983377236550e+00 2.073140224000000000e+10
-3.639999983557919538e+00 2.343223705600000000e+10
-3.599999983738601195e+00 1.727285452800000000e+10
-3.559999983919284627e+00 1.156719820800000000e+10
-3.519999984099966284e+00 1.217856819200000000e+10
-3.479999984280647940e+00 1.814664601600000000e+10
-3.439999984461330929e+00 1.485351321600000000e+10
-3.399999984642012585e+00 5.389043712000000000e+09
-3.359999984822694241e+00 4.865340416000000000e+09
-3.319999985003377230e+00 1.703907123200000000e+10
-3.279999985184058886e+00 3.436128256000000000e+10
-3.239999985364742319e+00 5.069526220800000000e+10
-3.199999985545423975e+00 5.411687628800000000e+10
-3.159999985726105631e+00 5.286572441600000000e+10
-3.119999985906788620e+00 4.537820364800000000e+10
-3.079999986087470276e+00 2.556242944000000000e+10
-3.039999986268151932e+00 9.192864768000000000e+09
-2.999999986448835365e+00 6.925970944000000000e+09
-2.959999986629517021e+00 1.436276224000000000e+10
-2.919999986810200010e+00 1.372869632000000000e+10
-2.879999986990881666e+00 7.197692416000000000e+09
-2.839999987171563323e+00 1.320797900800000000e+10
-2.799999987352246311e+00 2.961438105600000000e+10
-2.759999987532927967e+00 4.558204928000000000e+10
-2.719999987713609624e+00 7.511142400000000000e+10
-2.679999987894293056e+00 1.341008855040000000e+11
-2.639999988074974713e+00 1.750997237760000000e+11
-2.599999988255656369e+00 1.560507678720000000e+11
-2.559999988436339358e+00 1.112737628160000000e+11
-2.519999988617021014e+00 7.205161369600000000e+10
-2.479999988797704447e+00 4.721039769600000000e+10
-2.439999988978386103e+00 3.369094553600000000e+10
-2.399999989159067315e+00 2.240751820800000000e+10
-2.359999989339750748e+00 1.529315942400000000e+10
-2.319999989520432404e+00 9.610499072000000000e+09
-2.279999989701114060e+00 9.117654016000000000e+09
-2.239999989881797049e+00 9.647365120000000000e+09
-2.199999990062478705e+00 7.886420992000000000e+09
-2.159999990243162138e+00 4.577204224000000000e+09
-2.119999990423843794e+00 1.502766976000000000e+09
-2.079999990604525451e+00 1.206613040000000000e+08
-2.039999990785208439e+00 1.019709312000000000e+09
-1.999999990965890095e+00 3.595324160000000000e+09
-1.959999991146571752e+00 1.159542374400000000e+10
-1.919999991327254962e+00 2.390918963200000000e+10
-1.879999991507936619e+00 3.484168601600000000e+10
-1.839999991688619829e+00 3.988050739200000000e+10
-1.799999991869301486e+00 4.911268249600000000e+10
-1.759999992049983142e+00 5.614955315200000000e+10
-1.719999992230666352e+00 6.594034892800000000e+10
-1.679999992411347787e+00 5.577245900800000000e+10
-1.639999992592029443e+00 1.518520115200000000e+10
-1.599999992772712654e+00 7.978870784000000000e+09
-1.559999992953394310e+00 2.932942438400000000e+10
-1.519999993134077521e+00 3.697904435200000000e+10
-1.479999993314759177e+00 3.336383692800000000e+10
-1.439999993495440833e+00 3.158537011200000000e+10
-1.399999993676124044e+00 3.790465843200000000e+10
-1.359999993856805700e+00 4.095832473600000000e+10
-1.319999994037487356e+00 3.882840064000000000e+10
-1.279999994218170567e+00 4.482461286400000000e+10
-1.239999994398852223e+00 4.307208192000000000e+10
-1.199999994579533658e+00 2.627040665600000000e+10
-1.159999994760216868e+00 6.342590976000000000e+09
-1.119999994940898524e+00 6.087866000000000000e+07
-1.079999995121581735e+00 2.440835328000000000e+09
-1.039999995302263391e+00 7.526744576000000000e+09
-9.999999954829450477e-01 1.471661977600000000e+10
-9.599999956636282583e-01 1.531262873600000000e+10
-9.199999958443099146e-01 9.311404032000000000e+09
-8.799999960249915709e-01 1.334213734400000000e+10
-8.399999962056747815e-01 2.198577971200000000e+10
-7.999999963863563268e-01 2.982934323200000000e+10
-7.599999965670395374e-01 3.375221350400000000e+10
-7.199999967477211937e-01 3.848945664000000000e+10
-6.799999969284028500e-01 2.954694656000000000e+10
-6.399999971090860607e-01 2.719352217600000000e+10
-5.999999972897677170e-01 3.857761894400000000e+10
-5.599999974704492622e-01 7.767634739200000000e+10
-5.199999976511324729e-01 1.132022333440000000e+11
-4.799999978318141292e-01 1.046115532800000000e+11
-4.399999980124973398e-01 6.265690112000000000e+10
-3.999999981931789961e-01 3.022753587200000000e+10
-3.599999983738605969e-01 2.699140864000000000e+09
-3.199999985545438075e-01 6.211563520000000000e+09
-2.799999987352254638e-01 1.550115430400000000e+10
-2.399999989159070646e-01 1.153783193600000000e+10
-1.999999990965902752e-01 8.334652416000000000e+09
-1.599999992772719037e-01 4.936750080000000000e+09
-1.199999994579535323e-01 5.131459788800000000e+10
-7.999999963863674290e-02 1.406673223680000000e+11
-3.999999981931837145e-02 1.685789081600000000e+11
-1.577721810442023611e-15 1.227301601280000000e+11
3.999999981931678938e-02 7.237646745600000000e+10
7.999999963863516084e-02 3.570730188800000000e+10
1.199999994579519502e-01 1.502091776000000000e+10
1.599999992772703217e-01 1.001761075200000000e+10
1.999999990965886931e-01 1.275817164800000000e+10
2.399999989159054825e-01 1.686469427200000000e+10
2.799999987352238540e-01 1.836713984000000000e+10
3.199999985545406433e-01 1.258318950400000000e+10
3.599999983738590426e-01 3.503924992000000000e+09
3.999999981931773863e-01 1.273884160000000000e+09
4.399999980124941756e-01 4.600858112000000000e+09
4.799999978318125748e-01 4.014005760000000000e+09
5.199999976511309185e-01 1.473429504000000000e+09
5.599999974704477079e-01 7.125625344000000000e+09
5.999999972897660516e-01 2.298393600000000000e+10
6.399999971090828410e-01 4.634655129600000000e+10
6.799999969284012957e-01 6.532180787200000000e+10
7.199999967477196394e-01 5.994923622400000000e+10
7.599999965670364288e-01 3.851360256000000000e+10
7.999999963863547725e-01 1.610554265600000000e+10
8.399999962056731162e-01 4.001093888000000000e+09
8.799999960249899056e-01 1.719591552000000000e+09
9.199999958443083603e-01 6.539659520000000000e+08
9.599999956636251497e-01 8.455888640000000000e+08
9.999999954829434934e-01 8.184384512000000000e+09
1.039999995302261837e+00 2.659079168000000000e+10
1.079999995121578626e+00 5.809222860800000000e+10
1.119999994940896970e+00 9.426770329600000000e+10
1.159999994760215314e+00 9.728616857600000000e+10
1.199999994579532103e+00 6.969440665600000000e+10
1.239999994398850447e+00 2.931645030400000000e+10
1.279999994218169013e+00 3.026299084800000000e+10
1.319999994037487356e+00 4.057298534400000000e+10
1.359999993856802591e+00 1.232137932800000000e+10
1.399999993676120935e+00 3.139947008000000000e+09
1.439999993495439279e+00 2.163972915200000000e+10
1.479999993314757623e+00 3.416013414400000000e+10
1.519999993134075966e+00 4.306257920000000000e+10
1.559999992953391201e+00 5.437253632000000000e+10
1.599999992772709545e+00 7.042223308800000000e+10
1.639999992592027889e+00 6.145804697600000000e+10
1.679999992411346232e+00 4.117168537600000000e+10
1.719999992230664798e+00 3.599513600000000000e+10
1.759999992049983142e+00 2.742075187200000000e+10
1.799999991869298377e+00 6.859937280000000000e+09
1.839999991688616721e+00 1.740311168000000000e+09
1.879999991507935064e+00 1.873129472000000000e+10
1.919999991327253408e+00 4.664838553600000000e+10
1.959999991146571752e+00 7.203129753600000000e+10
1.999999990965886987e+00 9.369402572800000000e+10
2.039999990785205330e+00 9.563296563200000000e+10
2.079999990604523674e+00 5.813357772800000000e+10
2.119999990423842018e+00 2.313603072000000000e+10
2.159999990243160362e+00 5.910892544000000000e+09
2.199999990062475597e+00 5.762696704000000000e+09
2.239999989881793940e+00 1.041902182400000000e+10
2.279999989701112284e+00 2.267879628800000000e+10
2.319999989520430628e+00 5.288997683200000000e+10
2.359999989339748971e+00 6.659944857600000000e+10
2.399999989159067315e+00 4.154071859200000000e+10
2.439999988978382550e+00 5.546490368000000000e+09
2.479999988797700894e+00 1.176921702400000000e+10
2.519999988617019682e+00 6.604655820800000000e+10
2.559999988436338025e+00 1.010548080640000000e+11
2.599999988255656369e+00 9.944076288000000000e+10
2.639999988074971604e+00 7.939724083200000000e+10
2.679999987894289948e+00 5.767945830400000000e+10
2.719999987713608292e+00 3.459453747200000000e+10
2.759999987532926635e+00 1.972135116800000000e+10
2.799999987352244979e+00 1.066472857600000000e+10
2.839999987171563323e+00 6.849861632000000000e+09
2.879999986990878558e+00 4.897676288000000000e+09
2.919999986810196901e+00 4.457534976000000000e+09
2.959999986629515245e+00 5.413721088000000000e+09
2.999999986448833589e+00 7.845723136000000000e+09
3.039999986268151932e+00 1.266532352000000000e+10
3.079999986087467168e+00 5.442808832000000000e+09
3.119999985906785511e+00 2.793725440000000000e+08
3.159999985726103855e+00 1.573926502400000000e+10
3.199999985545422199e+00 4.987044659200000000e+10
3.239999985364740542e+00 6.516644249600000000e+10
3.279999985184055777e+00 4.455628390400000000e+10
3.319999985003374121e+00 2.868819353600000000e+10
3.359999984822692465e+00 6.091161600000000000e+10
3.399999984642010808e+00 9.552338944000000000e+10
3.439999984461329596e+00 9.091581542400000000e+10
3.479999984280647940e+00 6.310946406400000000e+10
3.519999984099963175e+00 2.621490380800000000e+10
3.559999983919281519e+00 8.040698368000000000e+09
3.599999983738599862e+00 6.035561472000000000e+09
3.639999983557918206e+00 1.712924364800000000e+10
3.679999983377236550e+00 4.412823552000000000e+10
3.719999983196551785e+00 5.940720435200000000e+10
3.759999983015870129e+00 5.325273497600000000e+10
3.799999982835188472e+00 4.745868083200000000e+10
3.839999982654506816e+00 5.721638092800000000e+10
3.879999982473825160e+00 7.688835072000000000e+10
3.919999982293143503e+00 8.010632396800000000e+10
3.959999982112458738e+00 5.997178470400000000e+10
3.999999981931777082e+00 3.142149324800000000e+10
4.039999981751095426e+00 1.243246796800000000e+10
4.079999981570414214e+00 6.698674176000000000e+09
4.119999981389732113e+00 8.660824064000000000e+09
4.159999981209047348e+00 1.140102656000000000e+10
4.199999981028366136e+00 9.191665664000000000e+09
4.239999980847684036e+00 3.504769792000000000e+09
4.279999980667002824e+00 7.986800000000000000e+08
4.319999980486320723e+00 5.216368128000000000e+09
4.359999980305635958e+00 1.375370854400000000e+10
4.399999980124954746e+00 1.928366284800000000e+10
4.439999979944272646e+00 1.632762470400000000e+10
4.479999979763591433e+00 1.495318732800000000e+10
4.519999979582909333e+00 1.593195622400000000e+10
4.559999979402228121e+00 1.644678451200000000e+10
4.599999979221543356e+00 9.076276224000000000e+09
4.639999979040861255e+00 4.742582784000000000e+09
4.679999978860180043e+00 7.337260544000000000e+09
4.719999978679497943e+00 9.020534784000000000e+09
4.759999978498816731e+00 6.391546368000000000e+09
4.799999978318131966e+00 1.093638348800000000e+10
4.839999978137449865e+00 3.446091776000000000e+10
4.879999977956768653e+00 7.038060953600000000e+10
4.919999977776087441e+00 8.727142400000000000e+10
4.959999977595405340e+00 5.979384217600000000e+10
4.999999977414724128e+00 2.819733299200000000e+10
5.039999977234039363e+00 1.741124608000000000e+10
5.079999977053357263e+00 1.754668646400000000e+10
5.119999976872676051e+00 1.780603904000000000e+10
5.159999976691993950e+00 1.594279321600000000e+10
5.199999976511312738e+00 1.427895500800000000e+10
5.239999976330627973e+00 1.343063756800000000e+10
5.279999976149945873e+00 1.747488972800000000e+10
5.319999975969264661e+00 2.240253952000000000e+10
5.359999975788582560e+00 2.710639206400000000e+10
5.399999975607901348e+00 2.447632998400000000e+10
5.439999975427216583e+00 2.118907699200000000e+10
5.479999975246534483e+00 2.006505676800000000e+10
5.519999975065853270e+00 1.471879577600000000e+10
5.559999974885171170e+00 5.840599552000000000e+09
5.599999974704489958e+00 2.761883648000000000e+09
5.639999974523807857e+00 7.009688064000000000e+09
5.679999974343123093e+00 1.295656038400000000e+10
5.719999974162441880e+00 1.730106368000000000e+10
5.759999973981759780e+00 1.698011852800000000e+10
5.799999973801078568e+00 1.352572313600000000e+10
5.839999973620396467e+00 1.215804416000000000e+10
5.879999973439711702e+00 1.070021017600000000e+10
5.919999973259030490e+00 9.483058176000000000e+09
5.959999973078349278e+00 9.235503104000000000e+09
5.999999972897667178e+00 7.566738944000000000e+09
6.039999972716985965e+00 1.951665664000000000e+09
6.079999972536301200e+00 2.170782208000000000e+09
6.119999972355619100e+00 2.290251366400000000e+10
6.159999972174937888e+00 5.513518284800000000e+10
6.199999971994255787e+00 8.100082483200000000e+10
6.239999971813574575e+00 8.504360140800000000e+10
6.279999971632892475e+00 7.007435161600000000e+10
6.319999971452207710e+00 5.123135488000000000e+10
6.359999971271526498e+00 3.530236313600000000e+10
6.399999971090844397e+00 2.565238579200000000e+10
6.439999970910163185e+00 1.943136460800000000e+10
6.479999970729481085e+00 1.259448115200000000e+10
6.519999970548796320e+00 6.523395584000000000e+09
6.559999970368115108e+00 2.508908800000000000e+09
6.599999970187433007e+00 1.197795584000000000e+09
6.639999970006751795e+00 6.172717440000000000e+08
6.679999969826069695e+00 6.885728000000000000e+08
6.719999969645388482e+00 1.594513024000000000e+09
6.759999969464703717e+00 5.539209216000000000e+09
6.799999969284021617e+00 1.358255616000000000e+10
6.839999969103340405e+00 2.166800384000000000e+10
6.879999968922659193e+00 2.410827776000000000e+10
6.919999968741977092e+00 1.985811865600000000e+10
6.959999968561292327e+00 1.259630796800000000e+10
6.999999968380611115e+00 6.337954816000000000e+09
7.039999968199929015e+00 2.490779392000000000e+09
7.079999968019247802e+00 1.182627456000000000e+09
7.119999967838565702e+00 1.877843840000000000e+09
7.159999967657880937e+00 4.735932928000000000e+09
7.199999967477199725e+00 1.141642444800000000e+10
7.239999967296517625e+00 2.134523084800000000e+10
7.279999967115836412e+00 3.176330444800000000e+10
7.319999966935154312e+00 3.811821977600000000e+10
7.359999966754473100e+00 3.963727462400000000e+10
7.399999966573788335e+00 3.440610508800000000e+10
7.439999966393106234e+00 2.608793190400000000e+10
7.479999966212425022e+00 1.672367206400000000e+10
7.519999966031742922e+00 8.424202752000000000e+09
7.559999965851061710e+00 2.640477184000000000e+09
7.599999965670376945e+00 1.994475680000000000e+08
7.639999965489694844e+00 2.039096448000000000e+09
7.679999965309013632e+00 4.948398592000000000e+09
7.719999965128331532e+00 5.922331648000000000e+09
7.759999964947650319e+00 4.088451840000000000e+09
7.799999964766968219e+00 1.973399680000000000e+09
7.839999964586283454e+00 1.305219712000000000e+09
7.879999964405602242e+00 3.216500224000000000e+09
7.919999964224921030e+00 8.972247040000000000e+09
7.959999964044238929e+00 1.533002035200000000e+10
7.999999963863557717e+00 1.359233740800000000e+10
8.039999963682872064e+00 6.050402304000000000e+09
8.079999963502190852e+00 7.259893760000000000e+09
8.119999963321509640e+00 1.244623360000000000e+10
8.159999963140828427e+00 1.210145689600000000e+10
8.199999962960145439e+00 1.733283020800000000e+10
8.239999962779460674e+00 3.032948121600000000e+10
8.279999962598779462e+00 4.560364339200000000e+10
8.319999962418098249e+00 5.510299648000000000e+10
8.359999962237417037e+00 5.322233446400000000e+10
8.399999962056734049e+00 4.104993996800000000e+10
8.439999961876052836e+00 2.546276556800000000e+10
8.479999961695368071e+00 1.223427788800000000e+10
8.519999961514686859e+00 1.020873318400000000e+10
8.559999961334005647e+00 2.112047308800000000e+10
8.599999961153322658e+00 3.520610304000000000e+10
8.639999960972641446e+00 3.772946841600000000e+10
8.679999960791956681e+00 2.961020518400000000e+10
8.719999960611275469e+00 1.735487078400000000e+10
8.759999960430594257e+00 8.030225920000000000e+09
8.799999960249911268e+00 2.769422336000000000e+09
8.839999960069230056e+00 6.102668160000000000e+08
8.879999959888548844e+00 4.450273920000000000e+08
8.919999959707864079e+00 1.615263488000000000e+09
8.959999959527182867e+00 3.626640128000000000e+09
8.999999959346501655e+00 6.002127872000000000e+09
9.039999959165818666e+00 7.871748096000000000e+09
9.079999958985137454e+00 7.948185088000000000e+09
9.119999958804452689e+00 6.178589696000000000e+09
9.159999958623771477e+00 3.997445632000000000e+09
9.199999958443090264e+00 2.344351232000000000e+09
9.239999958262407276e+00 1.354717440000000000e+09
9.279999958081726064e+00 8.883799040000000000e+08
9.319999957901041299e+00 7.862677760000000000e+08
9.359999957720360086e+00 9.571822720000000000e+08
9.399999957539678874e+00 1.331817216000000000e+09
9.439999957358995886e+00 1.971378048000000000e+09
9.479999957178314673e+00 2.934596608000000000e+09
9.519999956997633461e+00 4.216452864000000000e+09
9.559999956816948696e+00 5.936801280000000000e+09
9.599999956636267484e+00 8.496908288000000000e+09
9.639999956455584496e+00 1.220580556800000000e+10
9.679999956274903283e+00 1.591750348800000000e+10
9.719999956094222071e+00 1.799499161600000000e+10
9.759999955913537306e+00 1.830984704000000000e+10
9.799999955732856094e+00 1.727966003200000000e+10
9.839999955552174882e+00 1.458018713600000000e+10
9.879999955371491893e+00 1.024460595200000000e+10
9.919999955190810681e+00 5.596498944000000000e+09
9.959999955010125916e+00 2.655464960000000000e+09
9.999999954829444704e+00 2.271727872000000000e+09
1.003999995464876349e+01 3.333710848000000000e+09
1.007999995446808050e+01 4.365905920000000000e+09
1.011999995428739929e+01 4.708085760000000000e+09
1.015999995410671808e+01 4.487131648000000000e+09
1.019999995392603331e+01 3.951517440000000000e+09
1.023999995374535210e+01 3.311452160000000000e+09
1.027999995356466911e+01 2.725280512000000000e+09
1.031999995338398790e+01 2.173167104000000000e+09
1.035999995320330669e+01 1.698230016000000000e+09
1.039999995302262192e+01 1.293920640000000000e+09
1.043999995284194071e+01 9.512431360000000000e+08
1.047999995266125772e+01 6.638665600000000000e+08
1.051999995248057651e+01 4.590653120000000000e+08
1.055999995229989530e+01 3.585584320000000000e+08
1.059999995211921409e+01 4.008412160000000000e+08
1.063999995193852932e+01 7.688051200000000000e+08
1.067999995175784633e+01 1.858077952000000000e+09
1.071999995157716512e+01 4.236224768000000000e+09
1.075999995139648391e+01 8.103025152000000000e+09
1.079999995121580270e+01 1.264529305600000000e+10
1.083999995103511793e+01 1.616167219200000000e+10
1.087999995085443672e+01 1.727239372800000000e+10
1.091999995067375373e+01 1.563952025600000000e+10
1.095999995049307252e+01 1.232967680000000000e+10
1.099999995031239131e+01 8.662162432000000000e+09
1.103999995013170654e+01 5.609554944000000000e+09
1.107999994995102533e+01 3.403298048000000000e+09
1.111999994977034234e+01 1.973657344000000000e+09
1.115999994958966113e+01 1.131375104000000000e+09
1.119999994940897992e+01 7.209390080000000000e+08
1.123999994922829870e+01 6.410359040000000000e+08
1.127999994904761394e+01 7.991528960000000000e+08
1.131999994886693095e+01 1.180586240000000000e+09
1.135999994868624974e+01 1.781581696000000000e+09
1.139999994850556853e+01 2.555570944000000000e+09
1.143999994832488731e+01 3.537138944000000000e+09
1.147999994814420255e+01 4.731243008000000000e+09
1.151999994796351956e+01 6.133114368000000000e+09
1.155999994778283835e+01 7.875095040000000000e+09
1.159999994760215714e+01 1.000441344000000000e+10
1.163999994742147592e+01 1.230369280000000000e+10
1.167999994724079293e+01 1.423995494400000000e+10
1.171999994706010817e+01 1.484009676800000000e+10
1.175999994687942696e+01 1.346489548800000000e+10
1.179999994669874575e+01 1.070028595200000000e+10
1.183999994651806453e+01 7.537126912000000000e+09
1.187999994633738332e+01 4.806805504000000000e+09
1.191999994615669856e+01 2.827106048000000000e+09
1.195999994597601557e+01 1.554671872000000000e+09
1.199999994579533436e+01 8.126545920000000000e+08
1.203999994561465314e+01 4.475339840000000000e+08
1.207999994543397193e+01 3.293182080000000000e+08
1.211999994525328717e+01 3.799882240000000000e+08
1.215999994507260418e+01 5.548848640000000000e+08
1.219999994489192296e+01 8.391844480000000000e+08
1.223999994471124175e+01 1.253642624000000000e+09
1.227999994453056054e+01 1.768765824000000000e+09
1.231999994434987755e+01 2.407435776000000000e+09
1.235999994416919279e+01 3.170158336000000000e+09
1.239999994398851157e+01 3.998814464000000000e+09
1.243999994380783036e+01 4.836727808000000000e+09
1.247999994362714915e+01 5.569435136000000000e+09
1.251999994344646616e+01 6.013065216000000000e+09
1.255999994326578140e+01 6.063320576000000000e+09
1.259999994308510018e+01 5.674587648000000000e+09
1.263999994290441897e+01 4.870554112000000000e+09
1.267999994272373776e+01 3.868620032000000000e+09
1.271999994254305477e+01 2.885695232000000000e+09
