# x = Time (fs); y = Power (W)
-1.151999994796352311e+01 1.532627968000000000e+09
-1.147999994814420432e+01 1.658650240000000000e+09
-1.143999994832488731e+01 1.654147200000000000e+09
-1.139999994850557030e+01 1.487552768000000000e+09
-1.135999994868625151e+01 1.223296512000000000e+09
-1.131999994886693450e+01 9.640210560000000000e+08
-1.127999994904761571e+01 7.853432320000000000e+08
-1.123999994922829870e+01 7.385888640000000000e+08
-1.119999994940898169e+01 8.226049280000000000e+08
-1.115999994958966290e+01 1.014749952000000000e+09
-1.111999994977034589e+01 1.289336704000000000e+09
-1.107999994995102711e+01 1.565136000000000000e+09
-1.103999995013171009e+01 1.798782464000000000e+09
-1.099999995031239131e+01 1.883780864000000000e+09
-1.095999995049307429e+01 1.744578432000000000e+09
-1.091999995067375551e+01 1.374413440000000000e+09
-1.087999995085443850e+01 9.109198080000000000e+08
-1.083999995103512148e+01 4.919157440000000000e+08
-1.079999995121580270e+01 2.045845920000000000e+08
-1.075999995139648568e+01 6.960839200000000000e+07
-1.071999995157716690e+01 4.153401200000000000e+07
-1.067999995175784989e+01 7.779640000000000000e+07
-1.063999995193853110e+01 1.455107040000000000e+08
-1.059999995211921409e+01 2.241242080000000000e+08
-1.055999995229989707e+01 2.995132480000000000e+08
-1.051999995248057829e+01 3.644519360000000000e+08
-1.047999995266126128e+01 4.312255360000000000e+08
-1.043999995284194249e+01 4.977581440000000000e+08
-1.039999995302262548e+01 5.904904320000000000e+08
-1.035999995320330669e+01 7.863011200000000000e+08
-1.031999995338398968e+01 1.165184384000000000e+09
-1.027999995356467089e+01 1.882951552000000000e+09
-1.023999995374535388e+01 3.074587136000000000e+09
-1.019999995392603687e+01 4.650817024000000000e+09
-1.015999995410671808e+01 6.040718336000000000e+09
-1.011999995428740107e+01 6.715265536000000000e+09
-1.007999995446808228e+01 6.618716672000000000e+09
-1.003999995464876527e+01 5.921825280000000000e+09
-9.999999954829448257e+00 5.050655744000000000e+09
-9.959999955010129469e+00 3.968572928000000000e+09
-9.919999955190810681e+00 3.025965056000000000e+09
-9.879999955371493670e+00 2.266982400000000000e+09
-9.839999955552174882e+00 1.681728896000000000e+09
-9.799999955732859647e+00 1.270946688000000000e+09
-9.759999955913540859e+00 9.881896320000000000e+08
-9.719999956094222071e+00 8.371045760000000000e+08
-9.679999956274905060e+00 7.568709760000000000e+08
-9.639999956455586272e+00 7.211368320000000000e+08
-9.599999956636269260e+00 6.771464320000000000e+08
-9.559999956816952249e+00 5.049242240000000000e+08
-9.519999956997633461e+00 2.119156160000000000e+08
-9.479999957178316450e+00 4.424163200000000000e+08
-9.439999957358997662e+00 2.263647232000000000e+09
-9.399999957539680651e+00 5.904742912000000000e+09
-9.359999957720363639e+00 1.059674009600000000e+10
-9.319999957901044851e+00 1.575242137600000000e+10
-9.279999958081726064e+00 2.089091276800000000e+10
-9.239999958262409052e+00 2.383804006400000000e+10
-9.199999958443092041e+00 2.230023782400000000e+10
-9.159999958623775029e+00 1.709508198400000000e+10
-9.119999958804456242e+00 1.210176614400000000e+10
-9.079999958985137454e+00 8.991877120000000000e+09
-9.039999959165818666e+00 7.323595264000000000e+09
-8.999999959346501655e+00 6.191030784000000000e+09
-8.959999959527186419e+00 5.413671424000000000e+09
-8.919999959707867632e+00 4.723249152000000000e+09
-8.879999959888548844e+00 4.319170048000000000e+09
-8.839999960069230056e+00 4.234397952000000000e+09
-8.799999960249913045e+00 4.430017024000000000e+09
-8.759999960430597810e+00 4.751574528000000000e+09
-8.719999960611279022e+00 4.638649344000000000e+09
-8.679999960791960234e+00 4.399979520000000000e+09
-8.639999960972641446e+00 4.769988608000000000e+09
-8.599999961153324435e+00 6.429208064000000000e+09
-8.559999961334007423e+00 8.996264960000000000e+09
-8.519999961514690412e+00 1.162241331200000000e+10
-8.479999961695371624e+00 1.259096576000000000e+10
-8.439999961876052836e+00 1.127117004800000000e+10
-8.399999962056734049e+00 8.000369152000000000e+09
-8.359999962237418814e+00 4.371743232000000000e+09
-8.319999962418101802e+00 1.637643264000000000e+09
-8.279999962598783014e+00 1.970023040000000000e+08
-8.239999962779464227e+00 2.180108960000000000e+08
-8.199999962960145439e+00 1.535335040000000000e+09
-8.159999963140828427e+00 3.761601024000000000e+09
-8.119999963321513192e+00 6.224706560000000000e+09
-8.079999963502194404e+00 7.964003840000000000e+09
-8.039999963682875617e+00 7.934631424000000000e+09
-7.999999963863557717e+00 6.970169856000000000e+09
-7.959999964044240706e+00 5.610223104000000000e+09
-7.919999964224921918e+00 4.452020224000000000e+09
-7.879999964405605795e+00 3.719730176000000000e+09
-7.839999964586287007e+00 3.208195840000000000e+09
-7.799999964766968219e+00 2.945136384000000000e+09
-7.759999964947650319e+00 2.990063872000000000e+09
-7.719999965128333308e+00 3.384178176000000000e+09
-7.679999965309016297e+00 4.182084864000000000e+09
-7.639999965489698397e+00 5.329150976000000000e+09
-7.599999965670379609e+00 6.599457792000000000e+09
-7.559999965851061710e+00 7.599604224000000000e+09
-7.519999966031744698e+00 8.236288000000000000e+09
-7.479999966212426799e+00 9.099446272000000000e+09
-7.439999966393109787e+00 1.098601984000000000e+10
-7.399999966573790999e+00 1.439936614400000000e+10
-7.359999966754473100e+00 1.734652313600000000e+10
-7.319999966935154312e+00 1.892714086400000000e+10
-7.279999967115837300e+00 2.027541913600000000e+10
-7.239999967296521177e+00 1.988345856000000000e+10
-7.199999967477202389e+00 1.689830400000000000e+10
-7.159999967657884490e+00 1.128897536000000000e+10
-7.119999967838565702e+00 6.709011456000000000e+09
-7.079999968019248691e+00 4.234155520000000000e+09
-7.039999968199931679e+00 3.318684672000000000e+09
-6.999999968380612891e+00 3.060839680000000000e+09
-6.959999968561295880e+00 2.779011072000000000e+09
-6.919999968741977980e+00 2.269078272000000000e+09
-6.879999968922660081e+00 1.933170304000000000e+09
-6.839999969103342181e+00 2.698471936000000000e+09
-6.799999969284024282e+00 4.723850752000000000e+09
-6.759999969464706382e+00 5.896019968000000000e+09
-6.719999969645389370e+00 5.977785344000000000e+09
-6.679999969826070583e+00 5.544212480000000000e+09
-6.639999970006753571e+00 5.134870016000000000e+09
-6.599999970187435672e+00 4.635555328000000000e+09
-6.559999970368116884e+00 3.807052288000000000e+09
-6.519999970548799872e+00 3.488039680000000000e+09
-6.479999970729481973e+00 3.497189120000000000e+09
-6.439999970910164961e+00 3.178665984000000000e+09
-6.399999971090846174e+00 2.801681152000000000e+09
-6.359999971271528274e+00 2.586072320000000000e+09
-6.319999971452211263e+00 2.598515968000000000e+09
-6.279999971632893363e+00 2.671476224000000000e+09
-6.239999971813575463e+00 3.557822976000000000e+09
-6.199999971994257564e+00 1.074243993600000000e+10
-6.159999972174939664e+00 2.372008550400000000e+10
-6.119999972355622653e+00 3.923596083200000000e+10
-6.079999972536303865e+00 5.214715084800000000e+10
-6.039999972716985965e+00 5.675197235200000000e+10
-5.999999972897668954e+00 5.039964979200000000e+10
-5.959999973078351054e+00 2.901949030400000000e+10
-5.919999973259033155e+00 7.154329088000000000e+09
-5.879999973439715255e+00 2.751523200000000000e+08
-5.839999973620396467e+00 1.009754009600000000e+10
-5.799999973801080344e+00 1.893367398400000000e+10
-5.759999973981761556e+00 1.876555776000000000e+10
-5.719999974162444545e+00 1.351977676800000000e+10
-5.679999974343126645e+00 9.811179520000000000e+09
-5.639999974523807857e+00 8.253476864000000000e+09
-5.599999974704491734e+00 5.361262592000000000e+09
-5.559999974885172946e+00 1.706031360000000000e+09
-5.519999975065855047e+00 1.070080720000000000e+08
-5.479999975246538035e+00 3.643808640000000000e+08
-5.439999975427219248e+00 1.258888832000000000e+09
-5.399999975607903124e+00 2.678887680000000000e+09
-5.359999975788584337e+00 6.469511680000000000e+09
-5.319999975969265549e+00 1.361069260800000000e+10
-5.279999976149949426e+00 2.310343680000000000e+10
-5.239999976330630638e+00 3.493971148800000000e+10
-5.199999976511312738e+00 4.705762918400000000e+10
-5.159999976691995727e+00 5.281790361600000000e+10
-5.119999976872676939e+00 5.071279308800000000e+10
-5.079999977053359039e+00 3.748614144000000000e+10
-5.039999977234042028e+00 2.326683033600000000e+10
-4.999999977414724128e+00 1.279886643200000000e+10
-4.959999977595407117e+00 8.224547328000000000e+09
-4.919999977776088329e+00 5.028282368000000000e+09
-4.879999977956770429e+00 3.464731392000000000e+09
-4.839999978137453418e+00 3.066539008000000000e+09
-4.799999978318134630e+00 2.898290432000000000e+09
-4.759999978498816731e+00 2.740651008000000000e+09
-4.719999978679499719e+00 2.482922752000000000e+09
-4.679999978860181820e+00 1.270475008000000000e+09
-4.639999979040864808e+00 2.080469440000000000e+08
-4.599999979221546020e+00 1.331715328000000000e+09
-4.559999979402228121e+00 4.963843072000000000e+09
-4.519999979582911109e+00 9.774006272000000000e+09
-4.479999979763593210e+00 1.328535142400000000e+10
-4.439999979944274422e+00 1.341556531200000000e+10
-4.399999980124957411e+00 1.195747328000000000e+10
-4.359999980305639511e+00 1.018859520000000000e+10
-4.319999980486322499e+00 7.311858176000000000e+09
-4.279999980667003712e+00 2.711688704000000000e+09
-4.239999980847685812e+00 1.160546432000000000e+09
-4.199999981028368801e+00 3.704410368000000000e+09
-4.159999981209050901e+00 1.023288627200000000e+10
-4.119999981389732113e+00 1.725707878400000000e+10
-4.079999981570415102e+00 2.206137548800000000e+10
-4.039999981751097202e+00 2.488839577600000000e+10
-3.999999981931778859e+00 2.079674777600000000e+10
-3.959999982112461847e+00 1.727853363200000000e+10
-3.919999982293143503e+00 1.791636889600000000e+10
-3.879999982473826936e+00 1.110968320000000000e+10
-3.839999982654508148e+00 3.782989312000000000e+09
-3.799999982835189805e+00 1.100057984000000000e+09
-3.759999983015873237e+00 2.638119168000000000e+09
-3.719999983196554894e+00 2.778720768000000000e+09
-3.679999983377236550e+00 1.074809241600000000e+10
-3.639999983557919538e+00 1.557350502400000000e+10
-3.599999983738601195e+00 1.550386073600000000e+10
-3.559999983919284627e+00 2.789158707200000000e+10
-3.519999984099966284e+00 2.942029824000000000e+10
-3.479999984280647940e+00 4.043300864000000000e+10
-3.439999984461330929e+00 1.046391275520000000e+11
-3.399999984642012585e+00 1.447911587840000000e+11
-3.359999984822694241e+00 9.875283968000000000e+10
-3.319999985003377230e+00 3.319078297600000000e+10
-3.279999985184058886e+00 6.505497088000000000e+09
-3.239999985364742319e+00 3.548970752000000000e+09
-3.199999985545423975e+00 3.710326272000000000e+09
-3.159999985726105631e+00 2.245847808000000000e+09
-3.119999985906788620e+00 4.628511232000000000e+09
-3.079999986087470276e+00 2.177527603200000000e+10
-3.039999986268151932e+00 4.662411264000000000e+10
-2.999999986448835365e+00 6.072031232000000000e+10
-2.959999986629517021e+00 6.086773555200000000e+10
-2.919999986810200010e+00 4.927063654400000000e+10
-2.879999986990881666e+00 3.243666636800000000e+10
-2.839999987171563323e+00 2.099213516800000000e+10
-2.799999987352246311e+00 1.517583257600000000e+10
-2.759999987532927967e+00 2.127717785600000000e+10
-2.719999987713609624e+00 1.627662745600000000e+10
-2.679999987894293056e+00 6.710083072000000000e+09
-2.639999988074974713e+00 4.594291200000000000e+09
-2.599999988255656369e+00 1.287853465600000000e+10
-2.559999988436339358e+00 2.380254208000000000e+10
-2.519999988617021014e+00 3.747409510400000000e+10
-2.479999988797704447e+00 4.979935641600000000e+10
-2.439999988978386103e+00 5.322836787200000000e+10
-2.399999989159067315e+00 4.228498636800000000e+10
-2.359999989339750748e+00 2.054032179200000000e+10
-2.319999989520432404e+00 3.330642944000000000e+09
-2.279999989701114060e+00 3.962732544000000000e+09
-2.239999989881797049e+00 1.374387814400000000e+10
-2.199999990062478705e+00 3.395056230400000000e+10
-2.159999990243162138e+00 5.849466060800000000e+10
-2.119999990423843794e+00 7.133122560000000000e+10
-2.079999990604525451e+00 6.967430348800000000e+10
-2.039999990785208439e+00 5.374149836800000000e+10
-1.999999990965890095e+00 3.990416179200000000e+10
-1.959999991146571752e+00 2.514576179200000000e+10
-1.919999991327254962e+00 1.587465113600000000e+10
-1.879999991507936619e+00 6.629268992000000000e+09
-1.839999991688619829e+00 1.800803328000000000e+09
-1.799999991869301486e+00 9.718898400000000000e+07
-1.759999992049983142e+00 5.203701120000000000e+08
-1.719999992230666352e+00 2.193199360000000000e+09
-1.679999992411347787e+00 3.485022976000000000e+09
-1.639999992592029443e+00 1.643734400000000000e+09
-1.599999992772712654e+00 2.232080160000000000e+08
-1.559999992953394310e+00 3.845376256000000000e+09
-1.519999993134077521e+00 9.746590720000000000e+09
-1.479999993314759177e+00 2.212608819200000000e+10
-1.439999993495440833e+00 3.771166310400000000e+10
-1.399999993676124044e+00 4.020356710400000000e+10
-1.359999993856805700e+00 3.588515840000000000e+10
-1.319999994037487356e+00 3.316633190400000000e+10
-1.279999994218170567e+00 3.989423718400000000e+10
-1.239999994398852223e+00 6.130664652800000000e+10
-1.199999994579533658e+00 9.114098892800000000e+10
-1.159999994760216868e+00 7.255248076800000000e+10
-1.119999994940898524e+00 2.949338726400000000e+10
-1.079999995121581735e+00 7.317558272000000000e+09
-1.039999995302263391e+00 7.457130496000000000e+09
-9.999999954829450477e-01 1.028774297600000000e+10
-9.599999956636282583e-01 1.129002188800000000e+10
-9.199999958443099146e-01 1.350305792000000000e+10
-8.799999960249915709e-01 1.338980352000000000e+10
-8.399999962056747815e-01 1.478647296000000000e+10
-7.999999963863563268e-01 1.995441971200000000e+10
-7.599999965670395374e-01 2.186441318400000000e+10
-7.199999967477211937e-01 2.869074329600000000e+10
-6.799999969284028500e-01 3.618271232000000000e+10
-6.399999971090860607e-01 1.907823820800000000e+10
-5.999999972897677170e-01 4.113852928000000000e+09
-5.599999974704492622e-01 3.862034432000000000e+10
-5.199999976511324729e-01 9.036306841600000000e+10
-4.799999978318141292e-01 1.087683706880000000e+11
-4.399999980124973398e-01 1.084069888000000000e+11
-3.999999981931789961e-01 8.201705881600000000e+10
-3.599999983738605969e-01 5.013543321600000000e+10
-3.199999985545438075e-01 2.502460211200000000e+10
-2.799999987352254638e-01 7.218609152000000000e+09
-2.399999989159070646e-01 4.499503360000000000e+08
-1.999999990965902752e-01 6.909197824000000000e+09
-1.599999992772719037e-01 2.347927142400000000e+10
-1.199999994579535323e-01 3.843083059200000000e+10
-7.999999963863674290e-02 4.212705280000000000e+10
-3.999999981931837145e-02 2.949252505600000000e+10
-1.577721810442023611e-15 1.024659046400000000e+10
3.999999981931678938e-02 1.391896448000000000e+09
7.999999963863516084e-02 8.402060160000000000e+08
1.199999994579519502e-01 4.828520448000000000e+09
1.599999992772703217e-01 1.167002316800000000e+10
1.999999990965886931e-01 1.034946867200000000e+10
2.399999989159054825e-01 1.065751654400000000e+10
2.799999987352238540e-01 2.941468262400000000e+10
3.199999985545406433e-01 3.486692966400000000e+10
3.599999983738590426e-01 3.471087616000000000e+10
3.999999981931773863e-01 6.498339635200000000e+10
4.399999980124941756e-01 1.191400734720000000e+11
4.799999978318125748e-01 1.529044172800000000e+11
5.199999976511309185e-01 1.288216166400000000e+11
5.599999974704477079e-01 7.720062976000000000e+10
5.999999972897660516e-01 4.895751782400000000e+10
6.399999971090828410e-01 3.044757094400000000e+10
6.799999969284012957e-01 1.524783513600000000e+10
7.199999967477196394e-01 2.447747328000000000e+09
7.599999965670364288e-01 1.821065600000000000e+09
7.999999963863547725e-01 1.338514124800000000e+10
8.399999962056731162e-01 2.220831948800000000e+10
8.799999960249899056e-01 2.056810700800000000e+10
9.199999958443083603e-01 1.194795008000000000e+10
9.599999956636251497e-01 2.914843136000000000e+09
9.999999954829434934e-01 1.872686400000000000e+08
1.039999995302261837e+00 5.839685120000000000e+09
1.079999995121578626e+00 2.357923225600000000e+10
1.119999994940896970e+00 3.088532275200000000e+10
1.159999994760215314e+00 3.355733811200000000e+10
1.199999994579532103e+00 4.095925043200000000e+10
1.239999994398850447e+00 5.138338201600000000e+10
1.279999994218169013e+00 7.376421683200000000e+10
1.319999994037487356e+00 1.078465331200000000e+11
1.359999993856802591e+00 9.037350502400000000e+10
1.399999993676120935e+00 4.860562636800000000e+10
1.439999993495439279e+00 2.470547251200000000e+10
1.479999993314757623e+00 1.732110131200000000e+10
1.519999993134075966e+00 2.374112460800000000e+10
1.559999992953391201e+00 3.192934809600000000e+10
1.599999992772709545e+00 2.837779660800000000e+10
1.639999992592027889e+00 1.207377408000000000e+10
1.679999992411346232e+00 5.277875840000000000e+08
1.719999992230664798e+00 9.322511360000000000e+09
1.759999992049983142e+00 3.046022758400000000e+10
1.799999991869298377e+00 4.825762611200000000e+10
1.839999991688616721e+00 4.585368371200000000e+10
1.879999991507935064e+00 2.826881433600000000e+10
1.919999991327253408e+00 2.443102617600000000e+10
1.959999991146571752e+00 3.295118540800000000e+10
1.999999990965886987e+00 4.064031129600000000e+10
2.039999990785205330e+00 4.277510553600000000e+10
2.079999990604523674e+00 5.394727321600000000e+10
2.119999990423842018e+00 5.479660339200000000e+10
2.159999990243160362e+00 4.319422873600000000e+10
2.199999990062475597e+00 2.701172326400000000e+10
2.239999989881793940e+00 1.573065728000000000e+10
2.279999989701112284e+00 1.166998732800000000e+10
2.319999989520430628e+00 1.065802649600000000e+10
2.359999989339748971e+00 1.426420940800000000e+10
2.399999989159067315e+00 1.601554227200000000e+10
2.439999988978382550e+00 1.056770764800000000e+10
2.479999988797700894e+00 4.998346752000000000e+09
2.519999988617019682e+00 1.270694400000000000e+10
2.559999988436338025e+00 2.538997350400000000e+10
2.599999988255656369e+00 2.834930892800000000e+10
2.639999988074971604e+00 3.914897817600000000e+10
2.679999987894289948e+00 3.532319539200000000e+10
2.719999987713608292e+00 8.904652800000000000e+09
2.759999987532926635e+00 1.402307788800000000e+10
2.799999987352244979e+00 9.942543360000000000e+09
2.839999987171563323e+00 1.453824307200000000e+10
2.879999986990878558e+00 8.110542028800000000e+10
2.919999986810196901e+00 1.291120476160000000e+11
2.959999986629515245e+00 9.906751078400000000e+10
2.999999986448833589e+00 6.984133836800000000e+10
3.039999986268151932e+00 4.602670284800000000e+10
3.079999986087467168e+00 3.768058675200000000e+10
3.119999985906785511e+00 5.229757644800000000e+10
3.159999985726103855e+00 4.749357875200000000e+10
3.199999985545422199e+00 2.034940313600000000e+10
3.239999985364740542e+00 3.498842624000000000e+09
3.279999985184055777e+00 8.732139520000000000e+09
3.319999985003374121e+00 2.366544691200000000e+10
3.359999984822692465e+00 3.497687859200000000e+10
3.399999984642010808e+00 3.447928012800000000e+10
3.439999984461329596e+00 2.330457702400000000e+10
3.479999984280647940e+00 1.300792422400000000e+10
3.519999984099963175e+00 1.062351769600000000e+10
3.559999983919281519e+00 1.781697536000000000e+10
3.599999983738599862e+00 2.820479795200000000e+10
3.639999983557918206e+00 2.315406950400000000e+10
3.679999983377236550e+00 7.543173120000000000e+09
3.719999983196551785e+00 3.367150182400000000e+10
3.759999983015870129e+00 8.471660953600000000e+10
3.799999982835188472e+00 1.027788554240000000e+11
3.839999982654506816e+00 8.353306214400000000e+10
3.879999982473825160e+00 4.844836864000000000e+10
3.919999982293143503e+00 2.555266457600000000e+10
3.959999982112458738e+00 1.690479308800000000e+10
3.999999981931777082e+00 1.251018137600000000e+10
4.039999981751095426e+00 7.568105472000000000e+09
4.079999981570414214e+00 7.474872832000000000e+09
4.119999981389732113e+00 1.263214694400000000e+10
4.159999981209047348e+00 1.969452851200000000e+10
4.199999981028366136e+00 2.131994624000000000e+10
4.239999980847684036e+00 2.713330688000000000e+10
4.279999980667002824e+00 4.589424230400000000e+10
4.319999980486320723e+00 7.867426406400000000e+10
4.359999980305635958e+00 8.911091302400000000e+10
4.399999980124954746e+00 5.952349798400000000e+10
4.439999979944272646e+00 2.902228582400000000e+10
4.479999979763591433e+00 2.095935897600000000e+10
4.519999979582909333e+00 1.770562764800000000e+10
4.559999979402228121e+00 5.810470912000000000e+09
4.599999979221543356e+00 2.823320320000000000e+09
4.639999979040861255e+00 1.387186892800000000e+10
4.679999978860180043e+00 2.865789132800000000e+10
4.719999978679497943e+00 2.859301068800000000e+10
4.759999978498816731e+00 1.265678438400000000e+10
4.799999978318131966e+00 3.044876800000000000e+08
4.839999978137449865e+00 1.536722739200000000e+10
4.879999977956768653e+00 3.865133465600000000e+10
4.919999977776087441e+00 3.087104819200000000e+10
4.959999977595405340e+00 9.055218688000000000e+09
4.999999977414724128e+00 2.564913920000000000e+09
5.039999977234039363e+00 7.183632896000000000e+09
5.079999977053357263e+00 2.917660057600000000e+10
5.119999976872676051e+00 6.461846732800000000e+10
5.159999976691993950e+00 8.179372851200000000e+10
5.199999976511312738e+00 6.902912614400000000e+10
5.239999976330627973e+00 4.739783065600000000e+10
5.279999976149945873e+00 3.091143680000000000e+10
5.319999975969264661e+00 1.939505766400000000e+10
5.359999975788582560e+00 1.040930201600000000e+10
5.399999975607901348e+00 3.616139520000000000e+09
5.439999975427216583e+00 1.589531264000000000e+09
5.479999975246534483e+00 3.233375488000000000e+09
5.519999975065853270e+00 4.520591360000000000e+09
5.559999974885171170e+00 1.610910720000000000e+09
5.599999974704489958e+00 3.006686208000000000e+09
5.639999974523807857e+00 6.492944384000000000e+09
5.679999974343123093e+00 9.432249344000000000e+09
5.719999974162441880e+00 2.560799744000000000e+10
5.759999973981759780e+00 3.173308211200000000e+10
5.799999973801078568e+00 4.361278668800000000e+10
5.839999973620396467e+00 6.534857113600000000e+10
5.879999973439711702e+00 7.829657190400000000e+10
5.919999973259030490e+00 8.013022822400000000e+10
5.959999973078349278e+00 6.390008217600000000e+10
5.999999972897667178e+00 3.963980595200000000e+10
6.039999972716985965e+00 1.734072729600000000e+10
6.079999972536301200e+00 6.813909504000000000e+09
6.119999972355619100e+00 1.918520704000000000e+09
6.159999972174937888e+00 3.285972160000000000e+08
6.199999971994255787e+00 1.541843360000000000e+08
6.239999971813574575e+00 7.823011840000000000e+08
6.279999971632892475e+00 3.343244032000000000e+09
6.319999971452207710e+00 6.412868096000000000e+09
6.359999971271526498e+00 8.260359680000000000e+09
6.399999971090844397e+00 9.016225792000000000e+09
6.439999970910163185e+00 1.130359500800000000e+10
6.479999970729481085e+00 9.116864512000000000e+09
6.519999970548796320e+00 3.607105536000000000e+09
6.559999970368115108e+00 7.684424320000000000e+08
6.599999970187433007e+00 1.862781952000000000e+09
6.639999970006751795e+00 1.473925734400000000e+10
6.679999969826069695e+00 5.767104512000000000e+10
6.719999969645388482e+00 1.077252751360000000e+11
6.759999969464703717e+00 1.138936709120000000e+11
6.799999969284021617e+00 8.341249228800000000e+10
6.839999969103340405e+00 5.244358656000000000e+10
6.879999968922659193e+00 3.525663948800000000e+10
6.919999968741977092e+00 2.674733875200000000e+10
6.959999968561292327e+00 1.875954073600000000e+10
6.999999968380611115e+00 1.073090252800000000e+10
7.039999968199929015e+00 5.059556352000000000e+09
7.079999968019247802e+00 1.930042624000000000e+09
7.119999967838565702e+00 8.693338240000000000e+08
7.159999967657880937e+00 1.008809344000000000e+09
7.199999967477199725e+00 1.576660224000000000e+09
7.239999967296517625e+00 2.258456064000000000e+09
7.279999967115836412e+00 1.265029376000000000e+09
7.319999966935154312e+00 8.214917600000000000e+07
7.359999966754473100e+00 1.504038912000000000e+09
7.399999966573788335e+00 3.016558336000000000e+09
7.439999966393106234e+00 5.530740736000000000e+09
7.479999966212425022e+00 1.652483686400000000e+10
7.519999966031742922e+00 3.589331353600000000e+10
7.559999965851061710e+00 4.687956377600000000e+10
7.599999965670376945e+00 4.397152256000000000e+10
7.639999965489694844e+00 3.236911718400000000e+10
7.679999965309013632e+00 2.084207616000000000e+10
7.719999965128331532e+00 1.302609920000000000e+10
7.759999964947650319e+00 1.143918387200000000e+10
7.799999964766968219e+00 1.398266060800000000e+10
7.839999964586283454e+00 1.671449088000000000e+10
7.879999964405602242e+00 1.872367206400000000e+10
7.919999964224921030e+00 1.623795814400000000e+10
7.959999964044238929e+00 9.622651904000000000e+09
7.999999963863557717e+00 3.664728576000000000e+09
8.039999963682872064e+00 2.118118016000000000e+09
8.079999963502190852e+00 6.065913344000000000e+09
8.119999963321509640e+00 1.778106982400000000e+10
8.159999963140828427e+00 3.536360243200000000e+10
8.199999962960145439e+00 4.763572224000000000e+10
8.239999962779460674e+00 4.500599603200000000e+10
8.279999962598779462e+00 3.456935526400000000e+10
8.319999962418098249e+00 2.300734054400000000e+10
8.359999962237417037e+00 1.422841753600000000e+10
8.399999962056734049e+00 8.625961984000000000e+09
8.439999961876052836e+00 4.641980416000000000e+09
8.479999961695368071e+00 2.460307968000000000e+09
8.519999961514686859e+00 1.253845120000000000e+09
8.559999961334005647e+00 6.177445760000000000e+08
8.599999961153322658e+00 4.329737280000000000e+08
8.639999960972641446e+00 5.862837120000000000e+08
8.679999960791956681e+00 8.886019840000000000e+08
8.719999960611275469e+00 9.418812160000000000e+08
8.759999960430594257e+00 2.140909568000000000e+09
8.799999960249911268e+00 3.117783552000000000e+09
8.839999960069230056e+00 7.686976640000000000e+08
8.879999959888548844e+00 4.157473280000000000e+09
8.919999959707864079e+00 2.188533350400000000e+10
8.959999959527182867e+00 5.322635264000000000e+10
8.999999959346501655e+00 7.965210214400000000e+10
9.039999959165818666e+00 7.785305702400000000e+10
9.079999958985137454e+00 5.489434624000000000e+10
9.119999958804452689e+00 3.128029388800000000e+10
9.159999958623771477e+00 1.488220979200000000e+10
9.199999958443090264e+00 6.026995712000000000e+09
9.239999958262407276e+00 2.843628288000000000e+09
9.279999958081726064e+00 3.950575872000000000e+09
9.319999957901041299e+00 6.065339904000000000e+09
9.359999957720360086e+00 5.873256448000000000e+09
9.399999957539678874e+00 3.673705472000000000e+09
9.439999957358995886e+00 2.026232448000000000e+09
9.479999957178314673e+00 2.349596160000000000e+09
9.519999956997633461e+00 4.763355648000000000e+09
9.559999956816948696e+00 8.896937984000000000e+09
9.599999956636267484e+00 1.462266060800000000e+10
9.639999956455584496e+00 2.033597440000000000e+10
9.679999956274903283e+00 2.340420608000000000e+10
9.719999956094222071e+00 1.863911628800000000e+10
9.759999955913537306e+00 9.812207616000000000e+09
9.799999955732856094e+00 4.529199616000000000e+09
9.839999955552174882e+00 5.474750976000000000e+09
9.879999955371491893e+00 1.043386572800000000e+10
9.919999955190810681e+00 1.573913804800000000e+10
9.959999955010125916e+00 1.813881446400000000e+10
9.999999954829444704e+00 1.651878707200000000e+10
1.003999995464876349e+01 1.260033024000000000e+10
1.007999995446808050e+01 8.148875776000000000e+09
1.011999995428739929e+01 4.607080448000000000e+09
1.015999995410671808e+01 2.341155328000000000e+09
1.019999995392603331e+01 1.082033664000000000e+09
1.023999995374535210e+01 5.891697280000000000e+08
1.027999995356466911e+01 6.409066240000000000e+08
1.031999995338398790e+01 1.186744832000000000e+09
1.035999995320330669e+01 2.259596288000000000e+09
1.039999995302262192e+01 3.769030400000000000e+09
1.043999995284194071e+01 5.522702848000000000e+09
1.047999995266125772e+01 7.205055488000000000e+09
1.051999995248057651e+01 8.332982272000000000e+09
1.055999995229989530e+01 8.490619904000000000e+09
1.059999995211921409e+01 7.717890048000000000e+09
1.063999995193852932e+01 6.252743680000000000e+09
1.067999995175784633e+01 4.711401984000000000e+09
1.071999995157716512e+01 3.415691264000000000e+09
1.075999995139648391e+01 2.570340096000000000e+09
1.079999995121580270e+01 2.231287552000000000e+09
1.083999995103511793e+01 2.331197440000000000e+09
1.087999995085443672e+01 2.866801408000000000e+09
1.091999995067375373e+01 3.843383808000000000e+09
1.095999995049307252e+01 5.150702080000000000e+09
1.099999995031239131e+01 6.524660736000000000e+09
1.103999995013170654e+01 7.723109376000000000e+09
1.107999994995102533e+01 8.251825664000000000e+09
1.111999994977034234e+01 7.949585920000000000e+09
1.115999994958966113e+01 6.984230912000000000e+09
1.119999994940897992e+01 5.681794560000000000e+09
1.123999994922829870e+01 4.500795392000000000e+09
1.127999994904761394e+01 3.641428480000000000e+09
1.131999994886693095e+01 3.197285120000000000e+09
1.135999994868624974e+01 3.208699648000000000e+09
1.139999994850556853e+01 3.567223808000000000e+09
1.143999994832488731e+01 4.101766400000000000e+09
1.147999994814420255e+01 4.638004224000000000e+09
1.151999994796351956e+01 5.045792768000000000e+09
1.155999994778283835e+01 5.323434496000000000e+09
1.159999994760215714e+01 5.476991488000000000e+09
1.163999994742147592e+01 5.525076992000000000e+09
1.167999994724079293e+01 5.461009408000000000e+09
1.171999994706010817e+01 5.219359232000000000e+09
1.175999994687942696e+01 4.698349056000000000e+09
1.179999994669874575e+01 3.891993088000000000e+09
1.183999994651806453e+01 2.927677696000000000e+09
1.187999994633738332e+01 2.032592256000000000e+09
1.191999994615669856e+01 1.326242048000000000e+09
1.195999994597601557e+01 8.411400960000000000e+08
1.199999994579533436e+01 5.693604480000000000e+08
1.203999994561465314e+01 4.677389760000000000e+08
1.207999994543397193e+01 4.900537920000000000e+08
1.211999994525328717e+01 6.005907840000000000e+08
1.215999994507260418e+01 7.698630400000000000e+08
1.219999994489192296e+01 9.656899840000000000e+08
1.223999994471124175e+01 1.178491136000000000e+09
1.227999994453056054e+01 1.407539712000000000e+09
1.231999994434987755e+01 1.618199680000000000e+09
1.235999994416919279e+01 1.812889088000000000e+09
1.239999994398851157e+01 2.013265664000000000e+09
1.243999994380783036e+01 2.203162112000000000e+09
1.247999994362714915e+01 2.403064832000000000e+09
1.251999994344646616e+01 2.631191296000000000e+09
1.255999994326578140e+01 2.869271296000000000e+09
1.259999994308510018e+01 3.129421312000000000e+09
1.263999994290441897e+01 3.420544512000000000e+09
1.267999994272373776e+01 3.692901632000000000e+09
1.271999994254305477e+01 3.923363328000000000e+09
1.275999994236237356e+01 4.034557440000000000e+09
1.279999994218168879e+01 3.940355072000000000e+09
1.283999994200100758e+01 3.614982400000000000e+09
1.287999994182032637e+01 3.084489984000000000e+09
1.291999994163964516e+01 2.417016832000000000e+09
