# x = Time (fs); y = Power (W)
-1.111999994977034589e+01 1.813240064000000000e+09
-1.107999994995102711e+01 2.233725696000000000e+09
-1.103999995013171009e+01 2.719073280000000000e+09
-1.099999995031239131e+01 3.315432448000000000e+09
-1.095999995049307429e+01 4.020246272000000000e+09
-1.091999995067375551e+01 4.826193408000000000e+09
-1.087999995085443850e+01 5.777805312000000000e+09
-1.083999995103512148e+01 6.849522688000000000e+09
-1.079999995121580270e+01 7.982819328000000000e+09
-1.075999995139648568e+01 8.830748672000000000e+09
-1.071999995157716690e+01 8.772948992000000000e+09
-1.067999995175784989e+01 7.541879296000000000e+09
-1.063999995193853110e+01 5.714156544000000000e+09
-1.059999995211921409e+01 4.012075776000000000e+09
-1.055999995229989707e+01 2.705422592000000000e+09
-1.051999995248057829e+01 1.836288000000000000e+09
-1.047999995266126128e+01 1.315928832000000000e+09
-1.043999995284194249e+01 1.026339648000000000e+09
-1.039999995302262548e+01 8.964863360000000000e+08
-1.035999995320330669e+01 8.991797760000000000e+08
-1.031999995338398968e+01 9.536434560000000000e+08
-1.027999995356467089e+01 1.048512064000000000e+09
-1.023999995374535388e+01 1.155213056000000000e+09
-1.019999995392603687e+01 1.217213312000000000e+09
-1.015999995410671808e+01 1.199622400000000000e+09
-1.011999995428740107e+01 1.125904512000000000e+09
-1.007999995446808228e+01 9.983645440000000000e+08
-1.003999995464876527e+01 8.874804480000000000e+08
-9.999999954829448257e+00 8.198975360000000000e+08
-9.959999955010129469e+00 7.869431040000000000e+08
-9.919999955190810681e+00 7.949484160000000000e+08
-9.879999955371493670e+00 9.109867520000000000e+08
-9.839999955552174882e+00 1.275948928000000000e+09
-9.799999955732859647e+00 2.084854016000000000e+09
-9.759999955913540859e+00 3.399984128000000000e+09
-9.719999956094222071e+00 5.003294208000000000e+09
-9.679999956274905060e+00 6.506714112000000000e+09
-9.639999956455586272e+00 7.289958912000000000e+09
-9.599999956636269260e+00 7.049019904000000000e+09
-9.559999956816952249e+00 6.151005696000000000e+09
-9.519999956997633461e+00 4.971284480000000000e+09
-9.479999957178316450e+00 3.707330816000000000e+09
-9.439999957358997662e+00 2.489793280000000000e+09
-9.399999957539680651e+00 1.443093888000000000e+09
-9.359999957720363639e+00 6.729627520000000000e+08
-9.319999957901044851e+00 2.090875200000000000e+08
-9.279999958081726064e+00 2.267200600000000000e+07
-9.239999958262409052e+00 5.124731200000000000e+07
-9.199999958443092041e+00 2.482982880000000000e+08
-9.159999958623775029e+00 5.458480640000000000e+08
-9.119999958804456242e+00 8.416062080000000000e+08
-9.079999958985137454e+00 1.058288640000000000e+09
-9.039999959165818666e+00 1.237311360000000000e+09
-8.999999959346501655e+00 1.429312256000000000e+09
-8.959999959527186419e+00 1.638942464000000000e+09
-8.919999959707867632e+00 1.782185344000000000e+09
-8.879999959888548844e+00 1.735803136000000000e+09
-8.839999960069230056e+00 1.451828864000000000e+09
-8.799999960249913045e+00 1.105228928000000000e+09
-8.759999960430597810e+00 9.953262720000000000e+08
-8.719999960611279022e+00 1.241857920000000000e+09
-8.679999960791960234e+00 1.803809920000000000e+09
-8.639999960972641446e+00 2.475816704000000000e+09
-8.599999961153324435e+00 3.179899392000000000e+09
-8.559999961334007423e+00 3.928835584000000000e+09
-8.519999961514690412e+00 5.050057728000000000e+09
-8.479999961695371624e+00 7.029106688000000000e+09
-8.439999961876052836e+00 9.940379648000000000e+09
-8.399999962056734049e+00 1.299401420800000000e+10
-8.359999962237418814e+00 1.491269836800000000e+10
-8.319999962418101802e+00 1.402516992000000000e+10
-8.279999962598783014e+00 1.126624051200000000e+10
-8.239999962779464227e+00 8.448000000000000000e+09
-8.199999962960145439e+00 6.222428160000000000e+09
-8.159999963140828427e+00 4.660835840000000000e+09
-8.119999963321513192e+00 3.012458240000000000e+09
-8.079999963502194404e+00 1.550726400000000000e+09
-8.039999963682875617e+00 9.690103040000000000e+08
-7.999999963863557717e+00 1.152633088000000000e+09
-7.959999964044240706e+00 1.476188928000000000e+09
-7.919999964224921918e+00 1.340159616000000000e+09
-7.879999964405605795e+00 8.466899200000000000e+08
-7.839999964586287007e+00 4.111863040000000000e+08
-7.799999964766968219e+00 2.869308480000000000e+08
-7.759999964947650319e+00 4.035315200000000000e+08
-7.719999965128333308e+00 1.040306240000000000e+09
-7.679999965309016297e+00 2.687276544000000000e+09
-7.639999965489698397e+00 4.956103680000000000e+09
-7.599999965670379609e+00 6.712500736000000000e+09
-7.559999965851061710e+00 7.565642240000000000e+09
-7.519999966031744698e+00 8.331152384000000000e+09
-7.479999966212426799e+00 8.688049152000000000e+09
-7.439999966393109787e+00 8.239593984000000000e+09
-7.399999966573790999e+00 6.917204480000000000e+09
-7.359999966754473100e+00 5.149229568000000000e+09
-7.319999966935154312e+00 3.842043648000000000e+09
-7.279999967115837300e+00 3.300846848000000000e+09
-7.239999967296521177e+00 4.793291264000000000e+09
-7.199999967477202389e+00 9.842507776000000000e+09
-7.159999967657884490e+00 1.972910080000000000e+10
-7.119999967838565702e+00 3.135848243200000000e+10
-7.079999968019248691e+00 3.385195929600000000e+10
-7.039999968199931679e+00 2.504613888000000000e+10
-6.999999968380612891e+00 1.256680960000000000e+10
-6.959999968561295880e+00 4.385660416000000000e+09
-6.919999968741977980e+00 1.869853696000000000e+09
-6.879999968922660081e+00 2.509997824000000000e+09
-6.839999969103342181e+00 4.031630336000000000e+09
-6.799999969284024282e+00 5.162586624000000000e+09
-6.759999969464706382e+00 5.685681152000000000e+09
-6.719999969645389370e+00 6.241573376000000000e+09
-6.679999969826070583e+00 6.834342912000000000e+09
-6.639999970006753571e+00 6.134403584000000000e+09
-6.599999970187435672e+00 4.764963840000000000e+09
-6.559999970368116884e+00 3.224179968000000000e+09
-6.519999970548799872e+00 1.658768256000000000e+09
-6.479999970729481973e+00 9.072380160000000000e+08
-6.439999970910164961e+00 7.520786560000000000e+08
-6.399999971090846174e+00 1.125540864000000000e+09
-6.359999971271528274e+00 2.035500928000000000e+09
-6.319999971452211263e+00 3.025613312000000000e+09
-6.279999971632893363e+00 3.387884032000000000e+09
-6.239999971813575463e+00 3.333224960000000000e+09
-6.199999971994257564e+00 3.941577472000000000e+09
-6.159999972174939664e+00 7.456783872000000000e+09
-6.119999972355622653e+00 1.192117555200000000e+10
-6.079999972536303865e+00 1.578689638400000000e+10
-6.039999972716985965e+00 1.842693734400000000e+10
-5.999999972897668954e+00 2.186520985600000000e+10
-5.959999973078351054e+00 2.418316902400000000e+10
-5.919999973259033155e+00 2.256201932800000000e+10
-5.879999973439715255e+00 1.453065318400000000e+10
-5.839999973620396467e+00 3.943149312000000000e+09
-5.799999973801080344e+00 1.543312256000000000e+09
-5.759999973981761556e+00 1.525979852800000000e+10
-5.719999974162444545e+00 3.759801548800000000e+10
-5.679999974343126645e+00 4.967961395200000000e+10
-5.639999974523807857e+00 4.302155776000000000e+10
-5.599999974704491734e+00 2.837599846400000000e+10
-5.559999974885172946e+00 1.584144588800000000e+10
-5.519999975065855047e+00 1.186316902400000000e+10
-5.479999975246538035e+00 1.200839372800000000e+10
-5.439999975427219248e+00 1.660482150400000000e+10
-5.399999975607903124e+00 2.049676902400000000e+10
-5.359999975788584337e+00 1.628842188800000000e+10
-5.319999975969265549e+00 7.343495680000000000e+09
-5.279999976149949426e+00 3.659799040000000000e+09
-5.239999976330630638e+00 8.088842240000000000e+09
-5.199999976511312738e+00 1.642557747200000000e+10
-5.159999976691995727e+00 2.316349644800000000e+10
-5.119999976872676939e+00 2.737822105600000000e+10
-5.079999977053359039e+00 2.579477094400000000e+10
-5.039999977234042028e+00 1.812074086400000000e+10
-4.999999977414724128e+00 1.313064243200000000e+10
-4.959999977595407117e+00 1.972819763200000000e+10
-4.919999977776088329e+00 2.989360332800000000e+10
-4.879999977956770429e+00 3.211149926400000000e+10
-4.839999978137453418e+00 2.305118208000000000e+10
-4.799999978318134630e+00 1.425824051200000000e+10
-4.759999978498816731e+00 1.084734873600000000e+10
-4.719999978679499719e+00 1.233931673600000000e+10
-4.679999978860181820e+00 1.533070438400000000e+10
-4.639999979040864808e+00 1.237180825600000000e+10
-4.599999979221546020e+00 1.487843200000000000e+09
-4.559999979402228121e+00 4.992346624000000000e+09
-4.519999979582911109e+00 2.763453644800000000e+10
-4.479999979763593210e+00 4.557838745600000000e+10
-4.439999979944274422e+00 4.938459955200000000e+10
-4.399999980124957411e+00 4.318439424000000000e+10
-4.359999980305639511e+00 3.545629081600000000e+10
-4.319999980486322499e+00 2.990005657600000000e+10
-4.279999980667003712e+00 2.839121715200000000e+10
-4.239999980847685812e+00 2.522708377600000000e+10
-4.199999981028368801e+00 2.088911052800000000e+10
-4.159999981209050901e+00 9.375048704000000000e+09
-4.119999981389732113e+00 1.390184960000000000e+09
-4.079999981570415102e+00 2.755529472000000000e+09
-4.039999981751097202e+00 8.788855808000000000e+09
-3.999999981931778859e+00 1.392965836800000000e+10
-3.959999982112461847e+00 1.380459827200000000e+10
-3.919999982293143503e+00 1.011569049600000000e+10
-3.879999982473826936e+00 4.906258432000000000e+09
-3.839999982654508148e+00 1.320077952000000000e+09
-3.799999982835189805e+00 3.431755200000000000e+08
-3.759999983015873237e+00 4.728252800000000000e+08
-3.719999983196554894e+00 1.455827584000000000e+09
-3.679999983377236550e+00 5.683416064000000000e+09
-3.639999983557919538e+00 1.291892326400000000e+10
-3.599999983738601195e+00 1.902062387200000000e+10
-3.559999983919284627e+00 2.020038041600000000e+10
-3.519999984099966284e+00 1.581959577600000000e+10
-3.479999984280647940e+00 7.948040192000000000e+09
-3.439999984461330929e+00 5.014857216000000000e+09
-3.399999984642012585e+00 9.462467584000000000e+09
-3.359999984822694241e+00 1.723202969600000000e+10
-3.319999985003377230e+00 2.566593740800000000e+10
-3.279999985184058886e+00 3.462031769600000000e+10
-3.239999985364742319e+00 4.125673472000000000e+10
-3.199999985545423975e+00 5.005468467200000000e+10
-3.159999985726105631e+00 7.848305459200000000e+10
-3.119999985906788620e+00 1.037396131840000000e+11
-3.079999986087470276e+00 1.047745904640000000e+11
-3.039999986268151932e+00 8.956810035200000000e+10
-2.999999986448835365e+00 6.007059251200000000e+10
-2.959999986629517021e+00 3.364321075200000000e+10
-2.919999986810200010e+00 1.558411571200000000e+10
-2.879999986990881666e+00 7.303843328000000000e+09
-2.839999987171563323e+00 4.166213888000000000e+09
-2.799999987352246311e+00 2.384225792000000000e+09
-2.759999987532927967e+00 1.906442496000000000e+09
-2.719999987713609624e+00 2.977793792000000000e+09
-2.679999987894293056e+00 4.547469824000000000e+09
-2.639999988074974713e+00 2.812108544000000000e+09
-2.599999988255656369e+00 2.272943360000000000e+08
-2.559999988436339358e+00 4.156806656000000000e+09
-2.519999988617021014e+00 1.084676403200000000e+10
-2.479999988797704447e+00 2.431818956800000000e+10
-2.439999988978386103e+00 3.637951283200000000e+10
-2.399999989159067315e+00 3.806584832000000000e+10
-2.359999989339750748e+00 3.585128857600000000e+10
-2.319999989520432404e+00 3.406875033600000000e+10
-2.279999989701114060e+00 4.121695846400000000e+10
-2.239999989881797049e+00 7.733017804800000000e+10
-2.199999990062478705e+00 1.057330872320000000e+11
-2.159999990243162138e+00 7.657925836800000000e+10
-2.119999990423843794e+00 2.292707942400000000e+10
-2.079999990604525451e+00 7.118316160000000000e+08
-2.039999990785208439e+00 9.964151808000000000e+09
-1.999999990965890095e+00 2.917614796800000000e+10
-1.959999991146571752e+00 3.963443609600000000e+10
-1.919999991327254962e+00 3.160933580800000000e+10
-1.879999991507936619e+00 1.691553177600000000e+10
-1.839999991688619829e+00 1.499915059200000000e+10
-1.799999991869301486e+00 1.341498470400000000e+10
-1.759999992049983142e+00 9.879769088000000000e+09
-1.719999992230666352e+00 7.996069376000000000e+09
-1.679999992411347787e+00 1.033903104000000000e+10
-1.639999992592029443e+00 1.064073830400000000e+10
-1.599999992772712654e+00 1.291527808000000000e+09
-1.559999992953394310e+00 8.052728832000000000e+09
-1.519999993134077521e+00 4.485120409600000000e+10
-1.479999993314759177e+00 7.284970291200000000e+10
-1.439999993495440833e+00 6.070546022400000000e+10
-1.399999993676124044e+00 2.727156121600000000e+10
-1.359999993856805700e+00 9.910556672000000000e+09
-1.319999994037487356e+00 6.440698368000000000e+09
-1.279999994218170567e+00 8.559977984000000000e+09
-1.239999994398852223e+00 9.441654784000000000e+09
-1.199999994579533658e+00 3.650317312000000000e+09
-1.159999994760216868e+00 3.622869440000000000e+08
-1.119999994940898524e+00 6.647864832000000000e+09
-1.079999995121581735e+00 1.494814515200000000e+10
-1.039999995302263391e+00 1.856235520000000000e+10
-9.999999954829450477e-01 2.246811238400000000e+10
-9.599999956636282583e-01 3.987001344000000000e+10
-9.199999958443099146e-01 7.846039552000000000e+10
-8.799999960249915709e-01 1.132058296320000000e+11
-8.399999962056747815e-01 1.184536576000000000e+11
-7.999999963863563268e-01 1.030578831360000000e+11
-7.599999965670395374e-01 8.296257126400000000e+10
-7.199999967477211937e-01 5.895854899200000000e+10
-6.799999969284028500e-01 3.817675161600000000e+10
-6.399999971090860607e-01 1.894718873600000000e+10
-5.999999972897677170e-01 6.610085888000000000e+09
-5.599999974704492622e-01 1.247889408000000000e+09
-5.199999976511324729e-01 3.281477440000000000e+08
-4.799999978318141292e-01 4.785558016000000000e+09
-4.399999980124973398e-01 2.072158822400000000e+10
-3.999999981931789961e-01 3.665763532800000000e+10
-3.599999983738605969e-01 3.579098726400000000e+10
-3.199999985545438075e-01 2.308766924800000000e+10
-2.799999987352254638e-01 1.071311872000000000e+10
-2.399999989159070646e-01 2.716979200000000000e+09
-1.999999990965902752e-01 5.605557120000000000e+08
-1.599999992772719037e-01 8.872327680000000000e+08
-1.199999994579535323e-01 1.919109888000000000e+09
-7.999999963863674290e-02 2.170022656000000000e+09
-3.999999981931837145e-02 1.920955264000000000e+09
-1.577721810442023611e-15 6.245289984000000000e+09
3.999999981931678938e-02 1.642196172800000000e+10
7.999999963863516084e-02 1.922342707200000000e+10
1.199999994579519502e-01 1.903049523200000000e+10
1.599999992772703217e-01 4.068830003200000000e+10
1.999999990965886931e-01 7.329432371200000000e+10
2.399999989159054825e-01 7.940776755200000000e+10
2.799999987352238540e-01 5.485560627200000000e+10
3.199999985545406433e-01 2.099203276800000000e+10
3.599999983738590426e-01 1.840674432000000000e+09
3.999999981931773863e-01 9.124576256000000000e+09
4.399999980124941756e-01 3.039407308800000000e+10
4.799999978318125748e-01 4.017961369600000000e+10
5.199999976511309185e-01 2.846812364800000000e+10
5.599999974704477079e-01 1.458248294400000000e+10
5.999999972897660516e-01 1.417890508800000000e+10
6.399999971090828410e-01 2.391738368000000000e+10
6.799999969284012957e-01 3.184704512000000000e+10
7.199999967477196394e-01 3.015711744000000000e+10
7.599999965670364288e-01 1.679268556800000000e+10
7.999999963863547725e-01 7.996305408000000000e+09
8.399999962056731162e-01 3.003992268800000000e+10
8.799999960249899056e-01 6.794817536000000000e+10
9.199999958443083603e-01 8.506490060800000000e+10
9.599999956636251497e-01 8.012695961600000000e+10
9.999999954829434934e-01 6.427643904000000000e+10
1.039999995302261837e+00 4.593847500800000000e+10
1.079999995121578626e+00 3.097269248000000000e+10
1.119999994940896970e+00 2.992825344000000000e+10
1.159999994760215314e+00 3.889329766400000000e+10
1.199999994579532103e+00 3.260626739200000000e+10
1.239999994398850447e+00 1.395932672000000000e+10
1.279999994218169013e+00 1.093898752000000000e+09
1.319999994037487356e+00 2.414360576000000000e+09
1.359999993856802591e+00 4.701096448000000000e+09
1.399999993676120935e+00 1.783518822400000000e+10
1.439999993495439279e+00 5.310718361600000000e+10
1.479999993314757623e+00 9.098443161600000000e+10
1.519999993134075966e+00 1.019925135360000000e+11
1.559999992953391201e+00 6.918937804800000000e+10
1.599999992772709545e+00 2.956111052800000000e+10
1.639999992592027889e+00 1.725034291200000000e+10
1.679999992411346232e+00 2.318365081600000000e+10
1.719999992230664798e+00 2.216655052800000000e+10
1.759999992049983142e+00 5.374476800000000000e+09
1.799999991869298377e+00 6.360163840000000000e+09
1.839999991688616721e+00 1.157611212800000000e+10
1.879999991507935064e+00 3.565693440000000000e+09
1.919999991327253408e+00 2.126283648000000000e+09
1.959999991146571752e+00 1.851013939200000000e+10
1.999999990965886987e+00 3.511402905600000000e+10
2.039999990785205330e+00 3.762933350400000000e+10
2.079999990604523674e+00 3.934116249600000000e+10
2.119999990423842018e+00 4.148883865600000000e+10
2.159999990243160362e+00 4.501003059200000000e+10
2.199999990062475597e+00 5.870424883200000000e+10
2.239999989881793940e+00 4.716444057600000000e+10
2.279999989701112284e+00 2.256339558400000000e+10
2.319999989520430628e+00 2.804960665600000000e+10
2.359999989339748971e+00 3.306634649600000000e+10
2.399999989159067315e+00 1.878069452800000000e+10
2.439999988978382550e+00 2.165034598400000000e+10
2.479999988797700894e+00 4.347442790400000000e+10
2.519999988617019682e+00 4.628672512000000000e+10
2.559999988436338025e+00 7.812153344000000000e+10
2.599999988255656369e+00 1.314847047680000000e+11
2.639999988074971604e+00 1.488144138240000000e+11
2.679999987894289948e+00 1.168788111360000000e+11
2.719999987713608292e+00 6.853165875200000000e+10
2.759999987532926635e+00 2.747029913600000000e+10
2.799999987352244979e+00 8.011915264000000000e+09
2.839999987171563323e+00 1.509754777600000000e+10
2.879999986990878558e+00 2.583541350400000000e+10
2.919999986810196901e+00 2.709441740800000000e+10
2.959999986629515245e+00 2.401860198400000000e+10
2.999999986448833589e+00 2.047603507200000000e+10
3.039999986268151932e+00 1.873259315200000000e+10
3.079999986087467168e+00 1.488929177600000000e+10
3.119999985906785511e+00 5.914955264000000000e+09
3.159999985726103855e+00 5.923594880000000000e+08
3.199999985545422199e+00 1.280728473600000000e+10
3.239999985364740542e+00 3.780722278400000000e+10
3.279999985184055777e+00 5.086705254400000000e+10
3.319999985003374121e+00 3.848066252800000000e+10
3.359999984822692465e+00 2.370906316800000000e+10
3.399999984642010808e+00 2.246694092800000000e+10
3.439999984461329596e+00 2.767833907200000000e+10
3.479999984280647940e+00 3.235275776000000000e+10
3.519999984099963175e+00 3.480218419200000000e+10
3.559999983919281519e+00 3.498282188800000000e+10
3.599999983738599862e+00 1.928854118400000000e+10
3.639999983557918206e+00 1.673282432000000000e+09
3.679999983377236550e+00 2.009595494400000000e+10
3.719999983196551785e+00 5.227550720000000000e+10
3.759999983015870129e+00 6.853625036800000000e+10
3.799999982835188472e+00 6.830163968000000000e+10
3.839999982654506816e+00 5.819354316800000000e+10
3.879999982473825160e+00 3.720944025600000000e+10
3.919999982293143503e+00 1.400369868800000000e+10
3.959999982112458738e+00 7.799248896000000000e+09
3.999999981931777082e+00 1.698649292800000000e+10
4.039999981751095426e+00 2.736004300800000000e+10
4.079999981570414214e+00 3.188129792000000000e+10
4.119999981389732113e+00 3.266856960000000000e+10
4.159999981209047348e+00 2.998003302400000000e+10
4.199999981028366136e+00 2.388548608000000000e+10
4.239999980847684036e+00 1.697590886400000000e+10
4.279999980667002824e+00 1.204813721600000000e+10
4.319999980486320723e+00 1.039357849600000000e+10
4.359999980305635958e+00 6.384882176000000000e+09
4.399999980124954746e+00 5.153088000000000000e+09
4.439999979944272646e+00 1.064419942400000000e+10
4.479999979763591433e+00 2.028883763200000000e+10
4.519999979582909333e+00 2.307318988800000000e+10
4.559999979402228121e+00 2.107960115200000000e+10
4.599999979221543356e+00 1.858070528000000000e+10
4.639999979040861255e+00 1.513274777600000000e+10
4.679999978860180043e+00 7.667506176000000000e+09
4.719999978679497943e+00 3.385097472000000000e+09
4.759999978498816731e+00 1.439905920000000000e+09
4.799999978318131966e+00 7.168338432000000000e+09
4.839999978137449865e+00 3.917484851200000000e+10
4.879999977956768653e+00 8.389476352000000000e+10
4.919999977776087441e+00 1.072733798400000000e+11
4.959999977595405340e+00 8.414441472000000000e+10
4.999999977414724128e+00 4.946473779200000000e+10
5.039999977234039363e+00 2.392442880000000000e+10
5.079999977053357263e+00 1.043583488000000000e+10
5.119999976872676051e+00 2.828694784000000000e+09
5.159999976691993950e+00 5.654473600000000000e+08
5.199999976511312738e+00 4.163217408000000000e+09
5.239999976330627973e+00 9.577686016000000000e+09
5.279999976149945873e+00 1.378286489600000000e+10
5.319999975969264661e+00 1.375387750400000000e+10
5.359999975788582560e+00 1.369244262400000000e+10
5.399999975607901348e+00 1.623277875200000000e+10
5.439999975427216583e+00 2.246511820800000000e+10
5.479999975246534483e+00 3.333420441600000000e+10
5.519999975065853270e+00 4.535973068800000000e+10
5.559999974885171170e+00 5.014810624000000000e+10
5.599999974704489958e+00 4.303162163200000000e+10
5.639999974523807857e+00 3.114859315200000000e+10
5.679999974343123093e+00 2.193617305600000000e+10
5.719999974162441880e+00 1.380937113600000000e+10
5.759999973981759780e+00 4.431089152000000000e+09
5.799999973801078568e+00 3.710742080000000000e+08
5.839999973620396467e+00 8.762619904000000000e+09
5.879999973439711702e+00 2.732082176000000000e+10
5.919999973259030490e+00 4.657678336000000000e+10
5.959999973078349278e+00 5.837146521600000000e+10
5.999999972897667178e+00 5.653889433600000000e+10
6.039999972716985965e+00 4.771575398400000000e+10
6.079999972536301200e+00 3.088446259200000000e+10
6.119999972355619100e+00 2.103191756800000000e+10
6.159999972174937888e+00 1.746326528000000000e+10
6.199999971994255787e+00 1.076290560000000000e+10
6.239999971813574575e+00 2.537012480000000000e+09
6.279999971632892475e+00 7.311072000000000000e+08
6.319999971452207710e+00 8.001168896000000000e+09
6.359999971271526498e+00 1.553792716800000000e+10
6.399999971090844397e+00 1.762558976000000000e+10
6.439999970910163185e+00 1.395628544000000000e+10
6.479999970729481085e+00 9.322614784000000000e+09
6.519999970548796320e+00 8.072715264000000000e+09
6.559999970368115108e+00 1.105118412800000000e+10
6.599999970187433007e+00 1.818665369600000000e+10
6.639999970006751795e+00 1.966173798400000000e+10
6.679999969826069695e+00 1.378409676800000000e+10
6.719999969645388482e+00 5.861438464000000000e+09
6.759999969464703717e+00 2.371469568000000000e+09
6.799999969284021617e+00 6.100908544000000000e+09
6.839999969103340405e+00 1.280005427200000000e+10
6.879999968922659193e+00 1.564681318400000000e+10
6.919999968741977092e+00 1.652058112000000000e+10
6.959999968561292327e+00 1.928480358400000000e+10
6.999999968380611115e+00 2.187012710400000000e+10
7.039999968199929015e+00 2.406133145600000000e+10
7.079999968019247802e+00 2.865077657600000000e+10
7.119999967838565702e+00 3.654676070400000000e+10
7.159999967657880937e+00 4.055320166400000000e+10
7.199999967477199725e+00 3.432994611200000000e+10
7.239999967296517625e+00 2.426332569600000000e+10
7.279999967115836412e+00 1.400655462400000000e+10
7.319999966935154312e+00 6.256071680000000000e+09
7.359999966754473100e+00 1.790195456000000000e+09
7.399999966573788335e+00 3.786347520000000000e+08
7.439999966393106234e+00 3.595563200000000000e+08
7.479999966212425022e+00 5.440852480000000000e+08
7.519999966031742922e+00 1.833373056000000000e+09
7.559999965851061710e+00 2.848885504000000000e+09
7.599999965670376945e+00 3.273071616000000000e+09
7.639999965489694844e+00 5.312000000000000000e+09
7.679999965309013632e+00 7.413216256000000000e+09
7.719999965128331532e+00 1.657986252800000000e+10
7.759999964947650319e+00 3.294404812800000000e+10
7.799999964766968219e+00 5.098360012800000000e+10
7.839999964586283454e+00 6.552697241600000000e+10
7.879999964405602242e+00 7.423736217600000000e+10
7.919999964224921030e+00 7.092658176000000000e+10
7.959999964044238929e+00 4.944140697600000000e+10
7.999999963863557717e+00 2.122131251200000000e+10
8.039999963682872064e+00 5.751764992000000000e+09
8.079999963502190852e+00 1.143976243200000000e+10
8.119999963321509640e+00 2.896045465600000000e+10
8.159999963140828427e+00 4.457989324800000000e+10
8.199999962960145439e+00 4.561570201600000000e+10
8.239999962779460674e+00 3.327156428800000000e+10
8.279999962598779462e+00 1.803364352000000000e+10
8.319999962418098249e+00 8.318589952000000000e+09
8.359999962237417037e+00 3.963596032000000000e+09
8.399999962056734049e+00 2.236108032000000000e+09
8.439999961876052836e+00 1.968358144000000000e+09
8.479999961695368071e+00 2.456157696000000000e+09
8.519999961514686859e+00 3.230397440000000000e+09
8.559999961334005647e+00 4.029937664000000000e+09
8.599999961153322658e+00 4.913551360000000000e+09
8.639999960972641446e+00 5.807856640000000000e+09
8.679999960791956681e+00 6.960744448000000000e+09
8.719999960611275469e+00 7.675031040000000000e+09
8.759999960430594257e+00 7.526411264000000000e+09
8.799999960249911268e+00 6.663978496000000000e+09
8.839999960069230056e+00 5.343826944000000000e+09
8.879999959888548844e+00 4.205277184000000000e+09
8.919999959707864079e+00 2.977136896000000000e+09
8.959999959527182867e+00 1.464105600000000000e+09
8.999999959346501655e+00 3.421610560000000000e+08
9.039999959165818666e+00 8.705829120000000000e+08
9.079999958985137454e+00 3.954341888000000000e+09
9.119999958804452689e+00 8.827378688000000000e+09
9.159999958623771477e+00 1.309099212800000000e+10
9.199999958443090264e+00 1.510449766400000000e+10
9.239999958262407276e+00 1.440683315200000000e+10
9.279999958081726064e+00 1.152031129600000000e+10
9.319999957901041299e+00 8.148282368000000000e+09
9.359999957720360086e+00 5.048658432000000000e+09
9.399999957539678874e+00 2.864747264000000000e+09
9.439999957358995886e+00 1.945186560000000000e+09
9.479999957178314673e+00 2.147558912000000000e+09
9.519999956997633461e+00 3.343098880000000000e+09
9.559999956816948696e+00 4.921513984000000000e+09
9.599999956636267484e+00 6.509230080000000000e+09
9.639999956455584496e+00 9.089691648000000000e+09
9.679999956274903283e+00 1.297261363200000000e+10
9.719999956094222071e+00 1.799861452800000000e+10
9.759999955913537306e+00 2.213723955200000000e+10
9.799999955732856094e+00 2.361072230400000000e+10
9.839999955552174882e+00 2.156599705600000000e+10
9.879999955371491893e+00 1.734779699200000000e+10
9.919999955190810681e+00 1.226882662400000000e+10
9.959999955010125916e+00 7.817148928000000000e+09
9.999999954829444704e+00 4.825135104000000000e+09
1.003999995464876349e+01 3.220157952000000000e+09
1.007999995446808050e+01 2.465213952000000000e+09
1.011999995428739929e+01 2.145442816000000000e+09
1.015999995410671808e+01 2.189143552000000000e+09
1.019999995392603331e+01 2.865622272000000000e+09
1.023999995374535210e+01 4.587103744000000000e+09
1.027999995356466911e+01 7.309874688000000000e+09
1.031999995338398790e+01 1.039545446400000000e+10
1.035999995320330669e+01 1.282978713600000000e+10
1.039999995302262192e+01 1.398354329600000000e+10
1.043999995284194071e+01 1.372412006400000000e+10
1.047999995266125772e+01 1.252199219200000000e+10
1.051999995248057651e+01 1.089829171200000000e+10
1.055999995229989530e+01 9.025831936000000000e+09
1.059999995211921409e+01 7.239169536000000000e+09
1.063999995193852932e+01 5.624967168000000000e+09
1.067999995175784633e+01 4.160982016000000000e+09
1.071999995157716512e+01 2.870643456000000000e+09
1.075999995139648391e+01 1.809522304000000000e+09
1.079999995121580270e+01 1.024264576000000000e+09
1.083999995103511793e+01 5.117720000000000000e+08
1.087999995085443672e+01 2.207621920000000000e+08
1.091999995067375373e+01 5.180552400000000000e+07
1.095999995049307252e+01 2.864835600000000000e+07
1.099999995031239131e+01 3.289597440000000000e+08
1.103999995013170654e+01 1.273680384000000000e+09
1.107999994995102533e+01 3.094877440000000000e+09
1.111999994977034234e+01 5.745953792000000000e+09
1.115999994958966113e+01 8.408760832000000000e+09
1.119999994940897992e+01 9.904354304000000000e+09
1.123999994922829870e+01 9.586020352000000000e+09
1.127999994904761394e+01 7.905253376000000000e+09
1.131999994886693095e+01 5.767399424000000000e+09
1.135999994868624974e+01 3.700484096000000000e+09
1.139999994850556853e+01 2.063236224000000000e+09
1.143999994832488731e+01 1.034789312000000000e+09
1.147999994814420255e+01 5.744342400000000000e+08
1.151999994796351956e+01 6.748522880000000000e+08
1.155999994778283835e+01 1.302044288000000000e+09
1.159999994760215714e+01 2.486918656000000000e+09
1.163999994742147592e+01 4.226918144000000000e+09
1.167999994724079293e+01 6.248646656000000000e+09
1.171999994706010817e+01 8.167407616000000000e+09
1.175999994687942696e+01 9.272729600000000000e+09
1.179999994669874575e+01 9.024376832000000000e+09
1.183999994651806453e+01 7.772722688000000000e+09
1.187999994633738332e+01 6.157627904000000000e+09
1.191999994615669856e+01 4.628950528000000000e+09
1.195999994597601557e+01 3.463313408000000000e+09
1.199999994579533436e+01 2.689972224000000000e+09
1.203999994561465314e+01 2.266104064000000000e+09
1.207999994543397193e+01 2.093509376000000000e+09
1.211999994525328717e+01 2.072310400000000000e+09
1.215999994507260418e+01 2.160874240000000000e+09
1.219999994489192296e+01 2.307857408000000000e+09
1.223999994471124175e+01 2.379906816000000000e+09
1.227999994453056054e+01 2.420154624000000000e+09
1.231999994434987755e+01 2.443165184000000000e+09
1.235999994416919279e+01 2.368985600000000000e+09
1.239999994398851157e+01 2.301566976000000000e+09
1.243999994380783036e+01 2.262088448000000000e+09
1.247999994362714915e+01 2.252601088000000000e+09
1.251999994344646616e+01 2.333892608000000000e+09
1.255999994326578140e+01 2.496705024000000000e+09
1.259999994308510018e+01 2.700551936000000000e+09
1.263999994290441897e+01 2.953583104000000000e+09
1.267999994272373776e+01 3.146522624000000000e+09
1.271999994254305477e+01 3.213359360000000000e+09
1.275999994236237356e+01 3.083293952000000000e+09
1.279999994218168879e+01 2.734032384000000000e+09
1.283999994200100758e+01 2.232787968000000000e+09
