# x = Time (fs); y = Power (W)
-1.115999994958966290e+01 2.291347456000000000e+09
-1.111999994977034589e+01 2.149208832000000000e+09
-1.107999994995102711e+01 1.740906624000000000e+09
-1.103999995013171009e+01 1.246583296000000000e+09
-1.099999995031239131e+01 7.996231680000000000e+08
-1.095999995049307429e+01 4.684823360000000000e+08
-1.091999995067375551e+01 2.480902080000000000e+08
-1.087999995085443850e+01 1.390198240000000000e+08
-1.083999995103512148e+01 1.259377600000000000e+08
-1.079999995121580270e+01 2.058236960000000000e+08
-1.075999995139648568e+01 3.786078720000000000e+08
-1.071999995157716690e+01 6.406400000000000000e+08
-1.067999995175784989e+01 9.957921280000000000e+08
-1.063999995193853110e+01 1.459651200000000000e+09
-1.059999995211921409e+01 2.040140416000000000e+09
-1.055999995229989707e+01 2.651156480000000000e+09
-1.051999995248057829e+01 3.290260224000000000e+09
-1.047999995266126128e+01 3.821358592000000000e+09
-1.043999995284194249e+01 4.059950848000000000e+09
-1.039999995302262548e+01 4.030313728000000000e+09
-1.035999995320330669e+01 3.734080768000000000e+09
-1.031999995338398968e+01 3.250923776000000000e+09
-1.027999995356467089e+01 2.692372480000000000e+09
-1.023999995374535388e+01 2.154935040000000000e+09
-1.019999995392603687e+01 1.675963904000000000e+09
-1.015999995410671808e+01 1.282633856000000000e+09
-1.011999995428740107e+01 1.001498944000000000e+09
-1.007999995446808228e+01 8.107033600000000000e+08
-1.003999995464876527e+01 7.311627520000000000e+08
-9.999999954829448257e+00 7.672654080000000000e+08
-9.959999955010129469e+00 9.053635200000000000e+08
-9.919999955190810681e+00 1.185106816000000000e+09
-9.879999955371493670e+00 1.629997312000000000e+09
-9.839999955552174882e+00 2.313364480000000000e+09
-9.799999955732859647e+00 3.251226112000000000e+09
-9.759999955913540859e+00 4.189502208000000000e+09
-9.719999956094222071e+00 5.063282688000000000e+09
-9.679999956274905060e+00 5.816639488000000000e+09
-9.639999956455586272e+00 6.741009920000000000e+09
-9.599999956636269260e+00 8.381530112000000000e+09
-9.559999956816952249e+00 1.080609792000000000e+10
-9.519999956997633461e+00 1.370852659200000000e+10
-9.479999957178316450e+00 1.549349376000000000e+10
-9.439999957358997662e+00 1.501519872000000000e+10
-9.399999957539680651e+00 1.276414259200000000e+10
-9.359999957720363639e+00 9.522436096000000000e+09
-9.319999957901044851e+00 6.403625472000000000e+09
-9.279999958081726064e+00 4.003071744000000000e+09
-9.239999958262409052e+00 2.294136576000000000e+09
-9.199999958443092041e+00 1.167729664000000000e+09
-9.159999958623775029e+00 5.212292480000000000e+08
-9.119999958804456242e+00 1.599031360000000000e+08
-9.079999958985137454e+00 8.758862400000000000e+07
-9.039999959165818666e+00 3.254232640000000000e+08
-8.999999959346501655e+00 1.085549312000000000e+09
-8.959999959527186419e+00 2.712930816000000000e+09
-8.919999959707867632e+00 5.091480576000000000e+09
-8.879999959888548844e+00 7.238935552000000000e+09
-8.839999960069230056e+00 8.582354944000000000e+09
-8.799999960249913045e+00 9.607164928000000000e+09
-8.759999960430597810e+00 1.092460544000000000e+10
-8.719999960611279022e+00 1.302642483200000000e+10
-8.679999960791960234e+00 1.517839155200000000e+10
-8.639999960972641446e+00 1.704425164800000000e+10
-8.599999961153324435e+00 1.813602508800000000e+10
-8.559999961334007423e+00 1.803830476800000000e+10
-8.519999961514690412e+00 1.695452672000000000e+10
-8.479999961695371624e+00 1.518889984000000000e+10
-8.439999961876052836e+00 1.325960192000000000e+10
-8.399999962056734049e+00 1.004660736000000000e+10
-8.359999962237418814e+00 7.183764480000000000e+09
-8.319999962418101802e+00 5.236879872000000000e+09
-8.279999962598783014e+00 4.704837120000000000e+09
-8.239999962779464227e+00 5.469678592000000000e+09
-8.199999962960145439e+00 6.612133888000000000e+09
-8.159999963140828427e+00 7.785775104000000000e+09
-8.119999963321513192e+00 8.100644864000000000e+09
-8.079999963502194404e+00 7.262027264000000000e+09
-8.039999963682875617e+00 5.637390848000000000e+09
-7.999999963863557717e+00 3.684985856000000000e+09
-7.959999964044240706e+00 2.282875392000000000e+09
-7.919999964224921918e+00 1.441767168000000000e+09
-7.879999964405605795e+00 1.052375936000000000e+09
-7.839999964586287007e+00 9.690524800000000000e+08
-7.799999964766968219e+00 1.009699072000000000e+09
-7.759999964947650319e+00 1.109453056000000000e+09
-7.719999965128333308e+00 1.251004160000000000e+09
-7.679999965309016297e+00 1.400043520000000000e+09
-7.639999965489698397e+00 1.675741952000000000e+09
-7.599999965670379609e+00 2.223812352000000000e+09
-7.559999965851061710e+00 3.093710336000000000e+09
-7.519999966031744698e+00 4.226595840000000000e+09
-7.479999966212426799e+00 5.378528768000000000e+09
-7.439999966393109787e+00 6.248753152000000000e+09
-7.399999966573790999e+00 6.844528640000000000e+09
-7.359999966754473100e+00 7.542148096000000000e+09
-7.319999966935154312e+00 8.967400448000000000e+09
-7.279999967115837300e+00 1.160554700800000000e+10
-7.239999967296521177e+00 1.519518208000000000e+10
-7.199999967477202389e+00 1.746435072000000000e+10
-7.159999967657884490e+00 1.682945843200000000e+10
-7.119999967838565702e+00 1.497052467200000000e+10
-7.079999968019248691e+00 1.225926656000000000e+10
-7.039999968199931679e+00 9.347588096000000000e+09
-6.999999968380612891e+00 6.963698176000000000e+09
-6.959999968561295880e+00 6.033128960000000000e+09
-6.919999968741977980e+00 5.504617472000000000e+09
-6.879999968922660081e+00 4.863109632000000000e+09
-6.839999969103342181e+00 4.968949248000000000e+09
-6.799999969284024282e+00 5.442544640000000000e+09
-6.759999969464706382e+00 4.681774080000000000e+09
-6.719999969645389370e+00 2.465257472000000000e+09
-6.679999969826070583e+00 8.748605440000000000e+08
-6.639999970006753571e+00 5.898529920000000000e+08
-6.599999970187435672e+00 5.386782080000000000e+08
-6.559999970368116884e+00 2.117051392000000000e+09
-6.519999970548799872e+00 1.141420236800000000e+10
-6.479999970729481973e+00 3.053922099200000000e+10
-6.439999970910164961e+00 4.536199987200000000e+10
-6.399999971090846174e+00 4.295373619200000000e+10
-6.359999971271528274e+00 2.931795148800000000e+10
-6.319999971452211263e+00 1.529065472000000000e+10
-6.279999971632893363e+00 6.784438784000000000e+09
-6.239999971813575463e+00 2.460425984000000000e+09
-6.199999971994257564e+00 6.556739840000000000e+08
-6.159999972174939664e+00 7.710340000000000000e+07
-6.119999972355622653e+00 1.277975120000000000e+08
-6.079999972536303865e+00 3.489584960000000000e+08
-6.039999972716985965e+00 6.146351360000000000e+08
-5.999999972897668954e+00 8.396672640000000000e+08
-5.959999973078351054e+00 1.437751520000000000e+08
-5.919999973259033155e+00 5.203267840000000000e+08
-5.879999973439715255e+00 3.020696832000000000e+09
-5.839999973620396467e+00 3.095542272000000000e+09
-5.799999973801080344e+00 1.565394304000000000e+09
-5.759999973981761556e+00 3.945034752000000000e+09
-5.719999974162444545e+00 5.072674816000000000e+09
-5.679999974343126645e+00 2.435214592000000000e+09
-5.639999974523807857e+00 3.710084096000000000e+09
-5.599999974704491734e+00 1.958451404800000000e+10
-5.559999974885172946e+00 4.333919436800000000e+10
-5.519999975065855047e+00 6.026574643200000000e+10
-5.479999975246538035e+00 5.900659097600000000e+10
-5.439999975427219248e+00 4.662552166400000000e+10
-5.399999975607903124e+00 2.929014784000000000e+10
-5.359999975788584337e+00 2.292335001600000000e+10
-5.319999975969265549e+00 1.842980249600000000e+10
-5.279999976149949426e+00 1.638058598400000000e+10
-5.239999976330630638e+00 1.374233088000000000e+10
-5.199999976511312738e+00 1.227540480000000000e+10
-5.159999976691995727e+00 1.281493094400000000e+10
-5.119999976872676939e+00 1.386667110400000000e+10
-5.079999977053359039e+00 1.605800448000000000e+10
-5.039999977234042028e+00 1.750721331200000000e+10
-4.999999977414724128e+00 1.719629209600000000e+10
-4.959999977595407117e+00 1.807174860800000000e+10
-4.919999977776088329e+00 1.893784780800000000e+10
-4.879999977956770429e+00 1.916864102400000000e+10
-4.839999978137453418e+00 1.701561958400000000e+10
-4.799999978318134630e+00 1.241452646400000000e+10
-4.759999978498816731e+00 4.836833792000000000e+09
-4.719999978679499719e+00 9.519676160000000000e+08
-4.679999978860181820e+00 1.561348224000000000e+09
-4.639999979040864808e+00 6.229838336000000000e+09
-4.599999979221546020e+00 1.192690278400000000e+10
-4.559999979402228121e+00 1.807594700800000000e+10
-4.519999979582911109e+00 2.264536064000000000e+10
-4.479999979763593210e+00 2.428583526400000000e+10
-4.439999979944274422e+00 2.394056294400000000e+10
-4.399999980124957411e+00 2.026481664000000000e+10
-4.359999980305639511e+00 1.251308953600000000e+10
-4.319999980486322499e+00 9.962120192000000000e+09
-4.279999980667003712e+00 1.654613299200000000e+10
-4.239999980847685812e+00 2.043613798400000000e+10
-4.199999981028368801e+00 1.830291251200000000e+10
-4.159999981209050901e+00 2.316483993600000000e+10
-4.119999981389732113e+00 2.373498675200000000e+10
-4.079999981570415102e+00 1.965762764800000000e+10
-4.039999981751097202e+00 2.982023168000000000e+10
-3.999999981931778859e+00 5.623638425600000000e+10
-3.959999982112461847e+00 7.306128588800000000e+10
-3.919999982293143503e+00 6.830000128000000000e+10
-3.879999982473826936e+00 4.974045593600000000e+10
-3.839999982654508148e+00 3.552084377600000000e+10
-3.799999982835189805e+00 2.851254067200000000e+10
-3.759999983015873237e+00 2.702354227200000000e+10
-3.719999983196554894e+00 2.784680140800000000e+10
-3.679999983377236550e+00 2.473835315200000000e+10
-3.639999983557919538e+00 1.546015641600000000e+10
-3.599999983738601195e+00 5.738650112000000000e+09
-3.559999983919284627e+00 4.503623680000000000e+09
-3.519999984099966284e+00 1.068314726400000000e+10
-3.479999984280647940e+00 2.273309491200000000e+10
-3.439999984461330929e+00 3.819642060800000000e+10
-3.399999984642012585e+00 5.594000179200000000e+10
-3.359999984822694241e+00 6.221926400000000000e+10
-3.319999985003377230e+00 6.153785753600000000e+10
-3.279999985184058886e+00 5.164006195200000000e+10
-3.239999985364742319e+00 3.720806809600000000e+10
-3.199999985545423975e+00 2.017463091200000000e+10
-3.159999985726105631e+00 8.096117248000000000e+09
-3.119999985906788620e+00 3.197503744000000000e+09
-3.079999986087470276e+00 3.031262976000000000e+09
-3.039999986268151932e+00 3.111880960000000000e+09
-2.999999986448835365e+00 2.234447616000000000e+09
-2.959999986629517021e+00 2.086883200000000000e+08
-2.919999986810200010e+00 2.630487552000000000e+09
-2.879999986990881666e+00 1.008867942400000000e+10
-2.839999987171563323e+00 1.832280064000000000e+10
-2.799999987352246311e+00 1.949744742400000000e+10
-2.759999987532927967e+00 1.920370688000000000e+10
-2.719999987713609624e+00 1.195374182400000000e+10
-2.679999987894293056e+00 6.217842688000000000e+09
-2.639999988074974713e+00 1.751650713600000000e+10
-2.599999988255656369e+00 4.752528588800000000e+10
-2.559999988436339358e+00 4.090203340800000000e+10
-2.519999988617021014e+00 1.088134656000000000e+10
-2.479999988797704447e+00 8.119147520000000000e+09
-2.439999988978386103e+00 1.845175091200000000e+10
-2.399999989159067315e+00 1.280318361600000000e+10
-2.359999989339750748e+00 9.564443648000000000e+09
-2.319999989520432404e+00 2.151505920000000000e+10
-2.279999989701114060e+00 6.577674240000000000e+10
-2.239999989881797049e+00 1.241315491840000000e+11
-2.199999990062478705e+00 1.284445880320000000e+11
-2.159999990243162138e+00 6.677763276800000000e+10
-2.119999990423843794e+00 2.172830310400000000e+10
-2.079999990604525451e+00 7.139830272000000000e+09
-2.039999990785208439e+00 9.066035200000000000e+09
-1.999999990965890095e+00 1.398867865600000000e+10
-1.959999991146571752e+00 2.243196723200000000e+10
-1.919999991327254962e+00 3.267870720000000000e+10
-1.879999991507936619e+00 3.688483225600000000e+10
-1.839999991688619829e+00 2.566336716800000000e+10
-1.799999991869301486e+00 1.259898572800000000e+10
-1.759999992049983142e+00 7.137635328000000000e+09
-1.719999992230666352e+00 7.839439872000000000e+09
-1.679999992411347787e+00 1.179005337600000000e+10
-1.639999992592029443e+00 1.487746150400000000e+10
-1.599999992772712654e+00 1.239343411200000000e+10
-1.559999992953394310e+00 1.039670681600000000e+10
-1.519999993134077521e+00 1.746541977600000000e+10
-1.479999993314759177e+00 2.644072038400000000e+10
-1.439999993495440833e+00 3.976378777600000000e+10
-1.399999993676124044e+00 5.243441561600000000e+10
-1.359999993856805700e+00 6.115357081600000000e+10
-1.319999994037487356e+00 5.192980480000000000e+10
-1.279999994218170567e+00 3.180927795200000000e+10
-1.239999994398852223e+00 3.069665894400000000e+10
-1.199999994579533658e+00 3.403062272000000000e+10
-1.159999994760216868e+00 7.458372608000000000e+09
-1.119999994940898524e+00 5.687423488000000000e+09
-1.079999995121581735e+00 2.472760320000000000e+10
-1.039999995302263391e+00 1.704066252800000000e+10
-9.999999954829450477e-01 2.116152729600000000e+10
-9.599999956636282583e-01 4.100508876800000000e+10
-9.199999958443099146e-01 5.276641280000000000e+10
-8.799999960249915709e-01 5.033202892800000000e+10
-8.399999962056747815e-01 8.866730803200000000e+10
-7.999999963863563268e-01 1.620650557440000000e+11
-7.599999965670395374e-01 1.918156472320000000e+11
-7.199999967477211937e-01 1.380398858240000000e+11
-6.799999969284028500e-01 6.517340979200000000e+10
-6.399999971090860607e-01 1.992385331200000000e+10
-5.999999972897677170e-01 2.656489984000000000e+09
-5.599999974704492622e-01 9.555402880000000000e+08
-5.199999976511324729e-01 3.293416192000000000e+09
-4.799999978318141292e-01 4.106360576000000000e+09
-4.399999980124973398e-01 2.449459456000000000e+09
-3.999999981931789961e-01 1.074474880000000000e+09
-3.599999983738605969e-01 4.802254848000000000e+09
-3.199999985545438075e-01 1.305577267200000000e+10
-2.799999987352254638e-01 1.661584588800000000e+10
-2.399999989159070646e-01 1.450911948800000000e+10
-1.999999990965902752e-01 1.372548505600000000e+10
-1.599999992772719037e-01 1.818159923200000000e+10
-1.199999994579535323e-01 3.211055308800000000e+10
-7.999999963863674290e-02 4.824053350400000000e+10
-3.999999981931837145e-02 6.095521382400000000e+10
-1.577721810442023611e-15 4.787484262400000000e+10
3.999999981931678938e-02 2.091355136000000000e+10
7.999999963863516084e-02 1.867881472000000000e+10
1.199999994579519502e-01 4.469259878400000000e+10
1.599999992772703217e-01 6.033695129600000000e+10
1.999999990965886931e-01 4.343471718400000000e+10
2.399999989159054825e-01 2.055802675200000000e+10
2.799999987352238540e-01 7.715777024000000000e+09
3.199999985545406433e-01 1.780522624000000000e+09
3.599999983738590426e-01 2.966435328000000000e+09
3.999999981931773863e-01 1.259831500800000000e+10
4.399999980124941756e-01 2.469752012800000000e+10
4.799999978318125748e-01 2.597327052800000000e+10
5.199999976511309185e-01 1.797294489600000000e+10
5.599999974704477079e-01 5.324429824000000000e+09
5.999999972897660516e-01 6.786244480000000000e+08
6.399999971090828410e-01 1.329990348800000000e+10
6.799999969284012957e-01 3.269433753600000000e+10
7.199999967477196394e-01 3.568741580800000000e+10
7.599999965670364288e-01 3.138187059200000000e+10
7.999999963863547725e-01 2.498499584000000000e+10
8.399999962056731162e-01 2.577487667200000000e+10
8.799999960249899056e-01 3.112179507200000000e+10
9.199999958443083603e-01 2.624760217600000000e+10
9.599999956636251497e-01 9.358113792000000000e+09
9.999999954829434934e-01 2.665451776000000000e+09
1.039999995302261837e+00 8.042900992000000000e+09
1.079999995121578626e+00 1.617061683200000000e+10
1.119999994940896970e+00 2.680948121600000000e+10
1.159999994760215314e+00 3.689980313600000000e+10
1.199999994579532103e+00 8.826965196800000000e+10
1.239999994398850447e+00 1.744331735040000000e+11
1.279999994218169013e+00 2.087974502400000000e+11
1.319999994037487356e+00 1.684036976640000000e+11
1.359999993856802591e+00 1.174945218560000000e+11
1.399999993676120935e+00 8.435678412800000000e+10
1.439999993495439279e+00 4.905029632000000000e+10
1.479999993314757623e+00 2.243049881600000000e+10
1.519999993134075966e+00 8.560548864000000000e+09
1.559999992953391201e+00 3.093705472000000000e+09
1.599999992772709545e+00 3.032534272000000000e+09
1.639999992592027889e+00 4.543258112000000000e+09
1.679999992411346232e+00 3.909933056000000000e+09
1.719999992230664798e+00 3.402329088000000000e+09
1.759999992049983142e+00 8.829256960000000000e+08
1.799999991869298377e+00 2.431225440000000000e+08
1.839999991688616721e+00 4.581859840000000000e+09
1.879999991507935064e+00 1.702873497600000000e+10
1.919999991327253408e+00 2.956817817600000000e+10
1.959999991146571752e+00 3.600959488000000000e+10
1.999999990965886987e+00 2.925440204800000000e+10
2.039999990785205330e+00 9.862036480000000000e+09
2.079999990604523674e+00 7.855440000000000000e+08
2.119999990423842018e+00 1.153530624000000000e+09
2.159999990243160362e+00 9.370676224000000000e+09
2.199999990062475597e+00 2.185414041600000000e+10
2.239999989881793940e+00 1.112843673600000000e+10
2.279999989701112284e+00 1.556074291200000000e+10
2.319999989520430628e+00 7.070611046400000000e+10
2.359999989339748971e+00 1.179354480640000000e+11
2.399999989159067315e+00 1.093251399680000000e+11
2.439999988978382550e+00 7.322872217600000000e+10
2.479999988797700894e+00 3.411982950400000000e+10
2.519999988617019682e+00 8.973683712000000000e+09
2.559999988436338025e+00 3.156113920000000000e+09
2.599999988255656369e+00 1.008530534400000000e+10
2.639999988074971604e+00 1.638793216000000000e+10
2.679999987894289948e+00 1.464712499200000000e+10
2.719999987713608292e+00 6.957408256000000000e+09
2.759999987532926635e+00 3.013262080000000000e+09
2.799999987352244979e+00 2.099757952000000000e+09
2.839999987171563323e+00 2.285531392000000000e+09
2.879999986990878558e+00 5.912754688000000000e+09
2.919999986810196901e+00 1.903222169600000000e+10
2.959999986629515245e+00 4.042835148800000000e+10
2.999999986448833589e+00 7.060437401600000000e+10
3.039999986268151932e+00 1.090275737600000000e+11
3.079999986087467168e+00 1.357144555520000000e+11
3.119999985906785511e+00 1.207955292160000000e+11
3.159999985726103855e+00 8.571696742400000000e+10
3.199999985545422199e+00 4.707836313600000000e+10
3.239999985364740542e+00 1.806825881600000000e+10
3.279999985184055777e+00 6.197630464000000000e+09
3.319999985003374121e+00 2.412481024000000000e+09
3.359999984822692465e+00 1.354045184000000000e+09
3.399999984642010808e+00 8.860662400000000000e+08
3.439999984461329596e+00 1.180361600000000000e+09
3.479999984280647940e+00 2.219482624000000000e+09
3.519999984099963175e+00 3.824042496000000000e+09
3.559999983919281519e+00 7.283974144000000000e+09
3.599999983738599862e+00 1.088919347200000000e+10
3.639999983557918206e+00 1.096096460800000000e+10
3.679999983377236550e+00 5.358497792000000000e+09
3.719999983196551785e+00 3.717535744000000000e+09
3.759999983015870129e+00 9.203958784000000000e+09
3.799999982835188472e+00 1.892459110400000000e+10
3.839999982654506816e+00 3.179275468800000000e+10
3.879999982473825160e+00 5.122627993600000000e+10
3.919999982293143503e+00 7.587246080000000000e+10
3.959999982112458738e+00 7.026554470400000000e+10
3.999999981931777082e+00 3.261368320000000000e+10
4.039999981751095426e+00 1.198132940800000000e+10
4.079999981570414214e+00 2.367414886400000000e+10
4.119999981389732113e+00 2.427826790400000000e+10
4.159999981209047348e+00 1.719863091200000000e+10
4.199999981028366136e+00 2.428075827200000000e+10
4.239999980847684036e+00 3.327391744000000000e+10
4.279999980667002824e+00 4.881752064000000000e+10
4.319999980486320723e+00 5.451964006400000000e+10
4.359999980305635958e+00 5.948069068800000000e+10
4.399999980124954746e+00 6.484925235200000000e+10
4.439999979944272646e+00 5.702650265600000000e+10
4.479999979763591433e+00 2.896581836800000000e+10
4.519999979582909333e+00 8.930181120000000000e+09
4.559999979402228121e+00 7.482293248000000000e+09
4.599999979221543356e+00 2.046766899200000000e+10
4.639999979040861255e+00 4.235779276800000000e+10
4.679999978860180043e+00 5.480537292800000000e+10
4.719999978679497943e+00 4.976864870400000000e+10
4.759999978498816731e+00 3.451681177600000000e+10
4.799999978318131966e+00 1.963664179200000000e+10
4.839999978137449865e+00 1.296750182400000000e+10
4.879999977956768653e+00 1.699235430400000000e+10
4.919999977776087441e+00 1.841393459200000000e+10
4.959999977595405340e+00 1.102901452800000000e+10
4.999999977414724128e+00 7.414800896000000000e+09
5.039999977234039363e+00 9.052150784000000000e+09
5.079999977053357263e+00 1.568048742400000000e+10
5.119999976872676051e+00 1.915516723200000000e+10
5.159999976691993950e+00 2.128077004800000000e+10
5.199999976511312738e+00 2.718242816000000000e+10
5.239999976330627973e+00 3.647728435200000000e+10
5.279999976149945873e+00 4.147134873600000000e+10
5.319999975969264661e+00 4.599790387200000000e+10
5.359999975788582560e+00 4.118664806400000000e+10
5.399999975607901348e+00 3.102412595200000000e+10
5.439999975427216583e+00 1.952428032000000000e+10
5.479999975246534483e+00 9.087630336000000000e+09
5.519999975065853270e+00 2.772400896000000000e+09
5.559999974885171170e+00 4.566429696000000000e+09
5.599999974704489958e+00 7.193942528000000000e+09
5.639999974523807857e+00 4.598695936000000000e+09
5.679999974343123093e+00 9.056494592000000000e+09
5.719999974162441880e+00 3.070619852800000000e+10
5.759999973981759780e+00 4.964749721600000000e+10
5.799999973801078568e+00 4.584258764800000000e+10
5.839999973620396467e+00 2.912693862400000000e+10
5.879999973439711702e+00 1.743079424000000000e+10
5.919999973259030490e+00 1.216664576000000000e+10
5.959999973078349278e+00 1.678830387200000000e+10
5.999999972897667178e+00 2.934581452800000000e+10
6.039999972716985965e+00 4.089549619200000000e+10
6.079999972536301200e+00 4.204811468800000000e+10
6.119999972355619100e+00 2.886380134400000000e+10
6.159999972174937888e+00 1.699098009600000000e+10
6.199999971994255787e+00 1.521133158400000000e+10
6.239999971813574575e+00 1.776849100800000000e+10
6.279999971632892475e+00 1.615554150400000000e+10
6.319999971452207710e+00 9.535001600000000000e+09
6.359999971271526498e+00 9.989175296000000000e+09
6.399999971090844397e+00 2.750193254400000000e+10
6.439999970910163185e+00 5.702730547200000000e+10
6.479999970729481085e+00 8.452567859200000000e+10
6.519999970548796320e+00 9.013577318400000000e+10
6.559999970368115108e+00 7.228252979200000000e+10
6.599999970187433007e+00 4.571237580800000000e+10
6.639999970006751795e+00 2.756058726400000000e+10
6.679999969826069695e+00 2.075761868800000000e+10
6.719999969645388482e+00 2.256166297600000000e+10
6.759999969464703717e+00 2.681710796800000000e+10
6.799999969284021617e+00 2.879127552000000000e+10
6.839999969103340405e+00 2.845054771200000000e+10
6.879999968922659193e+00 2.798703001600000000e+10
6.919999968741977092e+00 2.873097216000000000e+10
6.959999968561292327e+00 2.411908096000000000e+10
6.999999968380611115e+00 1.601510092800000000e+10
7.039999968199929015e+00 8.377311232000000000e+09
7.079999968019247802e+00 3.860425472000000000e+09
7.119999967838565702e+00 1.653339520000000000e+09
7.159999967657880937e+00 5.873617280000000000e+08
7.199999967477199725e+00 1.107125760000000000e+08
7.239999967296517625e+00 9.817260160000000000e+08
7.279999967115836412e+00 1.816051712000000000e+09
7.319999966935154312e+00 3.606594880000000000e+08
7.359999966754473100e+00 1.363926912000000000e+09
7.399999966573788335e+00 6.346811392000000000e+09
7.439999966393106234e+00 9.475645440000000000e+09
7.479999966212425022e+00 1.640476160000000000e+10
7.519999966031742922e+00 3.262063206400000000e+10
7.559999965851061710e+00 4.450297856000000000e+10
7.599999965670376945e+00 4.160953139200000000e+10
7.639999965489694844e+00 2.908518400000000000e+10
7.679999965309013632e+00 1.632057344000000000e+10
7.719999965128331532e+00 7.338397184000000000e+09
7.759999964947650319e+00 2.616989952000000000e+09
7.799999964766968219e+00 6.933483520000000000e+08
7.839999964586283454e+00 1.105027840000000000e+09
7.879999964405602242e+00 3.277735680000000000e+09
7.919999964224921030e+00 7.140582912000000000e+09
7.959999964044238929e+00 1.241943347200000000e+10
7.999999963863557717e+00 1.903513804800000000e+10
8.039999963682872064e+00 2.508943564800000000e+10
8.079999963502190852e+00 2.774539059200000000e+10
8.119999963321509640e+00 2.542693580800000000e+10
8.159999963140828427e+00 2.002551603200000000e+10
8.199999962960145439e+00 1.413785190400000000e+10
8.239999962779460674e+00 9.142060032000000000e+09
8.279999962598779462e+00 5.429175296000000000e+09
8.319999962418098249e+00 2.686799616000000000e+09
8.359999962237417037e+00 1.064575232000000000e+09
8.399999962056734049e+00 4.723594560000000000e+08
8.439999961876052836e+00 6.729110400000000000e+08
8.479999961695368071e+00 1.921804672000000000e+09
8.519999961514686859e+00 3.756810752000000000e+09
8.559999961334005647e+00 3.697665280000000000e+09
8.599999961153322658e+00 2.995732224000000000e+09
8.639999960972641446e+00 1.415809228800000000e+10
8.679999960791956681e+00 4.328164147200000000e+10
8.719999960611275469e+00 7.414037708800000000e+10
8.759999960430594257e+00 8.031530188800000000e+10
8.799999960249911268e+00 6.077145088000000000e+10
8.839999960069230056e+00 3.484465561600000000e+10
8.879999959888548844e+00 1.799820083200000000e+10
8.919999959707864079e+00 9.548033024000000000e+09
8.959999959527182867e+00 5.360685568000000000e+09
8.999999959346501655e+00 2.812295424000000000e+09
9.039999959165818666e+00 1.301773568000000000e+09
9.079999958985137454e+00 5.699990400000000000e+08
9.119999958804452689e+00 2.976974400000000000e+08
9.159999958623771477e+00 6.891338880000000000e+08
9.199999958443090264e+00 2.495119360000000000e+09
9.239999958262407276e+00 6.212219392000000000e+09
9.279999958081726064e+00 1.104767385600000000e+10
9.319999957901041299e+00 1.518615040000000000e+10
9.359999957720360086e+00 1.714593792000000000e+10
9.399999957539678874e+00 1.712538419200000000e+10
9.439999957358995886e+00 1.561718169600000000e+10
9.479999957178314673e+00 1.329546752000000000e+10
9.519999956997633461e+00 1.031957606400000000e+10
9.559999956816948696e+00 7.712356864000000000e+09
9.599999956636267484e+00 6.156441600000000000e+09
9.639999956455584496e+00 5.822486528000000000e+09
9.679999956274903283e+00 6.317948416000000000e+09
9.719999956094222071e+00 6.867047936000000000e+09
9.759999955913537306e+00 6.907907584000000000e+09
9.799999955732856094e+00 7.120679936000000000e+09
9.839999955552174882e+00 9.176520704000000000e+09
9.879999955371491893e+00 1.421286400000000000e+10
9.919999955190810681e+00 2.099138355200000000e+10
9.959999955010125916e+00 2.547753779200000000e+10
9.999999954829444704e+00 2.427092992000000000e+10
1.003999995464876349e+01 1.811195084800000000e+10
1.007999995446808050e+01 1.059749785600000000e+10
1.011999995428739929e+01 4.583224320000000000e+09
1.015999995410671808e+01 1.178884864000000000e+09
1.019999995392603331e+01 5.319586400000000000e+07
1.023999995374535210e+01 1.829594720000000000e+08
1.027999995356466911e+01 6.782275200000000000e+08
1.031999995338398790e+01 1.042515648000000000e+09
1.035999995320330669e+01 1.104758784000000000e+09
1.039999995302262192e+01 9.992364160000000000e+08
1.043999995284194071e+01 7.809135360000000000e+08
1.047999995266125772e+01 5.306065600000000000e+08
1.051999995248057651e+01 3.499315520000000000e+08
1.055999995229989530e+01 2.051905920000000000e+08
1.059999995211921409e+01 1.027350960000000000e+08
1.063999995193852932e+01 5.589845600000000000e+07
1.067999995175784633e+01 6.644711600000000000e+07
1.071999995157716512e+01 1.678682080000000000e+08
1.075999995139648391e+01 4.168651840000000000e+08
1.079999995121580270e+01 8.252234880000000000e+08
1.083999995103511793e+01 1.326989568000000000e+09
1.087999995085443672e+01 1.841702400000000000e+09
1.091999995067375373e+01 2.206550784000000000e+09
1.095999995049307252e+01 2.454516480000000000e+09
1.099999995031239131e+01 2.590622976000000000e+09
1.103999995013170654e+01 2.711334912000000000e+09
1.107999994995102533e+01 2.882390528000000000e+09
1.111999994977034234e+01 3.162625280000000000e+09
1.115999994958966113e+01 3.615263488000000000e+09
1.119999994940897992e+01 4.265597440000000000e+09
1.123999994922829870e+01 5.106948608000000000e+09
1.127999994904761394e+01 6.070024192000000000e+09
1.131999994886693095e+01 7.022829568000000000e+09
1.135999994868624974e+01 7.840267264000000000e+09
1.139999994850556853e+01 8.437346304000000000e+09
1.143999994832488731e+01 8.809621504000000000e+09
1.147999994814420255e+01 8.903169024000000000e+09
1.151999994796351956e+01 8.816191488000000000e+09
1.155999994778283835e+01 8.593430528000000000e+09
1.159999994760215714e+01 8.177950720000000000e+09
1.163999994742147592e+01 7.659596800000000000e+09
1.167999994724079293e+01 7.117991424000000000e+09
1.171999994706010817e+01 6.546851840000000000e+09
1.175999994687942696e+01 6.059585024000000000e+09
1.179999994669874575e+01 5.708281344000000000e+09
1.183999994651806453e+01 5.454978048000000000e+09
1.187999994633738332e+01 5.364223488000000000e+09
1.191999994615669856e+01 5.382082560000000000e+09
1.195999994597601557e+01 5.458305024000000000e+09
1.199999994579533436e+01 5.574948352000000000e+09
1.203999994561465314e+01 5.671843328000000000e+09
1.207999994543397193e+01 5.623203840000000000e+09
1.211999994525328717e+01 5.454576128000000000e+09
1.215999994507260418e+01 5.134780416000000000e+09
1.219999994489192296e+01 4.681312768000000000e+09
1.223999994471124175e+01 4.223378944000000000e+09
1.227999994453056054e+01 3.748212480000000000e+09
1.231999994434987755e+01 3.322836992000000000e+09
1.235999994416919279e+01 2.992969984000000000e+09
1.239999994398851157e+01 2.700223744000000000e+09
1.243999994380783036e+01 2.458970880000000000e+09
