# x = Time (fs); y = Power (W)
-1.179999994669874752e+01 1.371413888000000000e+09
-1.175999994687943051e+01 1.442594944000000000e+09
-1.171999994706011172e+01 1.409032960000000000e+09
-1.167999994724079293e+01 1.289862272000000000e+09
-1.163999994742147770e+01 1.133199488000000000e+09
-1.159999994760215891e+01 9.813625600000000000e+08
-1.155999994778284012e+01 8.754139520000000000e+08
-1.151999994796352311e+01 8.358803200000000000e+08
-1.147999994814420432e+01 8.697944320000000000e+08
-1.143999994832488731e+01 1.007814784000000000e+09
-1.139999994850557030e+01 1.244943744000000000e+09
-1.135999994868625151e+01 1.628464896000000000e+09
-1.131999994886693450e+01 2.204967680000000000e+09
-1.127999994904761571e+01 2.958704128000000000e+09
-1.123999994922829870e+01 3.747320576000000000e+09
-1.119999994940898169e+01 4.255748096000000000e+09
-1.115999994958966290e+01 4.110374656000000000e+09
-1.111999994977034589e+01 3.400410624000000000e+09
-1.107999994995102711e+01 2.478199808000000000e+09
-1.103999995013171009e+01 1.615045120000000000e+09
-1.099999995031239131e+01 9.437591040000000000e+08
-1.095999995049307429e+01 4.989151360000000000e+08
-1.091999995067375551e+01 2.816962560000000000e+08
-1.087999995085443850e+01 3.228105920000000000e+08
-1.083999995103512148e+01 6.598884480000000000e+08
-1.079999995121580270e+01 1.383791104000000000e+09
-1.075999995139648568e+01 2.567331840000000000e+09
-1.071999995157716690e+01 4.142599424000000000e+09
-1.067999995175784989e+01 5.602305536000000000e+09
-1.063999995193853110e+01 5.968139776000000000e+09
-1.059999995211921409e+01 5.156643840000000000e+09
-1.055999995229989707e+01 3.737356032000000000e+09
-1.051999995248057829e+01 2.330003200000000000e+09
-1.047999995266126128e+01 1.209766528000000000e+09
-1.043999995284194249e+01 4.421142080000000000e+08
-1.039999995302262548e+01 5.670016000000000000e+07
-1.035999995320330669e+01 2.966832200000000000e+07
-1.031999995338398968e+01 3.050247360000000000e+08
-1.027999995356467089e+01 8.054892160000000000e+08
-1.023999995374535388e+01 1.463326976000000000e+09
-1.019999995392603687e+01 2.215137280000000000e+09
-1.015999995410671808e+01 2.904683776000000000e+09
-1.011999995428740107e+01 3.541263872000000000e+09
-1.007999995446808228e+01 4.080881920000000000e+09
-1.003999995464876527e+01 4.481950720000000000e+09
-9.999999954829448257e+00 4.861251072000000000e+09
-9.959999955010129469e+00 5.280189952000000000e+09
-9.919999955190810681e+00 5.795701248000000000e+09
-9.879999955371493670e+00 6.525345792000000000e+09
-9.839999955552174882e+00 7.570902528000000000e+09
-9.799999955732859647e+00 8.961443840000000000e+09
-9.759999955913540859e+00 1.069762150400000000e+10
-9.719999956094222071e+00 1.243133030400000000e+10
-9.679999956274905060e+00 1.356322713600000000e+10
-9.639999956455586272e+00 1.350221824000000000e+10
-9.599999956636269260e+00 1.226810163200000000e+10
-9.559999956816952249e+00 1.010064281600000000e+10
-9.519999956997633461e+00 7.477888512000000000e+09
-9.479999957178316450e+00 4.857186816000000000e+09
-9.439999957358997662e+00 2.804409600000000000e+09
-9.399999957539680651e+00 1.578181120000000000e+09
-9.359999957720363639e+00 9.510430080000000000e+08
-9.319999957901044851e+00 6.248800640000000000e+08
-9.279999958081726064e+00 4.747121600000000000e+08
-9.239999958262409052e+00 4.233873280000000000e+08
-9.199999958443092041e+00 4.353528000000000000e+08
-9.159999958623775029e+00 5.174363840000000000e+08
-9.119999958804456242e+00 6.846294400000000000e+08
-9.079999958985137454e+00 9.478255360000000000e+08
-9.039999959165818666e+00 1.318772480000000000e+09
-8.999999959346501655e+00 1.738471040000000000e+09
-8.959999959527186419e+00 2.217306624000000000e+09
-8.919999959707867632e+00 2.674330624000000000e+09
-8.879999959888548844e+00 2.949615616000000000e+09
-8.839999960069230056e+00 3.054114304000000000e+09
-8.799999960249913045e+00 2.907824896000000000e+09
-8.759999960430597810e+00 2.627648256000000000e+09
-8.719999960611279022e+00 2.361710848000000000e+09
-8.679999960791960234e+00 2.216635392000000000e+09
-8.639999960972641446e+00 2.277717504000000000e+09
-8.599999961153324435e+00 2.746084864000000000e+09
-8.559999961334007423e+00 4.002836224000000000e+09
-8.519999961514690412e+00 6.439292928000000000e+09
-8.479999961695371624e+00 9.472136192000000000e+09
-8.439999961876052836e+00 1.095751475200000000e+10
-8.399999962056734049e+00 1.018652569600000000e+10
-8.359999962237418814e+00 8.181616128000000000e+09
-8.319999962418101802e+00 5.682349056000000000e+09
-8.279999962598783014e+00 3.707981312000000000e+09
-8.239999962779464227e+00 2.632971776000000000e+09
-8.199999962960145439e+00 1.722767616000000000e+09
-8.159999963140828427e+00 1.230212352000000000e+09
-8.119999963321513192e+00 9.697353600000000000e+08
-8.079999963502194404e+00 5.627886720000000000e+08
-8.039999963682875617e+00 3.317930240000000000e+08
-7.999999963863557717e+00 3.213817280000000000e+08
-7.959999964044240706e+00 3.529411840000000000e+08
-7.919999964224921918e+00 3.591954240000000000e+08
-7.879999964405605795e+00 3.703112640000000000e+08
-7.839999964586287007e+00 3.558046080000000000e+08
-7.799999964766968219e+00 3.146481600000000000e+08
-7.759999964947650319e+00 5.361846720000000000e+08
-7.719999965128333308e+00 1.559197824000000000e+09
-7.679999965309016297e+00 3.236948480000000000e+09
-7.639999965489698397e+00 5.147298304000000000e+09
-7.599999965670379609e+00 7.682774016000000000e+09
-7.559999965851061710e+00 1.122989465600000000e+10
-7.519999966031744698e+00 1.395303219200000000e+10
-7.479999966212426799e+00 1.471779942400000000e+10
-7.439999966393109787e+00 1.399822848000000000e+10
-7.399999966573790999e+00 1.288633139200000000e+10
-7.359999966754473100e+00 1.056681164800000000e+10
-7.319999966935154312e+00 8.352353792000000000e+09
-7.279999967115837300e+00 5.444798464000000000e+09
-7.239999967296521177e+00 3.294808064000000000e+09
-7.199999967477202389e+00 2.766638592000000000e+09
-7.159999967657884490e+00 4.467526656000000000e+09
-7.119999967838565702e+00 7.175689216000000000e+09
-7.079999968019248691e+00 7.621725184000000000e+09
-7.039999968199931679e+00 6.199924224000000000e+09
-6.999999968380612891e+00 7.828268544000000000e+09
-6.959999968561295880e+00 1.286422528000000000e+10
-6.919999968741977980e+00 2.047333171200000000e+10
-6.879999968922660081e+00 2.868544102400000000e+10
-6.839999969103342181e+00 3.352067072000000000e+10
-6.799999969284024282e+00 3.107908812800000000e+10
-6.759999969464706382e+00 2.353264844800000000e+10
-6.719999969645389370e+00 1.675935641600000000e+10
-6.679999969826070583e+00 1.153949593600000000e+10
-6.639999970006753571e+00 8.277736448000000000e+09
-6.599999970187435672e+00 5.211213312000000000e+09
-6.559999970368116884e+00 2.123774720000000000e+09
-6.519999970548799872e+00 8.776963840000000000e+08
-6.479999970729481973e+00 4.684602560000000000e+08
-6.439999970910164961e+00 1.730794720000000000e+08
-6.399999971090846174e+00 1.141830016000000000e+09
-6.359999971271528274e+00 5.300416512000000000e+09
-6.319999971452211263e+00 1.301412454400000000e+10
-6.279999971632893363e+00 2.178417254400000000e+10
-6.239999971813575463e+00 2.948371660800000000e+10
-6.199999971994257564e+00 3.211265638400000000e+10
-6.159999972174939664e+00 2.861840588800000000e+10
-6.119999972355622653e+00 2.128924672000000000e+10
-6.079999972536303865e+00 1.467411763200000000e+10
-6.039999972716985965e+00 8.498612736000000000e+09
-5.999999972897668954e+00 4.462284800000000000e+09
-5.959999973078351054e+00 2.355526400000000000e+09
-5.919999973259033155e+00 9.845273600000000000e+08
-5.879999973439715255e+00 3.974321600000000000e+08
-5.839999973620396467e+00 2.536411680000000000e+08
-5.799999973801080344e+00 4.701513920000000000e+08
-5.759999973981761556e+00 1.168068608000000000e+09
-5.719999974162444545e+00 2.404640512000000000e+09
-5.679999974343126645e+00 3.675121664000000000e+09
-5.639999974523807857e+00 5.054706688000000000e+09
-5.599999974704491734e+00 7.584819200000000000e+09
-5.559999974885172946e+00 1.317967462400000000e+10
-5.519999975065855047e+00 2.042371072000000000e+10
-5.479999975246538035e+00 2.561579212800000000e+10
-5.439999975427219248e+00 2.745255526400000000e+10
-5.399999975607903124e+00 2.629644697600000000e+10
-5.359999975788584337e+00 2.405424332800000000e+10
-5.319999975969265549e+00 1.699389030400000000e+10
-5.279999976149949426e+00 9.772136448000000000e+09
-5.239999976330630638e+00 4.866825216000000000e+09
-5.199999976511312738e+00 2.572840192000000000e+09
-5.159999976691995727e+00 2.624472064000000000e+09
-5.119999976872676939e+00 2.294346240000000000e+09
-5.079999977053359039e+00 2.510018560000000000e+09
-5.039999977234042028e+00 8.066947584000000000e+09
-4.999999977414724128e+00 1.278250496000000000e+10
-4.959999977595407117e+00 1.390639001600000000e+10
-4.919999977776088329e+00 1.855524864000000000e+10
-4.879999977956770429e+00 1.932425625600000000e+10
-4.839999978137453418e+00 1.192519782400000000e+10
-4.799999978318134630e+00 1.281598054400000000e+10
-4.759999978498816731e+00 2.402420121600000000e+10
-4.719999978679499719e+00 4.753001267200000000e+10
-4.679999978860181820e+00 8.541170892800000000e+10
-4.639999979040864808e+00 1.003960401920000000e+11
-4.599999979221546020e+00 7.264489472000000000e+10
-4.559999979402228121e+00 3.792646963200000000e+10
-4.519999979582911109e+00 1.628257382400000000e+10
-4.479999979763593210e+00 7.633547264000000000e+09
-4.439999979944274422e+00 4.793232896000000000e+09
-4.399999980124957411e+00 4.572955648000000000e+09
-4.359999980305639511e+00 5.267945984000000000e+09
-4.319999980486322499e+00 5.576817152000000000e+09
-4.279999980667003712e+00 4.415531520000000000e+09
-4.239999980847685812e+00 2.060420096000000000e+09
-4.199999981028368801e+00 9.726504320000000000e+08
-4.159999981209050901e+00 2.061792512000000000e+09
-4.119999981389732113e+00 5.840371712000000000e+09
-4.079999981570415102e+00 8.205186048000000000e+09
-4.039999981751097202e+00 8.550475776000000000e+09
-3.999999981931778859e+00 7.307872768000000000e+09
-3.959999982112461847e+00 5.425479680000000000e+09
-3.919999982293143503e+00 3.538908416000000000e+09
-3.879999982473826936e+00 4.037671680000000000e+09
-3.839999982654508148e+00 5.855321600000000000e+09
-3.799999982835189805e+00 6.888583680000000000e+09
-3.759999983015873237e+00 1.307105894400000000e+10
-3.719999983196554894e+00 2.848929792000000000e+10
-3.679999983377236550e+00 4.843657625600000000e+10
-3.639999983557919538e+00 8.046211072000000000e+10
-3.599999983738601195e+00 1.202438963200000000e+11
-3.559999983919284627e+00 1.368755896320000000e+11
-3.519999984099966284e+00 1.162734059520000000e+11
-3.479999984280647940e+00 8.396389580800000000e+10
-3.439999984461330929e+00 4.396623872000000000e+10
-3.399999984642012585e+00 1.563721420800000000e+10
-3.359999984822694241e+00 1.535490944000000000e+09
-3.319999985003377230e+00 2.252002048000000000e+09
-3.279999985184058886e+00 5.404631040000000000e+09
-3.239999985364742319e+00 3.311579136000000000e+09
-3.199999985545423975e+00 1.395590560000000000e+08
-3.159999985726105631e+00 1.706038784000000000e+09
-3.119999985906788620e+00 4.535900160000000000e+09
-3.079999986087470276e+00 9.581376512000000000e+09
-3.039999986268151932e+00 1.776753049600000000e+10
-2.999999986448835365e+00 2.435224166400000000e+10
-2.959999986629517021e+00 2.518624870400000000e+10
-2.919999986810200010e+00 2.336264601600000000e+10
-2.879999986990881666e+00 2.045894860800000000e+10
-2.839999987171563323e+00 1.451018240000000000e+10
-2.799999987352246311e+00 9.826108416000000000e+09
-2.759999987532927967e+00 8.678146048000000000e+09
-2.719999987713609624e+00 1.448844492800000000e+10
-2.679999987894293056e+00 2.239675596800000000e+10
-2.639999988074974713e+00 2.445347840000000000e+10
-2.599999988255656369e+00 1.978218086400000000e+10
-2.559999988436339358e+00 1.419083264000000000e+10
-2.519999988617021014e+00 1.456580403200000000e+10
-2.479999988797704447e+00 1.005087744000000000e+10
-2.439999988978386103e+00 3.324820224000000000e+09
-2.399999989159067315e+00 1.791073484800000000e+10
-2.359999989339750748e+00 3.410082816000000000e+10
-2.319999989520432404e+00 1.369729945600000000e+10
-2.279999989701114060e+00 1.598481408000000000e+10
-2.239999989881797049e+00 5.454769356800000000e+10
-2.199999990062478705e+00 6.355044761600000000e+10
-2.159999990243162138e+00 6.885717606400000000e+10
-2.119999990423843794e+00 8.594089574400000000e+10
-2.079999990604525451e+00 1.052143206400000000e+11
-2.039999990785208439e+00 9.295391129600000000e+10
-1.999999990965890095e+00 5.434092748800000000e+10
-1.959999991146571752e+00 3.512857395200000000e+10
-1.919999991327254962e+00 2.858142515200000000e+10
-1.879999991507936619e+00 2.264428953600000000e+10
-1.839999991688619829e+00 9.913174016000000000e+09
-1.799999991869301486e+00 1.220420096000000000e+09
-1.759999992049983142e+00 2.715062528000000000e+09
-1.719999992230666352e+00 8.307061760000000000e+09
-1.679999992411347787e+00 1.436378624000000000e+10
-1.639999992592029443e+00 2.017675673600000000e+10
-1.599999992772712654e+00 1.847866368000000000e+10
-1.559999992953394310e+00 3.642879488000000000e+09
-1.519999993134077521e+00 9.146225664000000000e+09
-1.479999993314759177e+00 5.283921100800000000e+10
-1.439999993495440833e+00 8.274763776000000000e+10
-1.399999993676124044e+00 8.052348518400000000e+10
-1.359999993856805700e+00 5.657325977600000000e+10
-1.319999994037487356e+00 4.717256704000000000e+10
-1.279999994218170567e+00 3.968559923200000000e+10
-1.239999994398852223e+00 2.132672716800000000e+10
-1.199999994579533658e+00 3.104642560000000000e+09
-1.159999994760216868e+00 3.024200960000000000e+09
-1.119999994940898524e+00 1.207905894400000000e+10
-1.079999995121581735e+00 1.411609600000000000e+10
-1.039999995302263391e+00 2.574822195200000000e+10
-9.999999954829450477e-01 4.184470323200000000e+10
-9.599999956636282583e-01 4.609518387200000000e+10
-9.199999958443099146e-01 4.922296729600000000e+10
-8.799999960249915709e-01 5.510521241600000000e+10
-8.399999962056747815e-01 6.488220467200000000e+10
-7.999999963863563268e-01 7.514628915200000000e+10
-7.599999965670395374e-01 6.488354816000000000e+10
-7.199999967477211937e-01 4.160971571200000000e+10
-6.799999969284028500e-01 1.891500851200000000e+10
-6.399999971090860607e-01 7.811443200000000000e+09
-5.999999972897677170e-01 3.295788544000000000e+09
-5.599999974704492622e-01 1.547127808000000000e+09
-5.199999976511324729e-01 8.249640800000000000e+07
-4.799999978318141292e-01 4.978164736000000000e+09
-4.399999980124973398e-01 2.801040793600000000e+10
-3.999999981931789961e-01 6.529802649600000000e+10
-3.599999983738605969e-01 9.255102054400000000e+10
-3.199999985545438075e-01 9.349720473600000000e+10
-2.799999987352254638e-01 6.186838016000000000e+10
-2.399999989159070646e-01 2.917963366400000000e+10
-1.999999990965902752e-01 2.676741529600000000e+10
-1.599999992772719037e-01 3.460189388800000000e+10
-1.199999994579535323e-01 3.405753548800000000e+10
-7.999999963863674290e-02 3.029864243200000000e+10
-3.999999981931837145e-02 2.492751667200000000e+10
-1.577721810442023611e-15 2.130412748800000000e+10
3.999999981931678938e-02 1.800494080000000000e+10
7.999999963863516084e-02 9.655753728000000000e+09
1.199999994579519502e-01 5.509324800000000000e+08
1.599999992772703217e-01 6.023856128000000000e+09
1.999999990965886931e-01 2.441876889600000000e+10
2.399999989159054825e-01 4.617524428800000000e+10
2.799999987352238540e-01 5.414637977600000000e+10
3.199999985545406433e-01 4.974651392000000000e+10
3.599999983738590426e-01 3.366076620800000000e+10
3.999999981931773863e-01 3.629850624000000000e+10
4.399999980124941756e-01 2.878226841600000000e+10
4.799999978318125748e-01 3.081696768000000000e+09
5.199999976511309185e-01 9.690279936000000000e+09
5.599999974704477079e-01 3.899019264000000000e+10
5.999999972897660516e-01 4.622397849600000000e+10
6.399999971090828410e-01 2.842187980800000000e+10
6.799999969284012957e-01 4.083746406400000000e+10
7.199999967477196394e-01 6.661780275200000000e+10
7.599999965670364288e-01 1.028735139840000000e+11
7.999999963863547725e-01 1.237675786240000000e+11
8.399999962056731162e-01 9.674749542400000000e+10
8.799999960249899056e-01 4.251380531200000000e+10
9.199999958443083603e-01 8.847091712000000000e+09
9.599999956636251497e-01 7.745327200000000000e+07
9.999999954829434934e-01 1.703204096000000000e+09
1.039999995302261837e+00 2.371519232000000000e+09
1.079999995121578626e+00 2.480401152000000000e+09
1.119999994940896970e+00 1.553254912000000000e+09
1.159999994760215314e+00 1.320992768000000000e+09
1.199999994579532103e+00 1.045363712000000000e+10
1.239999994398850447e+00 3.051853004800000000e+10
1.279999994218169013e+00 4.501314355200000000e+10
1.319999994037487356e+00 4.955131494400000000e+10
1.359999993856802591e+00 5.611040358400000000e+10
1.399999993676120935e+00 6.687614566400000000e+10
1.439999993495439279e+00 6.890162585600000000e+10
1.479999993314757623e+00 3.970657075200000000e+10
1.519999993134075966e+00 1.921099571200000000e+10
1.559999992953391201e+00 1.748130201600000000e+10
1.599999992772709545e+00 2.118799974400000000e+10
1.639999992592027889e+00 1.386152550400000000e+10
1.679999992411346232e+00 7.329062912000000000e+09
1.719999992230664798e+00 2.294697164800000000e+10
1.759999992049983142e+00 3.519763660800000000e+10
1.799999991869298377e+00 3.313597644800000000e+10
1.839999991688616721e+00 2.566640230400000000e+10
1.879999991507935064e+00 2.288527564800000000e+10
1.919999991327253408e+00 3.072314777600000000e+10
1.959999991146571752e+00 6.501850726400000000e+10
1.999999990965886987e+00 1.016654397440000000e+11
2.039999990785205330e+00 7.302721536000000000e+10
2.079999990604523674e+00 2.870356377600000000e+10
2.119999990423842018e+00 1.439197696000000000e+10
2.159999990243160362e+00 1.808511795200000000e+10
2.199999990062475597e+00 1.666415308800000000e+10
2.239999989881793940e+00 5.433736192000000000e+09
2.279999989701112284e+00 9.120126976000000000e+09
2.319999989520430628e+00 2.335777792000000000e+10
2.359999989339748971e+00 5.133150208000000000e+10
2.399999989159067315e+00 8.760561664000000000e+10
2.439999988978382550e+00 9.154227404800000000e+10
2.479999988797700894e+00 7.787880448000000000e+10
2.519999988617019682e+00 4.225346355200000000e+10
2.559999988436338025e+00 2.774754508800000000e+10
2.599999988255656369e+00 1.812082278400000000e+10
2.639999988074971604e+00 6.767917056000000000e+09
2.679999987894289948e+00 6.598254720000000000e+08
2.719999987713608292e+00 1.481436672000000000e+09
2.759999987532926635e+00 5.767577600000000000e+09
2.799999987352244979e+00 1.035320012800000000e+10
2.839999987171563323e+00 2.434569625600000000e+10
2.879999986990878558e+00 5.172916224000000000e+10
2.919999986810196901e+00 8.163367321600000000e+10
2.959999986629515245e+00 7.587193651200000000e+10
2.999999986448833589e+00 4.790183116800000000e+10
3.039999986268151932e+00 2.041901465600000000e+10
3.079999986087467168e+00 5.688344576000000000e+09
3.119999985906785511e+00 1.891762304000000000e+09
3.159999985726103855e+00 1.901676960000000000e+08
3.199999985545422199e+00 4.607159808000000000e+09
3.239999985364740542e+00 3.444776140800000000e+10
3.279999985184055777e+00 7.630269644800000000e+10
3.319999985003374121e+00 1.024322928640000000e+11
3.359999984822692465e+00 7.907470540800000000e+10
3.399999984642010808e+00 3.691176345600000000e+10
3.439999984461329596e+00 6.748316160000000000e+09
3.479999984280647940e+00 1.156708480000000000e+09
3.519999984099963175e+00 1.400603852800000000e+10
3.559999983919281519e+00 3.600413491200000000e+10
3.599999983738599862e+00 5.848013619200000000e+10
3.639999983557918206e+00 7.627032166400000000e+10
3.679999983377236550e+00 8.151450419200000000e+10
3.719999983196551785e+00 6.993168793600000000e+10
3.759999983015870129e+00 5.640849408000000000e+10
3.799999982835188472e+00 4.762532659200000000e+10
3.839999982654506816e+00 3.775938969600000000e+10
3.879999982473825160e+00 2.276571545600000000e+10
3.919999982293143503e+00 9.933394944000000000e+09
3.959999982112458738e+00 6.279569920000000000e+09
3.999999981931777082e+00 6.094060544000000000e+09
4.039999981751095426e+00 5.324649472000000000e+09
4.079999981570414214e+00 2.907300608000000000e+09
4.119999981389732113e+00 4.471672320000000000e+09
4.159999981209047348e+00 6.887220736000000000e+09
4.199999981028366136e+00 7.106905088000000000e+09
4.239999980847684036e+00 6.106185216000000000e+09
4.279999980667002824e+00 7.663998976000000000e+09
4.319999980486320723e+00 9.893985280000000000e+09
4.359999980305635958e+00 8.194578432000000000e+09
4.399999980124954746e+00 5.618531328000000000e+09
4.439999979944272646e+00 7.001969152000000000e+09
4.479999979763591433e+00 6.972249088000000000e+09
4.519999979582909333e+00 5.516407808000000000e+09
4.559999979402228121e+00 1.514046054400000000e+10
4.599999979221543356e+00 2.488024473600000000e+10
4.639999979040861255e+00 3.287412736000000000e+10
4.679999978860180043e+00 4.368694886400000000e+10
4.719999978679497943e+00 5.383899545600000000e+10
4.759999978498816731e+00 5.671297024000000000e+10
4.799999978318131966e+00 4.911559475200000000e+10
4.839999978137449865e+00 3.780817305600000000e+10
4.879999977956768653e+00 2.170461388800000000e+10
4.919999977776087441e+00 8.229625856000000000e+09
4.959999977595405340e+00 2.569222144000000000e+09
4.999999977414724128e+00 8.963228672000000000e+09
5.039999977234039363e+00 2.333431808000000000e+10
5.079999977053357263e+00 3.834345472000000000e+10
5.119999976872676051e+00 4.221350297600000000e+10
5.159999976691993950e+00 3.215153561600000000e+10
5.199999976511312738e+00 2.085452185600000000e+10
5.239999976330627973e+00 8.819799040000000000e+09
5.279999976149945873e+00 1.912167808000000000e+09
5.319999975969264661e+00 4.708024320000000000e+09
5.359999975788582560e+00 1.500578611200000000e+10
5.399999975607901348e+00 2.136954060800000000e+10
5.439999975427216583e+00 2.574617190400000000e+10
5.479999975246534483e+00 2.440124416000000000e+10
5.519999975065853270e+00 1.571814502400000000e+10
5.559999974885171170e+00 1.592630169600000000e+10
5.599999974704489958e+00 2.437244518400000000e+10
5.639999974523807857e+00 3.168369049600000000e+10
5.679999974343123093e+00 3.431259750400000000e+10
5.719999974162441880e+00 2.830933401600000000e+10
5.759999973981759780e+00 3.448448204800000000e+10
5.799999973801078568e+00 6.708646297600000000e+10
5.839999973620396467e+00 9.518910668800000000e+10
5.879999973439711702e+00 8.664064819200000000e+10
5.919999973259030490e+00 6.065783193600000000e+10
5.959999973078349278e+00 3.686635110400000000e+10
5.999999972897667178e+00 2.262914457600000000e+10
6.039999972716985965e+00 1.628587110400000000e+10
6.079999972536301200e+00 1.325123379200000000e+10
6.119999972355619100e+00 9.590300672000000000e+09
6.159999972174937888e+00 4.956028928000000000e+09
6.199999971994255787e+00 1.720907392000000000e+09
6.239999971813574575e+00 9.550591360000000000e+08
6.279999971632892475e+00 1.320435584000000000e+09
6.319999971452207710e+00 1.868928512000000000e+09
6.359999971271526498e+00 2.802277888000000000e+09
6.399999971090844397e+00 5.553329152000000000e+09
6.439999970910163185e+00 9.571230720000000000e+09
6.479999970729481085e+00 1.362051072000000000e+10
6.519999970548796320e+00 1.696518553600000000e+10
6.559999970368115108e+00 1.775034982400000000e+10
6.599999970187433007e+00 1.537857740800000000e+10
6.639999970006751795e+00 1.454682419200000000e+10
6.679999969826069695e+00 1.413928243200000000e+10
6.719999969645388482e+00 1.027358924800000000e+10
6.759999969464703717e+00 4.467610624000000000e+09
6.799999969284021617e+00 1.130019712000000000e+09
6.839999969103340405e+00 1.608177536000000000e+09
6.879999968922659193e+00 5.165860352000000000e+09
6.919999968741977092e+00 1.053451571200000000e+10
6.959999968561292327e+00 1.089210777600000000e+10
6.999999968380611115e+00 1.107226726400000000e+10
7.039999968199929015e+00 1.527549542400000000e+10
7.079999968019247802e+00 1.742132224000000000e+10
7.119999967838565702e+00 1.190154342400000000e+10
7.159999967657880937e+00 1.519707340800000000e+10
7.199999967477199725e+00 3.144684339200000000e+10
7.239999967296517625e+00 4.783268249600000000e+10
7.279999967115836412e+00 5.555152486400000000e+10
7.319999966935154312e+00 5.668676812800000000e+10
7.359999966754473100e+00 5.568564428800000000e+10
7.399999966573788335e+00 5.292487884800000000e+10
7.439999966393106234e+00 4.573247897600000000e+10
7.479999966212425022e+00 3.251250176000000000e+10
7.519999966031742922e+00 1.967879987200000000e+10
7.559999965851061710e+00 9.943532544000000000e+09
7.599999965670376945e+00 3.167830528000000000e+09
7.639999965489694844e+00 5.312400000000000000e+08
7.679999965309013632e+00 9.146808960000000000e+08
7.719999965128331532e+00 1.322883200000000000e+09
7.759999964947650319e+00 9.001704320000000000e+08
7.799999964766968219e+00 9.837857920000000000e+08
7.839999964586283454e+00 1.147783808000000000e+09
7.879999964405602242e+00 5.496472320000000000e+08
7.919999964224921030e+00 6.992665600000000000e+07
7.959999964044238929e+00 5.692752640000000000e+08
7.999999963863557717e+00 1.857170560000000000e+09
8.039999963682872064e+00 2.436581888000000000e+09
8.079999963502190852e+00 1.215613568000000000e+09
8.119999963321509640e+00 1.471008640000000000e+08
8.159999963140828427e+00 2.028203904000000000e+09
8.199999962960145439e+00 7.520563200000000000e+09
8.239999962779460674e+00 1.858185830400000000e+10
8.279999962598779462e+00 3.727945728000000000e+10
8.319999962418098249e+00 5.993558425600000000e+10
8.359999962237417037e+00 7.304376320000000000e+10
8.399999962056734049e+00 6.790042009600000000e+10
8.439999961876052836e+00 5.046883123200000000e+10
8.479999961695368071e+00 3.306296115200000000e+10
8.519999961514686859e+00 1.975567974400000000e+10
8.559999961334005647e+00 1.006777856000000000e+10
8.599999961153322658e+00 4.252754944000000000e+09
8.639999960972641446e+00 1.399938432000000000e+09
8.679999960791956681e+00 4.245376000000000000e+08
8.719999960611275469e+00 3.549164160000000000e+08
8.759999960430594257e+00 4.464848960000000000e+08
8.799999960249911268e+00 4.602342080000000000e+08
8.839999960069230056e+00 4.217013760000000000e+08
8.879999959888548844e+00 2.690196160000000000e+08
8.919999959707864079e+00 3.884198000000000000e+07
8.959999959527182867e+00 2.584483520000000000e+08
8.999999959346501655e+00 1.792823168000000000e+09
9.039999959165818666e+00 3.766093056000000000e+09
9.079999958985137454e+00 3.615161344000000000e+09
9.119999958804452689e+00 1.658518784000000000e+09
9.159999958623771477e+00 2.496428032000000000e+09
9.199999958443090264e+00 1.013788262400000000e+10
9.239999958262407276e+00 2.439474585600000000e+10
9.279999958081726064e+00 4.130875801600000000e+10
9.319999957901041299e+00 5.091016704000000000e+10
9.359999957720360086e+00 4.771645849600000000e+10
9.399999957539678874e+00 3.507533824000000000e+10
9.439999957358995886e+00 2.265043148800000000e+10
9.479999957178314673e+00 1.419811635200000000e+10
9.519999956997633461e+00 9.092862976000000000e+09
9.559999956816948696e+00 6.620773888000000000e+09
9.599999956636267484e+00 6.030340096000000000e+09
9.639999956455584496e+00 6.714690560000000000e+09
9.679999956274903283e+00 8.027325952000000000e+09
9.719999956094222071e+00 9.302526976000000000e+09
9.759999955913537306e+00 9.940784128000000000e+09
9.799999955732856094e+00 9.467653120000000000e+09
9.839999955552174882e+00 8.042697216000000000e+09
9.879999955371491893e+00 6.125744640000000000e+09
9.919999955190810681e+00 4.271056896000000000e+09
9.959999955010125916e+00 2.962580480000000000e+09
9.999999954829444704e+00 2.233690368000000000e+09
1.003999995464876349e+01 1.899430272000000000e+09
1.007999995446808050e+01 1.775518592000000000e+09
1.011999995428739929e+01 1.738869376000000000e+09
1.015999995410671808e+01 1.662981632000000000e+09
1.019999995392603331e+01 1.526491264000000000e+09
1.023999995374535210e+01 1.441761920000000000e+09
1.027999995356466911e+01 1.371160192000000000e+09
1.031999995338398790e+01 1.367073408000000000e+09
1.035999995320330669e+01 1.490109056000000000e+09
1.039999995302262192e+01 1.681392896000000000e+09
1.043999995284194071e+01 1.960849920000000000e+09
1.047999995266125772e+01 2.342617600000000000e+09
1.051999995248057651e+01 2.804425728000000000e+09
1.055999995229989530e+01 3.304607488000000000e+09
1.059999995211921409e+01 3.768347136000000000e+09
1.063999995193852932e+01 4.119490048000000000e+09
1.067999995175784633e+01 4.234667520000000000e+09
1.071999995157716512e+01 4.080814592000000000e+09
1.075999995139648391e+01 3.763669504000000000e+09
1.079999995121580270e+01 3.461843712000000000e+09
1.083999995103511793e+01 3.316792832000000000e+09
1.087999995085443672e+01 3.508285440000000000e+09
1.091999995067375373e+01 4.156194560000000000e+09
1.095999995049307252e+01 5.415574016000000000e+09
1.099999995031239131e+01 7.558730752000000000e+09
1.103999995013170654e+01 1.049500979200000000e+10
1.107999994995102533e+01 1.385938636800000000e+10
1.111999994977034234e+01 1.676439552000000000e+10
1.115999994958966113e+01 1.750961561600000000e+10
1.119999994940897992e+01 1.542625075200000000e+10
1.123999994922829870e+01 1.172526489600000000e+10
1.127999994904761394e+01 8.002870272000000000e+09
1.131999994886693095e+01 5.190490624000000000e+09
1.135999994868624974e+01 3.615033856000000000e+09
1.139999994850556853e+01 3.218119680000000000e+09
1.143999994832488731e+01 3.691263744000000000e+09
1.147999994814420255e+01 4.611086336000000000e+09
1.151999994796351956e+01 5.414592000000000000e+09
1.155999994778283835e+01 5.848798720000000000e+09
1.159999994760215714e+01 5.982426624000000000e+09
1.163999994742147592e+01 5.834008064000000000e+09
1.167999994724079293e+01 5.502861312000000000e+09
1.171999994706010817e+01 5.122570240000000000e+09
1.175999994687942696e+01 4.606040064000000000e+09
1.179999994669874575e+01 3.941611520000000000e+09
1.183999994651806453e+01 3.235063040000000000e+09
1.187999994633738332e+01 2.548451328000000000e+09
1.191999994615669856e+01 2.000508800000000000e+09
1.195999994597601557e+01 1.631342976000000000e+09
1.199999994579533436e+01 1.455706496000000000e+09
1.203999994561465314e+01 1.469691264000000000e+09
1.207999994543397193e+01 1.651522944000000000e+09
1.211999994525328717e+01 1.945955840000000000e+09
1.215999994507260418e+01 2.305277696000000000e+09
1.219999994489192296e+01 2.660406016000000000e+09
1.223999994471124175e+01 2.960078592000000000e+09
1.227999994453056054e+01 3.111824128000000000e+09
1.231999994434987755e+01 3.114676480000000000e+09
1.235999994416919279e+01 3.000309248000000000e+09
1.239999994398851157e+01 2.769786880000000000e+09
1.243999994380783036e+01 2.512065024000000000e+09
1.247999994362714915e+01 2.259959808000000000e+09
1.251999994344646616e+01 2.034938880000000000e+09
1.255999994326578140e+01 1.871376128000000000e+09
1.259999994308510018e+01 1.761229440000000000e+09
1.263999994290441897e+01 1.676233600000000000e+09
1.267999994272373776e+01 1.640662912000000000e+09
1.271999994254305477e+01 1.604958208000000000e+09
1.275999994236237356e+01 1.535978240000000000e+09
