# x = Time (fs); y = Power (W)
-1.155999994778284012e+01 1.658769152000000000e+09
-1.151999994796352311e+01 1.795590016000000000e+09
-1.147999994814420432e+01 1.959591296000000000e+09
-1.143999994832488731e+01 2.129351680000000000e+09
-1.139999994850557030e+01 2.294349056000000000e+09
-1.135999994868625151e+01 2.458902528000000000e+09
-1.131999994886693450e+01 2.600008448000000000e+09
-1.127999994904761571e+01 2.725609216000000000e+09
-1.123999994922829870e+01 2.881334784000000000e+09
-1.119999994940898169e+01 2.997577984000000000e+09
-1.115999994958966290e+01 3.107219456000000000e+09
-1.111999994977034589e+01 3.170684928000000000e+09
-1.107999994995102711e+01 3.139315968000000000e+09
-1.103999995013171009e+01 3.035535360000000000e+09
-1.099999995031239131e+01 2.887251456000000000e+09
-1.095999995049307429e+01 2.671856128000000000e+09
-1.091999995067375551e+01 2.450274560000000000e+09
-1.087999995085443850e+01 2.239257856000000000e+09
-1.083999995103512148e+01 2.016434048000000000e+09
-1.079999995121580270e+01 1.823345152000000000e+09
-1.075999995139648568e+01 1.652285440000000000e+09
-1.071999995157716690e+01 1.471624832000000000e+09
-1.067999995175784989e+01 1.316545664000000000e+09
-1.063999995193853110e+01 1.198519424000000000e+09
-1.059999995211921409e+01 1.123083904000000000e+09
-1.055999995229989707e+01 1.133159936000000000e+09
-1.051999995248057829e+01 1.255959936000000000e+09
-1.047999995266126128e+01 1.503074048000000000e+09
-1.043999995284194249e+01 1.914460160000000000e+09
-1.039999995302262548e+01 2.550885632000000000e+09
-1.035999995320330669e+01 3.329238784000000000e+09
-1.031999995338398968e+01 4.181154304000000000e+09
-1.027999995356467089e+01 4.881867776000000000e+09
-1.023999995374535388e+01 5.203124224000000000e+09
-1.019999995392603687e+01 5.141530624000000000e+09
-1.015999995410671808e+01 4.804734976000000000e+09
-1.011999995428740107e+01 4.279168768000000000e+09
-1.007999995446808228e+01 3.718778880000000000e+09
-1.003999995464876527e+01 3.144121600000000000e+09
-9.999999954829448257e+00 2.577149184000000000e+09
-9.959999955010129469e+00 2.090220288000000000e+09
-9.919999955190810681e+00 1.687552384000000000e+09
-9.879999955371493670e+00 1.349493504000000000e+09
-9.839999955552174882e+00 1.115337088000000000e+09
-9.799999955732859647e+00 9.776392960000000000e+08
-9.759999955913540859e+00 9.062506880000000000e+08
-9.719999956094222071e+00 9.222325120000000000e+08
-9.679999956274905060e+00 9.899463040000000000e+08
-9.639999956455586272e+00 1.137581568000000000e+09
-9.599999956636269260e+00 1.366317056000000000e+09
-9.559999956816952249e+00 1.663860608000000000e+09
-9.519999956997633461e+00 1.993265408000000000e+09
-9.479999957178316450e+00 2.337942528000000000e+09
-9.439999957358997662e+00 2.596736000000000000e+09
-9.399999957539680651e+00 2.747328512000000000e+09
-9.359999957720363639e+00 2.850373632000000000e+09
-9.319999957901044851e+00 2.944873216000000000e+09
-9.279999958081726064e+00 3.109174784000000000e+09
-9.239999958262409052e+00 3.387654656000000000e+09
-9.199999958443092041e+00 3.612264960000000000e+09
-9.159999958623775029e+00 3.737374208000000000e+09
-9.119999958804456242e+00 3.708644096000000000e+09
-9.079999958985137454e+00 3.512098560000000000e+09
-9.039999959165818666e+00 3.329594880000000000e+09
-8.999999959346501655e+00 3.458070528000000000e+09
-8.959999959527186419e+00 3.864396544000000000e+09
-8.919999959707867632e+00 4.554353664000000000e+09
-8.879999959888548844e+00 5.492239872000000000e+09
-8.839999960069230056e+00 6.494609408000000000e+09
-8.799999960249913045e+00 7.298686976000000000e+09
-8.759999960430597810e+00 7.795627008000000000e+09
-8.719999960611279022e+00 8.281056768000000000e+09
-8.679999960791960234e+00 8.648178688000000000e+09
-8.639999960972641446e+00 9.149824000000000000e+09
-8.599999961153324435e+00 8.701254656000000000e+09
-8.559999961334007423e+00 7.754767872000000000e+09
-8.519999961514690412e+00 7.000551936000000000e+09
-8.479999961695371624e+00 6.264597504000000000e+09
-8.439999961876052836e+00 6.089396224000000000e+09
-8.399999962056734049e+00 6.526642176000000000e+09
-8.359999962237418814e+00 7.631866368000000000e+09
-8.319999962418101802e+00 9.449100288000000000e+09
-8.279999962598783014e+00 1.143113011200000000e+10
-8.239999962779464227e+00 1.271177728000000000e+10
-8.199999962960145439e+00 1.199373721600000000e+10
-8.159999963140828427e+00 9.253095424000000000e+09
-8.119999963321513192e+00 6.069630464000000000e+09
-8.079999963502194404e+00 3.574849280000000000e+09
-8.039999963682875617e+00 2.248576512000000000e+09
-7.999999963863557717e+00 2.018340608000000000e+09
-7.959999964044240706e+00 3.114716416000000000e+09
-7.919999964224921918e+00 5.472883200000000000e+09
-7.879999964405605795e+00 8.105717760000000000e+09
-7.839999964586287007e+00 9.693044736000000000e+09
-7.799999964766968219e+00 1.009865216000000000e+10
-7.759999964947650319e+00 9.881320448000000000e+09
-7.719999965128333308e+00 1.039153868800000000e+10
-7.679999965309016297e+00 1.037046067200000000e+10
-7.639999965489698397e+00 9.011198976000000000e+09
-7.599999965670379609e+00 6.295526912000000000e+09
-7.559999965851061710e+00 4.666871296000000000e+09
-7.519999966031744698e+00 4.930267136000000000e+09
-7.479999966212426799e+00 7.068420096000000000e+09
-7.439999966393109787e+00 9.969133568000000000e+09
-7.399999966573790999e+00 1.219750502400000000e+10
-7.359999966754473100e+00 1.300433100800000000e+10
-7.319999966935154312e+00 1.190713651200000000e+10
-7.279999967115837300e+00 8.388218368000000000e+09
-7.239999967296521177e+00 4.969435136000000000e+09
-7.199999967477202389e+00 3.097450752000000000e+09
-7.159999967657884490e+00 2.066314496000000000e+09
-7.119999967838565702e+00 1.336987392000000000e+09
-7.079999968019248691e+00 6.748479360000000000e+08
-7.039999968199931679e+00 1.492613920000000000e+08
-6.999999968380612891e+00 3.346085760000000000e+08
-6.959999968561295880e+00 2.070729472000000000e+09
-6.919999968741977980e+00 4.840227840000000000e+09
-6.879999968922660081e+00 7.565306880000000000e+09
-6.839999969103342181e+00 9.075926016000000000e+09
-6.799999969284024282e+00 9.745196032000000000e+09
-6.759999969464706382e+00 1.038773657600000000e+10
-6.719999969645389370e+00 9.628843008000000000e+09
-6.679999969826070583e+00 7.053768192000000000e+09
-6.639999970006753571e+00 3.722795776000000000e+09
-6.599999970187435672e+00 1.322564608000000000e+09
-6.559999970368116884e+00 7.004609920000000000e+08
-6.519999970548799872e+00 6.472243840000000000e+08
-6.479999970729481973e+00 3.550859200000000000e+08
-6.439999970910164961e+00 2.902510720000000000e+08
-6.399999971090846174e+00 1.087373440000000000e+09
-6.359999971271528274e+00 2.527589376000000000e+09
-6.319999971452211263e+00 3.584303872000000000e+09
-6.279999971632893363e+00 3.962128640000000000e+09
-6.239999971813575463e+00 5.061255680000000000e+09
-6.199999971994257564e+00 7.885953024000000000e+09
-6.159999972174939664e+00 1.104855961600000000e+10
-6.119999972355622653e+00 1.427184640000000000e+10
-6.079999972536303865e+00 1.661598310400000000e+10
-6.039999972716985965e+00 1.920178176000000000e+10
-5.999999972897668954e+00 2.084342579200000000e+10
-5.959999973078351054e+00 2.301450035200000000e+10
-5.919999973259033155e+00 2.476884377600000000e+10
-5.879999973439715255e+00 2.646284083200000000e+10
-5.839999973620396467e+00 2.710123929600000000e+10
-5.799999973801080344e+00 2.341055897600000000e+10
-5.759999973981761556e+00 1.434718924800000000e+10
-5.719999974162444545e+00 4.627676672000000000e+09
-5.679999974343126645e+00 2.313877504000000000e+09
-5.639999974523807857e+00 9.188936704000000000e+09
-5.599999974704491734e+00 1.875190784000000000e+10
-5.559999974885172946e+00 2.356831232000000000e+10
-5.519999975065855047e+00 1.823394611200000000e+10
-5.479999975246538035e+00 1.332062105600000000e+10
-5.439999975427219248e+00 2.070118400000000000e+10
-5.399999975607903124e+00 3.182479974400000000e+10
-5.359999975788584337e+00 3.252024524800000000e+10
-5.319999975969265549e+00 2.800077824000000000e+10
-5.279999976149949426e+00 1.664130867200000000e+10
-5.239999976330630638e+00 7.109035008000000000e+09
-5.199999976511312738e+00 6.180356608000000000e+09
-5.159999976691995727e+00 1.382652518400000000e+10
-5.119999976872676939e+00 2.165121638400000000e+10
-5.079999977053359039e+00 2.450002329600000000e+10
-5.039999977234042028e+00 2.177009459200000000e+10
-4.999999977414724128e+00 1.613952819200000000e+10
-4.959999977595407117e+00 1.160847769600000000e+10
-4.919999977776088329e+00 8.146048000000000000e+09
-4.879999977956770429e+00 6.869572608000000000e+09
-4.839999978137453418e+00 6.053286400000000000e+09
-4.799999978318134630e+00 3.607624192000000000e+09
-4.759999978498816731e+00 6.899918720000000000e+08
-4.719999978679499719e+00 6.143406720000000000e+08
-4.679999978860181820e+00 4.734948864000000000e+09
-4.639999979040864808e+00 1.440665907200000000e+10
-4.599999979221546020e+00 2.317871308800000000e+10
-4.559999979402228121e+00 2.211819724800000000e+10
-4.519999979582911109e+00 2.242096742400000000e+10
-4.479999979763593210e+00 3.166992588800000000e+10
-4.439999979944274422e+00 3.430803865600000000e+10
-4.399999980124957411e+00 1.911926988800000000e+10
-4.359999980305639511e+00 4.860291584000000000e+09
-4.319999980486322499e+00 1.228366848000000000e+09
-4.279999980667003712e+00 1.072071475200000000e+10
-4.239999980847685812e+00 2.439877427200000000e+10
-4.199999981028368801e+00 2.500891033600000000e+10
-4.159999981209050901e+00 1.689700352000000000e+10
-4.119999981389732113e+00 1.324396236800000000e+10
-4.079999981570415102e+00 1.528086937600000000e+10
-4.039999981751097202e+00 1.700512665600000000e+10
-3.999999981931778859e+00 1.633145753600000000e+10
-3.959999982112461847e+00 2.161774387200000000e+10
-3.919999982293143503e+00 3.415689216000000000e+10
-3.879999982473826936e+00 4.448276480000000000e+10
-3.839999982654508148e+00 4.886432563200000000e+10
-3.799999982835189805e+00 4.874948608000000000e+10
-3.759999983015873237e+00 4.492513689600000000e+10
-3.719999983196554894e+00 3.897581568000000000e+10
-3.679999983377236550e+00 2.728002560000000000e+10
-3.639999983557919538e+00 1.479951564800000000e+10
-3.599999983738601195e+00 8.223617024000000000e+09
-3.559999983919284627e+00 3.484656128000000000e+09
-3.519999984099966284e+00 9.293528960000000000e+08
-3.479999984280647940e+00 4.145973504000000000e+09
-3.439999984461330929e+00 1.223608627200000000e+10
-3.399999984642012585e+00 8.270022656000000000e+09
-3.359999984822694241e+00 7.191359488000000000e+09
-3.319999985003377230e+00 2.873663692800000000e+10
-3.279999985184058886e+00 5.656686592000000000e+10
-3.239999985364742319e+00 5.677857996800000000e+10
-3.199999985545423975e+00 3.622945587200000000e+10
-3.159999985726105631e+00 1.733180211200000000e+10
-3.119999985906788620e+00 6.329765888000000000e+09
-3.079999986087470276e+00 2.127859584000000000e+09
-3.039999986268151932e+00 6.913978880000000000e+08
-2.999999986448835365e+00 7.729648000000000000e+07
-2.959999986629517021e+00 1.976237824000000000e+09
-2.919999986810200010e+00 8.240850432000000000e+09
-2.879999986990881666e+00 1.744988364800000000e+10
-2.839999987171563323e+00 2.620212224000000000e+10
-2.799999987352246311e+00 3.176129740800000000e+10
-2.759999987532927967e+00 3.265050009600000000e+10
-2.719999987713609624e+00 2.938638540800000000e+10
-2.679999987894293056e+00 2.395072512000000000e+10
-2.639999988074974713e+00 1.875250995200000000e+10
-2.599999988255656369e+00 1.590329548800000000e+10
-2.559999988436339358e+00 1.355938611200000000e+10
-2.519999988617021014e+00 5.051184640000000000e+09
-2.479999988797704447e+00 1.047321280000000000e+08
-2.439999988978386103e+00 5.321020928000000000e+09
-2.399999989159067315e+00 1.277082009600000000e+10
-2.359999989339750748e+00 1.512598835200000000e+10
-2.319999989520432404e+00 1.799635353600000000e+10
-2.279999989701114060e+00 2.311193190400000000e+10
-2.239999989881797049e+00 4.250152140800000000e+10
-2.199999990062478705e+00 6.845361356800000000e+10
-2.159999990243162138e+00 8.114528256000000000e+10
-2.119999990423843794e+00 5.936007577600000000e+10
-2.079999990604525451e+00 3.528268185600000000e+10
-2.039999990785208439e+00 2.203763916800000000e+10
-1.999999990965890095e+00 1.575090380800000000e+10
-1.959999991146571752e+00 1.440201523200000000e+10
-1.919999991327254962e+00 1.284863283200000000e+10
-1.879999991507936619e+00 1.062188748800000000e+10
-1.839999991688619829e+00 5.493401088000000000e+09
-1.799999991869301486e+00 6.470532608000000000e+09
-1.759999992049983142e+00 4.187358464000000000e+09
-1.719999992230666352e+00 9.419523072000000000e+09
-1.679999992411347787e+00 1.792526540800000000e+10
-1.639999992592029443e+00 2.293446451200000000e+10
-1.599999992772712654e+00 1.454850150400000000e+10
-1.559999992953394310e+00 4.868387328000000000e+09
-1.519999993134077521e+00 5.984545177600000000e+10
-1.479999993314759177e+00 1.305227837440000000e+11
-1.439999993495440833e+00 1.428067614720000000e+11
-1.399999993676124044e+00 8.441808486400000000e+10
-1.359999993856805700e+00 2.960689152000000000e+10
-1.319999994037487356e+00 3.231644928000000000e+09
-1.279999994218170567e+00 1.666170470400000000e+10
-1.239999994398852223e+00 5.064495513600000000e+10
-1.199999994579533658e+00 6.650454835200000000e+10
-1.159999994760216868e+00 4.808256307200000000e+10
-1.119999994940898524e+00 2.220216320000000000e+10
-1.079999995121581735e+00 4.116055296000000000e+09
-1.039999995302263391e+00 2.066116320000000000e+08
-9.999999954829450477e-01 2.154010112000000000e+09
-9.599999956636282583e-01 6.734968320000000000e+09
-9.199999958443099146e-01 5.898295808000000000e+09
-8.799999960249915709e-01 3.371439360000000000e+09
-8.399999962056747815e-01 3.401438617600000000e+10
-7.999999963863563268e-01 4.075658035200000000e+10
-7.599999965670395374e-01 1.775278489600000000e+10
-7.199999967477211937e-01 3.880527462400000000e+10
-6.799999969284028500e-01 6.807908352000000000e+10
-6.399999971090860607e-01 5.194653696000000000e+10
-5.999999972897677170e-01 4.366783692800000000e+10
-5.599999974704492622e-01 6.622937497600000000e+10
-5.199999976511324729e-01 8.826345062400000000e+10
-4.799999978318141292e-01 8.093849190400000000e+10
-4.399999980124973398e-01 6.103107174400000000e+10
-3.999999981931789961e-01 3.993641779200000000e+10
-3.599999983738605969e-01 2.640121856000000000e+10
-3.199999985545438075e-01 1.294119526400000000e+10
-2.799999987352254638e-01 1.101303808000000000e+10
-2.399999989159070646e-01 1.903874457600000000e+10
-1.999999990965902752e-01 2.706089779200000000e+10
-1.599999992772719037e-01 1.999219302400000000e+10
-1.199999994579535323e-01 9.142401024000000000e+09
-7.999999963863674290e-02 5.990469120000000000e+09
-3.999999981931837145e-02 2.256990412800000000e+10
-1.577721810442023611e-15 1.241106432000000000e+10
3.999999981931678938e-02 8.731541504000000000e+09
7.999999963863516084e-02 9.146950451200000000e+10
1.199999994579519502e-01 1.412499537920000000e+11
1.599999992772703217e-01 1.337983877120000000e+11
1.999999990965886931e-01 1.057078722560000000e+11
2.399999989159054825e-01 7.382643507200000000e+10
2.799999987352238540e-01 3.593070592000000000e+10
3.199999985545406433e-01 1.413179084800000000e+10
3.599999983738590426e-01 1.857427660800000000e+10
3.999999981931773863e-01 2.039714406400000000e+10
4.399999980124941756e-01 1.153906995200000000e+10
4.799999978318125748e-01 1.986782208000000000e+10
5.199999976511309185e-01 2.562449612800000000e+10
5.599999974704477079e-01 2.631558963200000000e+10
5.999999972897660516e-01 2.613148876800000000e+10
6.399999971090828410e-01 2.418832179200000000e+10
6.799999969284012957e-01 2.249650995200000000e+10
7.199999967477196394e-01 2.936648704000000000e+10
7.599999965670364288e-01 3.668600012800000000e+10
7.999999963863547725e-01 2.884706713600000000e+10
8.399999962056731162e-01 3.252868300800000000e+10
8.799999960249899056e-01 6.555968716800000000e+10
9.199999958443083603e-01 9.311592448000000000e+10
9.599999956636251497e-01 6.468126310400000000e+10
9.999999954829434934e-01 3.531810816000000000e+10
1.039999995302261837e+00 6.173122969600000000e+10
1.079999995121578626e+00 7.614569676800000000e+10
1.119999994940896970e+00 6.005657190400000000e+10
1.159999994760215314e+00 4.316007219200000000e+10
1.199999994579532103e+00 3.155570278400000000e+10
1.239999994398850447e+00 2.418670592000000000e+10
1.279999994218169013e+00 2.098746982400000000e+10
1.319999994037487356e+00 2.541184000000000000e+10
1.359999993856802591e+00 2.733085286400000000e+10
1.399999993676120935e+00 2.051006259200000000e+10
1.439999993495439279e+00 1.071010304000000000e+10
1.479999993314757623e+00 2.933855436800000000e+10
1.519999993134075966e+00 7.039225856000000000e+10
1.559999992953391201e+00 9.132761907200000000e+10
1.599999992772709545e+00 8.255459328000000000e+10
1.639999992592027889e+00 6.372287283200000000e+10
1.679999992411346232e+00 4.368685875200000000e+10
1.719999992230664798e+00 2.002825216000000000e+10
1.759999992049983142e+00 4.386212352000000000e+09
1.799999991869298377e+00 1.532375168000000000e+09
1.839999991688616721e+00 9.132693504000000000e+09
1.879999991507935064e+00 1.622538444800000000e+10
1.919999991327253408e+00 1.667904921600000000e+10
1.959999991146571752e+00 1.169274470400000000e+10
1.999999990965886987e+00 5.713822208000000000e+09
2.039999990785205330e+00 2.405228800000000000e+09
2.079999990604523674e+00 1.363007872000000000e+09
2.119999990423842018e+00 1.896085760000000000e+08
2.159999990243160362e+00 4.172061184000000000e+09
2.199999990062475597e+00 1.148051456000000000e+10
2.239999989881793940e+00 7.741723648000000000e+09
2.279999989701112284e+00 1.765586176000000000e+09
2.319999989520430628e+00 1.822326374400000000e+10
2.359999989339748971e+00 3.840063078400000000e+10
2.399999989159067315e+00 5.825718272000000000e+10
2.439999988978382550e+00 8.882922291200000000e+10
2.479999988797700894e+00 1.142736977920000000e+11
2.519999988617019682e+00 7.834504396800000000e+10
2.559999988436338025e+00 5.597961216000000000e+09
2.599999988255656369e+00 2.939128832000000000e+10
2.639999988074971604e+00 1.099874140160000000e+11
2.679999987894289948e+00 1.598563942400000000e+11
2.719999987713608292e+00 1.553567744000000000e+11
2.759999987532926635e+00 1.109062123520000000e+11
2.799999987352244979e+00 5.644782796800000000e+10
2.839999987171563323e+00 2.100794982400000000e+10
2.879999986990878558e+00 1.012557004800000000e+10
2.919999986810196901e+00 1.218599014400000000e+10
2.959999986629515245e+00 1.238557184000000000e+10
2.999999986448833589e+00 1.335505715200000000e+10
3.039999986268151932e+00 1.118265139200000000e+10
3.079999986087467168e+00 9.778855936000000000e+09
3.119999985906785511e+00 6.036753920000000000e+09
3.159999985726103855e+00 3.084258048000000000e+09
3.199999985545422199e+00 2.842330880000000000e+09
3.239999985364740542e+00 9.033422848000000000e+09
3.279999985184055777e+00 2.580047667200000000e+10
3.319999985003374121e+00 5.436973875200000000e+10
3.359999984822692465e+00 8.456904704000000000e+10
3.399999984642010808e+00 9.072847257600000000e+10
3.439999984461329596e+00 7.129313280000000000e+10
3.479999984280647940e+00 4.701584998400000000e+10
3.519999984099963175e+00 2.866850611200000000e+10
3.559999983919281519e+00 1.701210828800000000e+10
3.599999983738599862e+00 9.979632640000000000e+09
3.639999983557918206e+00 4.765791232000000000e+09
3.679999983377236550e+00 1.579066624000000000e+09
3.719999983196551785e+00 2.694298880000000000e+09
3.759999983015870129e+00 3.175312384000000000e+09
3.799999982835188472e+00 1.330253696000000000e+09
3.839999982654506816e+00 2.769335552000000000e+09
3.879999982473825160e+00 7.630596096000000000e+09
3.919999982293143503e+00 9.110125568000000000e+09
3.959999982112458738e+00 7.767533056000000000e+09
3.999999981931777082e+00 7.258574848000000000e+09
4.039999981751095426e+00 5.488564224000000000e+09
4.079999981570414214e+00 1.195130470400000000e+10
4.119999981389732113e+00 2.982011289600000000e+10
4.159999981209047348e+00 5.778969804800000000e+10
4.199999981028366136e+00 8.697081036800000000e+10
4.239999980847684036e+00 9.408863436800000000e+10
4.279999980667002824e+00 6.910577049600000000e+10
4.319999980486320723e+00 3.758664089600000000e+10
4.359999980305635958e+00 2.298380902400000000e+10
4.399999980124954746e+00 2.128333824000000000e+10
4.439999979944272646e+00 1.576465510400000000e+10
4.479999979763591433e+00 3.440604160000000000e+09
4.519999979582909333e+00 2.104828416000000000e+09
4.559999979402228121e+00 8.793117696000000000e+09
4.599999979221543356e+00 1.694994227200000000e+10
4.639999979040861255e+00 2.071750041600000000e+10
4.679999978860180043e+00 8.488923136000000000e+09
4.719999978679497943e+00 4.701778432000000000e+09
4.759999978498816731e+00 1.760482508800000000e+10
4.799999978318131966e+00 6.126465024000000000e+10
4.839999978137449865e+00 1.294778286080000000e+11
4.879999977956768653e+00 1.336307548160000000e+11
4.919999977776087441e+00 7.706541260800000000e+10
4.959999977595405340e+00 2.940629811200000000e+10
4.999999977414724128e+00 7.151422464000000000e+09
5.039999977234039363e+00 4.564881408000000000e+09
5.079999977053357263e+00 5.897710080000000000e+09
5.119999976872676051e+00 4.259266560000000000e+09
5.159999976691993950e+00 1.139868057600000000e+10
5.199999976511312738e+00 2.981260697600000000e+10
5.239999976330627973e+00 4.676755865600000000e+10
5.279999976149945873e+00 5.322116300800000000e+10
5.319999975969264661e+00 5.062849331200000000e+10
5.359999975788582560e+00 4.129518796800000000e+10
5.399999975607901348e+00 2.792110899200000000e+10
5.439999975427216583e+00 1.274635878400000000e+10
5.479999975246534483e+00 2.910874880000000000e+09
5.519999975065853270e+00 1.935866496000000000e+09
5.559999974885171170e+00 7.692365312000000000e+09
5.599999974704489958e+00 1.789408870400000000e+10
5.639999974523807857e+00 3.029562982400000000e+10
5.679999974343123093e+00 2.823597670400000000e+10
5.719999974162441880e+00 1.002760089600000000e+10
5.759999973981759780e+00 1.500240512000000000e+09
5.799999973801078568e+00 1.530098790400000000e+10
5.839999973620396467e+00 3.817163571200000000e+10
5.879999973439711702e+00 6.290542182400000000e+10
5.919999973259030490e+00 7.058663014400000000e+10
5.959999973078349278e+00 6.484205568000000000e+10
5.999999972897667178e+00 5.682122342400000000e+10
6.039999972716985965e+00 4.400952115200000000e+10
6.079999972536301200e+00 2.767437824000000000e+10
6.119999972355619100e+00 1.273858560000000000e+10
6.159999972174937888e+00 4.249067776000000000e+09
6.199999971994255787e+00 1.109891200000000000e+09
6.239999971813574575e+00 3.825102720000000000e+08
6.279999971632892475e+00 5.429518720000000000e+08
6.319999971452207710e+00 7.586601600000000000e+08
6.359999971271526498e+00 1.146804352000000000e+09
6.399999971090844397e+00 2.168389632000000000e+09
6.439999970910163185e+00 3.271074048000000000e+09
6.479999970729481085e+00 4.474515456000000000e+09
6.519999970548796320e+00 1.455338086400000000e+10
6.559999970368115108e+00 2.959735603200000000e+10
6.599999970187433007e+00 2.363443404800000000e+10
6.639999970006751795e+00 1.874950758400000000e+10
6.679999969826069695e+00 4.200644608000000000e+10
6.719999969645388482e+00 8.367062220800000000e+10
6.759999969464703717e+00 1.130082304000000000e+11
6.799999969284021617e+00 1.040992256000000000e+11
6.839999969103340405e+00 6.272733184000000000e+10
6.879999968922659193e+00 2.911108710400000000e+10
6.919999968741977092e+00 1.107039846400000000e+10
6.959999968561292327e+00 4.049989888000000000e+09
6.999999968380611115e+00 2.713699584000000000e+09
7.039999968199929015e+00 3.209019392000000000e+09
7.079999968019247802e+00 3.250114560000000000e+09
7.119999967838565702e+00 2.521509120000000000e+09
7.159999967657880937e+00 1.758775808000000000e+09
7.199999967477199725e+00 1.319417856000000000e+09
7.239999967296517625e+00 1.206375552000000000e+09
7.279999967115836412e+00 1.546021376000000000e+09
7.319999966935154312e+00 1.352936704000000000e+09
7.359999966754473100e+00 1.094169600000000000e+09
7.399999966573788335e+00 4.104465600000000000e+08
7.439999966393106234e+00 2.486365120000000000e+08
7.479999966212425022e+00 9.724576000000000000e+08
7.519999966031742922e+00 4.048414720000000000e+09
7.559999965851061710e+00 9.763117056000000000e+09
7.599999965670376945e+00 1.947620966400000000e+10
7.639999965489694844e+00 2.803340288000000000e+10
7.679999965309013632e+00 2.910022451200000000e+10
7.719999965128331532e+00 2.120031846400000000e+10
7.759999964947650319e+00 1.067121356800000000e+10
7.799999964766968219e+00 6.093637632000000000e+09
7.839999964586283454e+00 6.637398016000000000e+09
7.879999964405602242e+00 9.041775616000000000e+09
7.919999964224921030e+00 1.171598336000000000e+10
7.959999964044238929e+00 1.245823590400000000e+10
7.999999963863557717e+00 1.045397708800000000e+10
8.039999963682872064e+00 9.116794880000000000e+09
8.079999963502190852e+00 9.787855872000000000e+09
8.119999963321509640e+00 1.462707404800000000e+10
8.159999963140828427e+00 2.353911193600000000e+10
8.199999962960145439e+00 2.960208896000000000e+10
8.239999962779460674e+00 2.754876211200000000e+10
8.279999962598779462e+00 1.904623206400000000e+10
8.319999962418098249e+00 1.043103027200000000e+10
8.359999962237417037e+00 6.742487040000000000e+09
8.399999962056734049e+00 7.564307456000000000e+09
8.439999961876052836e+00 1.161964339200000000e+10
8.479999961695368071e+00 1.711311257600000000e+10
8.519999961514686859e+00 2.088149401600000000e+10
8.559999961334005647e+00 1.979535564800000000e+10
8.599999961153322658e+00 1.489888870400000000e+10
8.639999960972641446e+00 9.556362240000000000e+09
8.679999960791956681e+00 5.497313792000000000e+09
8.719999960611275469e+00 2.720183040000000000e+09
8.759999960430594257e+00 1.370878976000000000e+09
8.799999960249911268e+00 2.105310720000000000e+09
8.839999960069230056e+00 4.841400320000000000e+09
8.879999959888548844e+00 8.892626944000000000e+09
8.919999959707864079e+00 1.459635097600000000e+10
8.959999959527182867e+00 2.088514764800000000e+10
8.999999959346501655e+00 2.635383603200000000e+10
9.039999959165818666e+00 2.895481446400000000e+10
9.079999958985137454e+00 2.782291968000000000e+10
9.119999958804452689e+00 2.363060633600000000e+10
9.159999958623771477e+00 1.781318860800000000e+10
9.199999958443090264e+00 1.252734873600000000e+10
9.239999958262407276e+00 8.691152896000000000e+09
9.279999958081726064e+00 6.416795648000000000e+09
9.319999957901041299e+00 4.445801472000000000e+09
9.359999957720360086e+00 1.647634176000000000e+09
9.399999957539678874e+00 1.096850640000000000e+08
9.439999957358995886e+00 2.147715584000000000e+09
9.479999957178314673e+00 7.848202240000000000e+09
9.519999956997633461e+00 1.484426240000000000e+10
9.559999956816948696e+00 2.046461132800000000e+10
9.599999956636267484e+00 2.290129510400000000e+10
9.639999956455584496e+00 2.241874739200000000e+10
9.679999956274903283e+00 1.952892313600000000e+10
9.719999956094222071e+00 1.564806144000000000e+10
9.759999955913537306e+00 1.236959232000000000e+10
9.799999955732856094e+00 9.952552960000000000e+09
9.839999955552174882e+00 8.458315264000000000e+09
9.879999955371491893e+00 7.303121920000000000e+09
9.919999955190810681e+00 6.386452480000000000e+09
9.959999955010125916e+00 6.189973504000000000e+09
9.999999954829444704e+00 6.713861632000000000e+09
1.003999995464876349e+01 7.976270336000000000e+09
1.007999995446808050e+01 9.800815616000000000e+09
1.011999995428739929e+01 1.087470899200000000e+10
1.015999995410671808e+01 1.064907571200000000e+10
1.019999995392603331e+01 9.335473152000000000e+09
1.023999995374535210e+01 7.680154624000000000e+09
1.027999995356466911e+01 7.181513728000000000e+09
1.031999995338398790e+01 8.490804224000000000e+09
1.035999995320330669e+01 1.090429132800000000e+10
1.039999995302262192e+01 1.271904563200000000e+10
1.043999995284194071e+01 1.180819046400000000e+10
1.047999995266125772e+01 9.046160384000000000e+09
1.051999995248057651e+01 6.159539200000000000e+09
1.055999995229989530e+01 3.840340992000000000e+09
1.059999995211921409e+01 2.308787200000000000e+09
1.063999995193852932e+01 1.420578944000000000e+09
1.067999995175784633e+01 9.882922880000000000e+08
1.071999995157716512e+01 8.423939840000000000e+08
1.075999995139648391e+01 8.410839680000000000e+08
1.079999995121580270e+01 8.328651520000000000e+08
1.083999995103511793e+01 7.676101120000000000e+08
1.087999995085443672e+01 6.260453760000000000e+08
1.091999995067375373e+01 3.929574720000000000e+08
1.095999995049307252e+01 1.505086560000000000e+08
1.099999995031239131e+01 1.285573600000000000e+07
1.103999995013170654e+01 1.003595840000000000e+08
1.107999994995102533e+01 5.397591040000000000e+08
1.111999994977034234e+01 1.403159808000000000e+09
1.115999994958966113e+01 2.773176832000000000e+09
1.119999994940897992e+01 4.707725312000000000e+09
1.123999994922829870e+01 7.096908800000000000e+09
1.127999994904761394e+01 9.660680192000000000e+09
1.131999994886693095e+01 1.160139059200000000e+10
1.135999994868624974e+01 1.226797056000000000e+10
1.139999994850556853e+01 1.156696883200000000e+10
1.143999994832488731e+01 9.907280896000000000e+09
1.147999994814420255e+01 7.901913600000000000e+09
1.151999994796351956e+01 6.127670784000000000e+09
1.155999994778283835e+01 4.741588992000000000e+09
1.159999994760215714e+01 3.733844224000000000e+09
1.163999994742147592e+01 3.078629888000000000e+09
1.167999994724079293e+01 2.701578240000000000e+09
1.171999994706010817e+01 2.515764224000000000e+09
1.175999994687942696e+01 2.497806848000000000e+09
1.179999994669874575e+01 2.614534656000000000e+09
1.183999994651806453e+01 2.837959424000000000e+09
1.187999994633738332e+01 3.148729088000000000e+09
1.191999994615669856e+01 3.532002048000000000e+09
1.195999994597601557e+01 3.976149248000000000e+09
1.199999994579533436e+01 4.442924032000000000e+09
1.203999994561465314e+01 4.927083520000000000e+09
1.207999994543397193e+01 5.418761728000000000e+09
1.211999994525328717e+01 5.877819392000000000e+09
1.215999994507260418e+01 6.296998400000000000e+09
1.219999994489192296e+01 6.615755776000000000e+09
1.223999994471124175e+01 6.784229888000000000e+09
1.227999994453056054e+01 6.720126976000000000e+09
1.231999994434987755e+01 6.293270016000000000e+09
1.235999994416919279e+01 5.545453568000000000e+09
1.239999994398851157e+01 4.510913024000000000e+09
1.243999994380783036e+01 3.370514176000000000e+09
