# x = Time (fs); y = Power (W)
-1.155999994778284012e+01 1.954156928000000000e+09
-1.151999994796352311e+01 2.108824320000000000e+09
-1.147999994814420432e+01 2.223441408000000000e+09
-1.143999994832488731e+01 2.288061952000000000e+09
-1.139999994850557030e+01 2.285571584000000000e+09
-1.135999994868625151e+01 2.194501376000000000e+09
-1.131999994886693450e+01 2.045040256000000000e+09
-1.127999994904761571e+01 1.879690368000000000e+09
-1.123999994922829870e+01 1.708558464000000000e+09
-1.119999994940898169e+01 1.544813440000000000e+09
-1.115999994958966290e+01 1.429165056000000000e+09
-1.111999994977034589e+01 1.340211328000000000e+09
-1.107999994995102711e+01 1.273933184000000000e+09
-1.103999995013171009e+01 1.260570368000000000e+09
-1.099999995031239131e+01 1.267051008000000000e+09
-1.095999995049307429e+01 1.314464000000000000e+09
-1.091999995067375551e+01 1.404670848000000000e+09
-1.087999995085443850e+01 1.536120704000000000e+09
-1.083999995103512148e+01 1.738626944000000000e+09
-1.079999995121580270e+01 1.994027648000000000e+09
-1.075999995139648568e+01 2.325961728000000000e+09
-1.071999995157716690e+01 2.705379840000000000e+09
-1.067999995175784989e+01 3.043715328000000000e+09
-1.063999995193853110e+01 3.261437184000000000e+09
-1.059999995211921409e+01 3.259256576000000000e+09
-1.055999995229989707e+01 2.956825344000000000e+09
-1.051999995248057829e+01 2.432674304000000000e+09
-1.047999995266126128e+01 1.826854016000000000e+09
-1.043999995284194249e+01 1.235255552000000000e+09
-1.039999995302262548e+01 7.818277120000000000e+08
-1.035999995320330669e+01 4.704923840000000000e+08
-1.031999995338398968e+01 2.910872000000000000e+08
-1.027999995356467089e+01 2.605646880000000000e+08
-1.023999995374535388e+01 4.279737280000000000e+08
-1.019999995392603687e+01 9.380435200000000000e+08
-1.015999995410671808e+01 2.003941376000000000e+09
-1.011999995428740107e+01 3.851134720000000000e+09
-1.007999995446808228e+01 6.287029760000000000e+09
-1.003999995464876527e+01 8.302546944000000000e+09
-9.999999954829448257e+00 9.206588416000000000e+09
-9.959999955010129469e+00 8.683143168000000000e+09
-9.919999955190810681e+00 7.221329408000000000e+09
-9.879999955371493670e+00 5.348610560000000000e+09
-9.839999955552174882e+00 3.563837696000000000e+09
-9.799999955732859647e+00 2.262424064000000000e+09
-9.759999955913540859e+00 1.395789312000000000e+09
-9.719999956094222071e+00 9.361884160000000000e+08
-9.679999956274905060e+00 7.468291840000000000e+08
-9.639999956455586272e+00 7.389887360000000000e+08
-9.599999956636269260e+00 8.971271040000000000e+08
-9.559999956816952249e+00 1.237913216000000000e+09
-9.519999956997633461e+00 1.809297024000000000e+09
-9.479999957178316450e+00 2.642378496000000000e+09
-9.439999957358997662e+00 3.794470400000000000e+09
-9.399999957539680651e+00 5.098746880000000000e+09
-9.359999957720363639e+00 6.109849088000000000e+09
-9.319999957901044851e+00 6.409877504000000000e+09
-9.279999958081726064e+00 5.946870272000000000e+09
-9.239999958262409052e+00 4.798955520000000000e+09
-9.199999958443092041e+00 3.233385728000000000e+09
-9.159999958623775029e+00 1.748352768000000000e+09
-9.119999958804456242e+00 7.599516160000000000e+08
-9.079999958985137454e+00 3.323593280000000000e+08
-9.039999959165818666e+00 2.729680320000000000e+08
-8.999999959346501655e+00 3.710149760000000000e+08
-8.959999959527186419e+00 5.629055360000000000e+08
-8.919999959707867632e+00 8.549111040000000000e+08
-8.879999959888548844e+00 1.227109888000000000e+09
-8.839999960069230056e+00 1.793909760000000000e+09
-8.799999960249913045e+00 2.821406208000000000e+09
-8.759999960430597810e+00 4.495309824000000000e+09
-8.719999960611279022e+00 6.558874112000000000e+09
-8.679999960791960234e+00 8.641651712000000000e+09
-8.639999960972641446e+00 1.040250265600000000e+10
-8.599999961153324435e+00 1.113592729600000000e+10
-8.559999961334007423e+00 1.077956300800000000e+10
-8.519999961514690412e+00 9.579864064000000000e+09
-8.479999961695371624e+00 7.494967808000000000e+09
-8.439999961876052836e+00 4.901964800000000000e+09
-8.399999962056734049e+00 2.355247360000000000e+09
-8.359999962237418814e+00 7.810225920000000000e+08
-8.319999962418101802e+00 3.090040320000000000e+08
-8.279999962598783014e+00 3.087115840000000000e+08
-8.239999962779464227e+00 2.483097600000000000e+08
-8.199999962960145439e+00 2.197615200000000000e+08
-8.159999963140828427e+00 4.340350400000000000e+08
-8.119999963321513192e+00 8.629339520000000000e+08
-8.079999963502194404e+00 1.568909824000000000e+09
-8.039999963682875617e+00 2.668369920000000000e+09
-7.999999963863557717e+00 3.710770432000000000e+09
-7.959999964044240706e+00 4.600795136000000000e+09
-7.919999964224921918e+00 5.598619136000000000e+09
-7.879999964405605795e+00 7.226744832000000000e+09
-7.839999964586287007e+00 1.108864716800000000e+10
-7.799999964766968219e+00 1.709092352000000000e+10
-7.759999964947650319e+00 2.160303308800000000e+10
-7.719999965128333308e+00 2.294693683200000000e+10
-7.679999965309016297e+00 2.237125836800000000e+10
-7.639999965489698397e+00 2.153811353600000000e+10
-7.599999965670379609e+00 2.069874892800000000e+10
-7.559999965851061710e+00 1.874701312000000000e+10
-7.519999966031744698e+00 1.576528281600000000e+10
-7.479999966212426799e+00 1.232678400000000000e+10
-7.439999966393109787e+00 9.030486016000000000e+09
-7.399999966573790999e+00 6.448079872000000000e+09
-7.359999966754473100e+00 4.168926976000000000e+09
-7.319999966935154312e+00 2.353982976000000000e+09
-7.279999967115837300e+00 1.253299328000000000e+09
-7.239999967296521177e+00 6.745527040000000000e+08
-7.199999967477202389e+00 2.711330240000000000e+08
-7.159999967657884490e+00 3.748627600000000000e+07
-7.119999967838565702e+00 9.327666000000000000e+06
-7.079999968019248691e+00 2.566426750000000000e+06
-7.039999968199931679e+00 2.162787840000000000e+08
-6.999999968380612891e+00 1.097993472000000000e+09
-6.959999968561295880e+00 2.338609920000000000e+09
-6.919999968741977980e+00 1.700339328000000000e+09
-6.879999968922660081e+00 1.521576192000000000e+09
-6.839999969103342181e+00 7.097903616000000000e+09
-6.799999969284024282e+00 1.882919526400000000e+10
-6.759999969464706382e+00 3.185261158400000000e+10
-6.719999969645389370e+00 3.850451353600000000e+10
-6.679999969826070583e+00 3.716671078400000000e+10
-6.639999970006753571e+00 2.716268544000000000e+10
-6.599999970187435672e+00 1.103852544000000000e+10
-6.559999970368116884e+00 1.743109248000000000e+09
-6.519999970548799872e+00 3.652599360000000000e+08
-6.479999970729481973e+00 3.184958464000000000e+09
-6.439999970910164961e+00 1.729646592000000000e+10
-6.399999971090846174e+00 4.137862348800000000e+10
-6.359999971271528274e+00 5.310421811200000000e+10
-6.319999971452211263e+00 4.704031948800000000e+10
-6.279999971632893363e+00 3.234746982400000000e+10
-6.239999971813575463e+00 2.291851673600000000e+10
-6.199999971994257564e+00 1.699505868800000000e+10
-6.159999972174939664e+00 1.360738406400000000e+10
-6.119999972355622653e+00 1.190027161600000000e+10
-6.079999972536303865e+00 1.119981568000000000e+10
-6.039999972716985965e+00 8.066534912000000000e+09
-5.999999972897668954e+00 4.205111040000000000e+09
-5.959999973078351054e+00 1.960497024000000000e+09
-5.919999973259033155e+00 1.258740864000000000e+09
-5.879999973439715255e+00 4.458825600000000000e+08
-5.839999973620396467e+00 2.463326560000000000e+08
-5.799999973801080344e+00 2.564743680000000000e+09
-5.759999973981761556e+00 8.420578816000000000e+09
-5.719999974162444545e+00 1.693674086400000000e+10
-5.679999974343126645e+00 2.622340096000000000e+10
-5.639999974523807857e+00 3.455849676800000000e+10
-5.599999974704491734e+00 3.475303628800000000e+10
-5.559999974885172946e+00 3.227635712000000000e+10
-5.519999975065855047e+00 2.586416332800000000e+10
-5.479999975246538035e+00 1.872884121600000000e+10
-5.439999975427219248e+00 1.426772992000000000e+10
-5.399999975607903124e+00 1.342476288000000000e+10
-5.359999975788584337e+00 1.275370496000000000e+10
-5.319999975969265549e+00 9.042624512000000000e+09
-5.279999976149949426e+00 3.654284800000000000e+09
-5.239999976330630638e+00 3.347996160000000000e+08
-5.199999976511312738e+00 4.992346240000000000e+08
-5.159999976691995727e+00 2.836897792000000000e+09
-5.119999976872676939e+00 5.632712704000000000e+09
-5.079999977053359039e+00 6.022395392000000000e+09
-5.039999977234042028e+00 7.099189760000000000e+09
-4.999999977414724128e+00 1.209777664000000000e+10
-4.959999977595407117e+00 1.704740249600000000e+10
-4.919999977776088329e+00 1.826683699200000000e+10
-4.879999977956770429e+00 1.641475788800000000e+10
-4.839999978137453418e+00 1.351592652800000000e+10
-4.799999978318134630e+00 1.054745088000000000e+10
-4.759999978498816731e+00 8.231171584000000000e+09
-4.719999978679499719e+00 8.574785536000000000e+09
-4.679999978860181820e+00 8.250600960000000000e+09
-4.639999979040864808e+00 7.248790528000000000e+09
-4.599999979221546020e+00 4.081147136000000000e+09
-4.559999979402228121e+00 1.679854848000000000e+09
-4.519999979582911109e+00 1.742308608000000000e+09
-4.479999979763593210e+00 4.898849792000000000e+09
-4.439999979944274422e+00 9.465298944000000000e+09
-4.399999980124957411e+00 1.109240832000000000e+10
-4.359999980305639511e+00 7.073591296000000000e+09
-4.319999980486322499e+00 8.652807168000000000e+09
-4.279999980667003712e+00 1.445614694400000000e+10
-4.239999980847685812e+00 1.046537830400000000e+10
-4.199999981028368801e+00 5.428646912000000000e+09
-4.159999981209050901e+00 2.907560755200000000e+10
-4.119999981389732113e+00 5.968772710400000000e+10
-4.079999981570415102e+00 6.834269388800000000e+10
-4.039999981751097202e+00 6.664350515200000000e+10
-3.999999981931778859e+00 6.707967590400000000e+10
-3.959999982112461847e+00 6.871338188800000000e+10
-3.919999982293143503e+00 5.803769036800000000e+10
-3.879999982473826936e+00 3.817170124800000000e+10
-3.839999982654508148e+00 2.002768076800000000e+10
-3.799999982835189805e+00 1.060494950400000000e+10
-3.759999983015873237e+00 7.830937088000000000e+09
-3.719999983196554894e+00 5.053451264000000000e+09
-3.679999983377236550e+00 3.057722624000000000e+09
-3.639999983557919538e+00 5.315530240000000000e+09
-3.599999983738601195e+00 5.967780352000000000e+09
-3.559999983919284627e+00 3.327250688000000000e+09
-3.519999984099966284e+00 2.081770496000000000e+09
-3.479999984280647940e+00 4.332710912000000000e+09
-3.439999984461330929e+00 8.491938816000000000e+09
-3.399999984642012585e+00 1.429058969600000000e+10
-3.359999984822694241e+00 2.400126156800000000e+10
-3.319999985003377230e+00 2.714354892800000000e+10
-3.279999985184058886e+00 2.115584204800000000e+10
-3.239999985364742319e+00 8.609281024000000000e+09
-3.199999985545423975e+00 1.737638016000000000e+09
-3.159999985726105631e+00 3.383965440000000000e+08
-3.119999985906788620e+00 1.211226624000000000e+09
-3.079999986087470276e+00 1.021882752000000000e+09
-3.039999986268151932e+00 1.840556032000000000e+09
-2.999999986448835365e+00 9.864514560000000000e+09
-2.959999986629517021e+00 1.373896908800000000e+10
-2.919999986810200010e+00 1.995059609600000000e+10
-2.879999986990881666e+00 5.659854028800000000e+10
-2.839999987171563323e+00 8.290680832000000000e+10
-2.799999987352246311e+00 8.207091302400000000e+10
-2.759999987532927967e+00 7.093592064000000000e+10
-2.719999987713609624e+00 5.700507238400000000e+10
-2.679999987894293056e+00 4.944486809600000000e+10
-2.639999988074974713e+00 4.763478425600000000e+10
-2.599999988255656369e+00 3.982517862400000000e+10
-2.559999988436339358e+00 3.994308608000000000e+10
-2.519999988617021014e+00 4.624658432000000000e+10
-2.479999988797704447e+00 5.130334617600000000e+10
-2.439999988978386103e+00 5.427769344000000000e+10
-2.399999989159067315e+00 4.939663769600000000e+10
-2.359999989339750748e+00 3.770054656000000000e+10
-2.319999989520432404e+00 2.409739059200000000e+10
-2.279999989701114060e+00 1.024586444800000000e+10
-2.239999989881797049e+00 4.548249600000000000e+09
-2.199999990062478705e+00 6.476180480000000000e+09
-2.159999990243162138e+00 9.175779328000000000e+09
-2.119999990423843794e+00 7.920630784000000000e+09
-2.079999990604525451e+00 4.540143616000000000e+09
-2.039999990785208439e+00 1.041225600000000000e+09
-1.999999990965890095e+00 1.854121440000000000e+08
-1.959999991146571752e+00 3.765881088000000000e+09
-1.919999991327254962e+00 8.830482432000000000e+09
-1.879999991507936619e+00 9.597615104000000000e+09
-1.839999991688619829e+00 1.490213683200000000e+10
-1.799999991869301486e+00 2.555154432000000000e+10
-1.759999992049983142e+00 2.722459033600000000e+10
-1.719999992230666352e+00 2.215996211200000000e+10
-1.679999992411347787e+00 3.536824729600000000e+10
-1.639999992592029443e+00 4.402548326400000000e+10
-1.599999992772712654e+00 2.762288128000000000e+10
-1.559999992953394310e+00 2.063111372800000000e+10
-1.519999993134077521e+00 2.182769868800000000e+10
-1.479999993314759177e+00 2.614374604800000000e+10
-1.439999993495440833e+00 4.469130444800000000e+10
-1.399999993676124044e+00 7.246967603200000000e+10
-1.359999993856805700e+00 1.049726402560000000e+11
-1.319999994037487356e+00 9.131052236800000000e+10
-1.279999994218170567e+00 4.848535142400000000e+10
-1.239999994398852223e+00 1.447118540800000000e+10
-1.199999994579533658e+00 3.423579392000000000e+09
-1.159999994760216868e+00 2.383084288000000000e+09
-1.119999994940898524e+00 3.765609472000000000e+09
-1.079999995121581735e+00 5.498941952000000000e+09
-1.039999995302263391e+00 6.909630976000000000e+09
-9.999999954829450477e-01 7.810229248000000000e+09
-9.599999956636282583e-01 4.438437888000000000e+09
-9.199999958443099146e-01 1.278480640000000000e+09
-8.799999960249915709e-01 4.826064960000000000e+08
-8.399999962056747815e-01 1.204816768000000000e+09
-7.999999963863563268e-01 3.971804160000000000e+09
-7.599999965670395374e-01 9.149913088000000000e+09
-7.199999967477211937e-01 1.453877555200000000e+10
-6.799999969284028500e-01 1.451472281600000000e+10
-6.399999971090860607e-01 2.124412723200000000e+10
-5.999999972897677170e-01 5.498024345600000000e+10
-5.599999974704492622e-01 7.874537881600000000e+10
-5.199999976511324729e-01 4.162675507200000000e+10
-4.799999978318141292e-01 1.269949568000000000e+09
-4.399999980124973398e-01 1.544712806400000000e+10
-3.999999981931789961e-01 4.818746982400000000e+10
-3.599999983738605969e-01 7.094435020800000000e+10
-3.199999985545438075e-01 6.838057369600000000e+10
-2.799999987352254638e-01 4.780372787200000000e+10
-2.399999989159070646e-01 3.557585715200000000e+10
-1.999999990965902752e-01 4.689580851200000000e+10
-1.599999992772719037e-01 7.016836300800000000e+10
-1.199999994579535323e-01 8.636978790400000000e+10
-7.999999963863674290e-02 9.534109286400000000e+10
-3.999999981931837145e-02 7.783029145600000000e+10
-1.577721810442023611e-15 4.817440358400000000e+10
3.999999981931678938e-02 1.162400256000000000e+10
7.999999963863516084e-02 1.565420416000000000e+09
1.199999994579519502e-01 5.731018240000000000e+09
1.599999992772703217e-01 1.415465164800000000e+10
1.999999990965886931e-01 3.393735065600000000e+10
2.399999989159054825e-01 2.071947059200000000e+10
2.799999987352238540e-01 1.945816473600000000e+10
3.199999985545406433e-01 1.157612503040000000e+11
3.599999983738590426e-01 1.809346068480000000e+11
3.999999981931773863e-01 1.329369743360000000e+11
4.399999980124941756e-01 6.404675174400000000e+10
4.799999978318125748e-01 2.716472320000000000e+10
5.199999976511309185e-01 1.440847257600000000e+10
5.599999974704477079e-01 1.762952601600000000e+10
5.999999972897660516e-01 3.139899801600000000e+10
6.399999971090828410e-01 4.087385702400000000e+10
6.799999969284012957e-01 3.536411033600000000e+10
7.199999967477196394e-01 2.210926592000000000e+10
7.599999965670364288e-01 1.174187315200000000e+10
7.999999963863547725e-01 8.062795776000000000e+09
8.399999962056731162e-01 8.654488576000000000e+09
8.799999960249899056e-01 1.373227520000000000e+10
9.199999958443083603e-01 1.859364454400000000e+10
9.599999956636251497e-01 2.536570060800000000e+10
9.999999954829434934e-01 3.853531955200000000e+10
1.039999995302261837e+00 5.089612595200000000e+10
1.079999995121578626e+00 5.466208665600000000e+10
1.119999994940896970e+00 5.195883724800000000e+10
1.159999994760215314e+00 5.278007705600000000e+10
1.199999994579532103e+00 4.995227238400000000e+10
1.239999994398850447e+00 3.159960985600000000e+10
1.279999994218169013e+00 1.384345190400000000e+10
1.319999994037487356e+00 5.542611968000000000e+09
1.359999993856802591e+00 6.553053696000000000e+09
1.399999993676120935e+00 4.063999488000000000e+09
1.439999993495439279e+00 8.113643008000000000e+09
1.479999993314757623e+00 1.635769651200000000e+10
1.519999993134075966e+00 6.337871872000000000e+09
1.559999992953391201e+00 6.598297600000000000e+08
1.599999992772709545e+00 2.471989452800000000e+10
1.639999992592027889e+00 4.360314060800000000e+10
1.679999992411346232e+00 2.416549273600000000e+10
1.719999992230664798e+00 6.152674304000000000e+09
1.759999992049983142e+00 1.654506496000000000e+10
1.799999991869298377e+00 3.874134425600000000e+10
1.839999991688616721e+00 5.870190592000000000e+10
1.879999991507935064e+00 1.003530403840000000e+11
1.919999991327253408e+00 1.280549765120000000e+11
1.959999991146571752e+00 1.205835776000000000e+11
1.999999990965886987e+00 8.246151577600000000e+10
2.039999990785205330e+00 4.620485427200000000e+10
2.079999990604523674e+00 2.580198400000000000e+10
2.119999990423842018e+00 7.016571392000000000e+09
2.159999990243160362e+00 8.540779200000000000e+07
2.199999990062475597e+00 5.470152320000000000e+08
2.239999989881793940e+00 2.116671360000000000e+09
2.279999989701112284e+00 1.465447321600000000e+10
2.319999989520430628e+00 1.457552384000000000e+10
2.359999989339748971e+00 4.693804544000000000e+09
2.399999989159067315e+00 4.122572800000000000e+09
2.439999988978382550e+00 4.787883622400000000e+10
2.479999988797700894e+00 1.109907456000000000e+11
2.519999988617019682e+00 8.767783731200000000e+10
2.559999988436338025e+00 3.147473920000000000e+10
2.599999988255656369e+00 8.476846592000000000e+09
2.639999988074971604e+00 1.627983052800000000e+10
2.679999987894289948e+00 2.708084326400000000e+10
2.719999987713608292e+00 2.828456550400000000e+10
2.759999987532926635e+00 2.249175859200000000e+10
2.799999987352244979e+00 2.182527385600000000e+10
2.839999987171563323e+00 3.499769036800000000e+10
2.879999986990878558e+00 6.191672934400000000e+10
2.919999986810196901e+00 7.442397593600000000e+10
2.959999986629515245e+00 7.500863078400000000e+10
2.999999986448833589e+00 9.042570444800000000e+10
3.039999986268151932e+00 1.260686622720000000e+11
3.079999986087467168e+00 1.501736468480000000e+11
3.119999985906785511e+00 1.360457891840000000e+11
3.159999985726103855e+00 9.651892224000000000e+10
3.199999985545422199e+00 3.966738432000000000e+10
3.239999985364740542e+00 8.149971456000000000e+09
3.279999985184055777e+00 8.188238848000000000e+09
3.319999985003374121e+00 1.424282726400000000e+10
3.359999984822692465e+00 1.460791910400000000e+10
3.399999984642010808e+00 1.202703974400000000e+10
3.439999984461329596e+00 1.224971776000000000e+10
3.479999984280647940e+00 1.413929984000000000e+10
3.519999984099963175e+00 2.031720652800000000e+10
3.559999983919281519e+00 2.912155648000000000e+10
3.599999983738599862e+00 2.588004352000000000e+10
3.639999983557918206e+00 1.170843955200000000e+10
3.679999983377236550e+00 1.607171456000000000e+09
3.719999983196551785e+00 7.030926848000000000e+09
3.759999983015870129e+00 2.279042457600000000e+10
3.799999982835188472e+00 3.541420851200000000e+10
3.839999982654506816e+00 3.411140198400000000e+10
3.879999982473825160e+00 3.133008281600000000e+10
3.919999982293143503e+00 3.225704857600000000e+10
3.959999982112458738e+00 3.255904051200000000e+10
3.999999981931777082e+00 2.597172019200000000e+10
4.039999981751095426e+00 1.806576640000000000e+10
4.079999981570414214e+00 1.646641561600000000e+10
4.119999981389732113e+00 2.020074905600000000e+10
4.159999981209047348e+00 2.659709542400000000e+10
4.199999981028366136e+00 3.140107673600000000e+10
4.239999980847684036e+00 4.537158451200000000e+10
4.279999980667002824e+00 6.621839769600000000e+10
4.319999980486320723e+00 7.374288486400000000e+10
4.359999980305635958e+00 6.423320166400000000e+10
4.399999980124954746e+00 5.055929548800000000e+10
4.439999979944272646e+00 4.519539507200000000e+10
4.479999979763591433e+00 3.845304320000000000e+10
4.519999979582909333e+00 2.587553177600000000e+10
4.559999979402228121e+00 1.361614233600000000e+10
4.599999979221543356e+00 4.439669760000000000e+09
4.639999979040861255e+00 1.564141696000000000e+09
4.679999978860180043e+00 3.597786624000000000e+09
4.719999978679497943e+00 7.688489984000000000e+09
4.759999978498816731e+00 9.515457536000000000e+09
4.799999978318131966e+00 9.609264128000000000e+09
4.839999978137449865e+00 1.678108467200000000e+10
4.879999977956768653e+00 3.045894553600000000e+10
4.919999977776087441e+00 3.965208985600000000e+10
4.959999977595405340e+00 3.939818291200000000e+10
4.999999977414724128e+00 2.795048755200000000e+10
5.039999977234039363e+00 1.590036582400000000e+10
5.079999977053357263e+00 1.261865881600000000e+10
5.119999976872676051e+00 1.318145331200000000e+10
5.159999976691993950e+00 8.516364288000000000e+09
5.199999976511312738e+00 1.820160128000000000e+09
5.239999976330627973e+00 2.850797056000000000e+09
5.279999976149945873e+00 8.498115072000000000e+09
5.319999975969264661e+00 1.106782412800000000e+10
5.359999975788582560e+00 1.020817408000000000e+10
5.399999975607901348e+00 1.071013683200000000e+10
5.439999975427216583e+00 9.884362752000000000e+09
5.479999975246534483e+00 1.727142092800000000e+10
5.519999975065853270e+00 4.256364544000000000e+10
5.559999974885171170e+00 7.158688972800000000e+10
5.599999974704489958e+00 8.195987046400000000e+10
5.639999974523807857e+00 6.876556492800000000e+10
5.679999974343123093e+00 4.745824665600000000e+10
5.719999974162441880e+00 3.347267379200000000e+10
5.759999973981759780e+00 2.233390694400000000e+10
5.799999973801078568e+00 1.253720780800000000e+10
5.839999973620396467e+00 4.807272960000000000e+09
5.879999973439711702e+00 3.514957568000000000e+09
5.919999973259030490e+00 5.615492096000000000e+09
5.959999973078349278e+00 6.039938048000000000e+09
5.999999972897667178e+00 3.104821504000000000e+09
6.039999972716985965e+00 3.856327680000000000e+09
6.079999972536301200e+00 9.691602944000000000e+09
6.119999972355619100e+00 1.021054361600000000e+10
6.159999972174937888e+00 2.322991513600000000e+10
6.199999971994255787e+00 6.546679808000000000e+10
6.239999971813574575e+00 1.157057576960000000e+11
6.279999971632892475e+00 1.248455720960000000e+11
6.319999971452207710e+00 8.166125568000000000e+10
6.359999971271526498e+00 3.194231603200000000e+10
6.399999971090844397e+00 6.082982912000000000e+09
6.439999970910163185e+00 6.116397056000000000e+09
6.479999970729481085e+00 1.519908761600000000e+10
6.519999970548796320e+00 1.902571110400000000e+10
6.559999970368115108e+00 1.851763916800000000e+10
6.599999970187433007e+00 1.461036748800000000e+10
6.639999970006751795e+00 9.177328640000000000e+09
6.679999969826069695e+00 4.908103168000000000e+09
6.719999969645388482e+00 4.901733376000000000e+09
6.759999969464703717e+00 1.042631680000000000e+10
6.799999969284021617e+00 1.706088652800000000e+10
6.839999969103340405e+00 2.155187200000000000e+10
6.879999968922659193e+00 2.290202828800000000e+10
6.919999968741977092e+00 2.301877248000000000e+10
6.959999968561292327e+00 2.529828044800000000e+10
6.999999968380611115e+00 2.944272588800000000e+10
7.039999968199929015e+00 3.229663027200000000e+10
7.079999968019247802e+00 2.767438233600000000e+10
7.119999967838565702e+00 1.585141760000000000e+10
7.159999967657880937e+00 5.248641536000000000e+09
7.199999967477199725e+00 1.691640832000000000e+09
7.239999967296517625e+00 5.452579328000000000e+09
7.279999967115836412e+00 1.134124544000000000e+10
7.319999966935154312e+00 1.462485913600000000e+10
7.359999966754473100e+00 1.425959014400000000e+10
7.399999966573788335e+00 1.249310617600000000e+10
7.439999966393106234e+00 1.019124428800000000e+10
7.479999966212425022e+00 7.861933056000000000e+09
7.519999966031742922e+00 6.373376512000000000e+09
7.559999965851061710e+00 5.151895552000000000e+09
7.599999965670376945e+00 3.713564416000000000e+09
7.639999965489694844e+00 2.720003840000000000e+09
7.679999965309013632e+00 4.916250624000000000e+09
7.719999965128331532e+00 1.209884876800000000e+10
7.759999964947650319e+00 2.398330265600000000e+10
7.799999964766968219e+00 3.869619814400000000e+10
7.839999964586283454e+00 5.245489971200000000e+10
7.879999964405602242e+00 6.099990118400000000e+10
7.919999964224921030e+00 6.068325990400000000e+10
7.959999964044238929e+00 5.249935769600000000e+10
7.999999963863557717e+00 3.824882073600000000e+10
8.039999963682872064e+00 2.451963494400000000e+10
8.079999963502190852e+00 1.407941120000000000e+10
8.119999963321509640e+00 6.678432768000000000e+09
8.159999963140828427e+00 2.406285312000000000e+09
8.199999962960145439e+00 1.077966208000000000e+09
8.239999962779460674e+00 2.138477056000000000e+09
8.279999962598779462e+00 3.994699776000000000e+09
8.319999962418098249e+00 4.581173760000000000e+09
8.359999962237417037e+00 4.572960256000000000e+09
8.399999962056734049e+00 5.435942912000000000e+09
8.439999961876052836e+00 7.672576512000000000e+09
8.479999961695368071e+00 1.052649779200000000e+10
8.519999961514686859e+00 1.116069068800000000e+10
8.559999961334005647e+00 8.877486080000000000e+09
8.599999961153322658e+00 6.313026560000000000e+09
8.639999960972641446e+00 6.356521472000000000e+09
8.679999960791956681e+00 9.510985728000000000e+09
8.719999960611275469e+00 1.507335270400000000e+10
8.759999960430594257e+00 2.140440985600000000e+10
8.799999960249911268e+00 2.551076249600000000e+10
8.839999960069230056e+00 2.369909350400000000e+10
8.879999959888548844e+00 1.751704780800000000e+10
8.919999959707864079e+00 1.054809907200000000e+10
8.959999959527182867e+00 5.649591296000000000e+09
8.999999959346501655e+00 3.194261504000000000e+09
9.039999959165818666e+00 1.971095808000000000e+09
9.079999958985137454e+00 1.108642304000000000e+09
9.119999958804452689e+00 6.073399680000000000e+08
9.159999958623771477e+00 6.048550400000000000e+08
9.199999958443090264e+00 1.192177792000000000e+09
9.239999958262407276e+00 2.595174656000000000e+09
9.279999958081726064e+00 5.287686144000000000e+09
9.319999957901041299e+00 9.406662656000000000e+09
9.359999957720360086e+00 1.377609318400000000e+10
9.399999957539678874e+00 1.669771264000000000e+10
9.439999957358995886e+00 1.690964480000000000e+10
9.479999957178314673e+00 1.500925235200000000e+10
9.519999956997633461e+00 1.263732633600000000e+10
9.559999956816948696e+00 1.066875801600000000e+10
9.599999956636267484e+00 9.460813824000000000e+09
9.639999956455584496e+00 8.838627328000000000e+09
9.679999956274903283e+00 8.492472320000000000e+09
9.719999956094222071e+00 8.200325632000000000e+09
9.759999955913537306e+00 7.848907776000000000e+09
9.799999955732856094e+00 7.329332224000000000e+09
9.839999955552174882e+00 6.720256512000000000e+09
9.879999955371491893e+00 6.280091648000000000e+09
9.919999955190810681e+00 6.549211648000000000e+09
9.959999955010125916e+00 8.028862464000000000e+09
9.999999954829444704e+00 1.077403750400000000e+10
1.003999995464876349e+01 1.447858995200000000e+10
1.007999995446808050e+01 1.811814604800000000e+10
1.011999995428739929e+01 2.081347993600000000e+10
1.015999995410671808e+01 2.207404646400000000e+10
1.019999995392603331e+01 2.101383577600000000e+10
1.023999995374535210e+01 1.730316083200000000e+10
1.027999995356466911e+01 1.234873958400000000e+10
1.031999995338398790e+01 7.512836608000000000e+09
1.035999995320330669e+01 4.022817792000000000e+09
1.039999995302262192e+01 1.983392896000000000e+09
1.043999995284194071e+01 9.025244800000000000e+08
1.047999995266125772e+01 3.851540800000000000e+08
1.051999995248057651e+01 1.860191520000000000e+08
1.055999995229989530e+01 1.483043040000000000e+08
1.059999995211921409e+01 1.806674560000000000e+08
1.063999995193852932e+01 2.436676160000000000e+08
1.067999995175784633e+01 3.054966080000000000e+08
1.071999995157716512e+01 3.442042560000000000e+08
1.075999995139648391e+01 3.830407360000000000e+08
1.079999995121580270e+01 4.147146560000000000e+08
1.083999995103511793e+01 4.749343040000000000e+08
1.087999995085443672e+01 6.192264960000000000e+08
1.091999995067375373e+01 9.394499200000000000e+08
1.095999995049307252e+01 1.707760384000000000e+09
1.099999995031239131e+01 3.234831616000000000e+09
1.103999995013170654e+01 6.059780608000000000e+09
1.107999994995102533e+01 1.065389772800000000e+10
1.111999994977034234e+01 1.683281100800000000e+10
1.115999994958966113e+01 2.325966028800000000e+10
1.119999994940897992e+01 2.655964160000000000e+10
1.123999994922829870e+01 2.344929280000000000e+10
1.127999994904761394e+01 1.562346496000000000e+10
1.131999994886693095e+01 8.017817600000000000e+09
1.135999994868624974e+01 3.242636288000000000e+09
1.139999994850556853e+01 1.037929728000000000e+09
1.143999994832488731e+01 2.724127360000000000e+08
1.147999994814420255e+01 1.138271520000000000e+08
1.151999994796351956e+01 1.391198560000000000e+08
1.155999994778283835e+01 2.111338880000000000e+08
1.159999994760215714e+01 3.175719680000000000e+08
1.163999994742147592e+01 4.794754240000000000e+08
1.167999994724079293e+01 7.112483840000000000e+08
1.171999994706010817e+01 1.033566528000000000e+09
1.175999994687942696e+01 1.424838016000000000e+09
1.179999994669874575e+01 1.894356352000000000e+09
1.183999994651806453e+01 2.417691136000000000e+09
1.187999994633738332e+01 2.910001664000000000e+09
1.191999994615669856e+01 3.307716864000000000e+09
1.195999994597601557e+01 3.494480640000000000e+09
1.199999994579533436e+01 3.325191936000000000e+09
1.203999994561465314e+01 2.787683328000000000e+09
1.207999994543397193e+01 2.031496960000000000e+09
1.211999994525328717e+01 1.249808128000000000e+09
1.215999994507260418e+01 6.272241920000000000e+08
1.219999994489192296e+01 2.371076480000000000e+08
1.223999994471124175e+01 4.596688400000000000e+07
1.227999994453056054e+01 1.604931500000000000e+07
1.231999994434987755e+01 9.786317600000000000e+07
1.235999994416919279e+01 2.476286880000000000e+08
1.239999994398851157e+01 4.475961280000000000e+08
1.243999994380783036e+01 6.773700480000000000e+08
1.247999994362714915e+01 9.229647360000000000e+08
1.251999994344646616e+01 1.166584832000000000e+09
1.255999994326578140e+01 1.406419328000000000e+09
1.259999994308510018e+01 1.624393088000000000e+09
1.263999994290441897e+01 1.813156352000000000e+09
1.267999994272373776e+01 1.927755776000000000e+09
1.271999994254305477e+01 1.962852992000000000e+09
