# x = Time (fs); y = Power (W)
-1.067999995175784989e+01 3.732128256000000000e+09
-1.063999995193853110e+01 4.251176192000000000e+09
-1.059999995211921409e+01 4.337810432000000000e+09
-1.055999995229989707e+01 3.955646720000000000e+09
-1.051999995248057829e+01 3.335044864000000000e+09
-1.047999995266126128e+01 2.682011904000000000e+09
-1.043999995284194249e+01 2.075911168000000000e+09
-1.039999995302262548e+01 1.579908352000000000e+09
-1.035999995320330669e+01 1.203274112000000000e+09
-1.031999995338398968e+01 8.949954560000000000e+08
-1.027999995356467089e+01 6.721541760000000000e+08
-1.023999995374535388e+01 5.124882240000000000e+08
-1.019999995392603687e+01 4.362197760000000000e+08
-1.015999995410671808e+01 4.687357440000000000e+08
-1.011999995428740107e+01 6.297932800000000000e+08
-1.007999995446808228e+01 9.263563520000000000e+08
-1.003999995464876527e+01 1.408306688000000000e+09
-9.999999954829448257e+00 2.067556608000000000e+09
-9.959999955010129469e+00 2.817913088000000000e+09
-9.919999955190810681e+00 3.489201408000000000e+09
-9.879999955371493670e+00 3.828657152000000000e+09
-9.839999955552174882e+00 3.821071104000000000e+09
-9.799999955732859647e+00 3.634014976000000000e+09
-9.759999955913540859e+00 3.583634944000000000e+09
-9.719999956094222071e+00 4.006201856000000000e+09
-9.679999956274905060e+00 5.129099264000000000e+09
-9.639999956455586272e+00 7.103690240000000000e+09
-9.599999956636269260e+00 9.781859328000000000e+09
-9.559999956816952249e+00 1.223881830400000000e+10
-9.519999956997633461e+00 1.335143321600000000e+10
-9.479999957178316450e+00 1.282557440000000000e+10
-9.439999957358997662e+00 1.064825139200000000e+10
-9.399999957539680651e+00 7.959279616000000000e+09
-9.359999957720363639e+00 5.568979968000000000e+09
-9.319999957901044851e+00 3.789535744000000000e+09
-9.279999958081726064e+00 2.609304064000000000e+09
-9.239999958262409052e+00 1.814120064000000000e+09
-9.199999958443092041e+00 1.221596672000000000e+09
-9.159999958623775029e+00 7.723459840000000000e+08
-9.119999958804456242e+00 4.501312320000000000e+08
-9.079999958985137454e+00 2.250014080000000000e+08
-9.039999959165818666e+00 1.166472880000000000e+08
-8.999999959346501655e+00 1.466894240000000000e+08
-8.959999959527186419e+00 3.700344640000000000e+08
-8.919999959707867632e+00 8.042832000000000000e+08
-8.879999959888548844e+00 1.531446528000000000e+09
-8.839999960069230056e+00 2.869034496000000000e+09
-8.799999960249913045e+00 5.281310208000000000e+09
-8.759999960430597810e+00 8.984012800000000000e+09
-8.719999960611279022e+00 1.286395392000000000e+10
-8.679999960791960234e+00 1.547268505600000000e+10
-8.639999960972641446e+00 1.578178764800000000e+10
-8.599999961153324435e+00 1.413840588800000000e+10
-8.559999961334007423e+00 1.118199808000000000e+10
-8.519999961514690412e+00 8.080294912000000000e+09
-8.479999961695371624e+00 5.315863552000000000e+09
-8.439999961876052836e+00 3.470446080000000000e+09
-8.399999962056734049e+00 2.524307968000000000e+09
-8.359999962237418814e+00 2.079378048000000000e+09
-8.319999962418101802e+00 2.101105024000000000e+09
-8.279999962598783014e+00 2.464139264000000000e+09
-8.239999962779464227e+00 2.240179712000000000e+09
-8.199999962960145439e+00 1.320376576000000000e+09
-8.159999963140828427e+00 4.775043840000000000e+08
-8.119999963321513192e+00 6.520984320000000000e+08
-8.079999963502194404e+00 1.748307968000000000e+09
-8.039999963682875617e+00 3.442695680000000000e+09
-7.999999963863557717e+00 6.611892736000000000e+09
-7.959999964044240706e+00 1.248006451200000000e+10
-7.919999964224921918e+00 2.057312051200000000e+10
-7.879999964405605795e+00 2.678681190400000000e+10
-7.839999964586287007e+00 3.008879411200000000e+10
-7.799999964766968219e+00 2.665170124800000000e+10
-7.759999964947650319e+00 2.003507404800000000e+10
-7.719999965128333308e+00 1.379997798400000000e+10
-7.679999965309016297e+00 8.777967616000000000e+09
-7.639999965489698397e+00 5.780590080000000000e+09
-7.599999965670379609e+00 4.147123968000000000e+09
-7.559999965851061710e+00 3.200264448000000000e+09
-7.519999966031744698e+00 2.214817536000000000e+09
-7.479999966212426799e+00 9.864535040000000000e+08
-7.439999966393109787e+00 2.227455840000000000e+08
-7.399999966573790999e+00 1.630792640000000000e+08
-7.359999966754473100e+00 4.669477440000000000e+08
-7.319999966935154312e+00 7.974646400000000000e+08
-7.279999967115837300e+00 2.609787648000000000e+09
-7.239999967296521177e+00 5.772892160000000000e+09
-7.199999967477202389e+00 8.144197120000000000e+09
-7.159999967657884490e+00 1.026710323200000000e+10
-7.119999967838565702e+00 1.707191910400000000e+10
-7.079999968019248691e+00 2.767409561600000000e+10
-7.039999968199931679e+00 3.158416179200000000e+10
-6.999999968380612891e+00 2.732375449600000000e+10
-6.959999968561295880e+00 2.098976768000000000e+10
-6.919999968741977980e+00 1.472973107200000000e+10
-6.879999968922660081e+00 9.658576896000000000e+09
-6.839999969103342181e+00 5.725093888000000000e+09
-6.799999969284024282e+00 2.436440576000000000e+09
-6.759999969464706382e+00 2.554261600000000000e+08
-6.719999969645389370e+00 7.251799040000000000e+08
-6.679999969826070583e+00 4.460610048000000000e+09
-6.639999970006753571e+00 1.032099840000000000e+10
-6.599999970187435672e+00 1.584467763200000000e+10
-6.559999970368116884e+00 1.931174092800000000e+10
-6.519999970548799872e+00 2.009145139200000000e+10
-6.479999970729481973e+00 1.849680896000000000e+10
-6.439999970910164961e+00 1.457562214400000000e+10
-6.399999971090846174e+00 9.177470976000000000e+09
-6.359999971271528274e+00 3.728633856000000000e+09
-6.319999971452211263e+00 3.388797440000000000e+08
-6.279999971632893363e+00 5.366755520000000000e+08
-6.239999971813575463e+00 2.521525248000000000e+09
-6.199999971994257564e+00 3.533056768000000000e+09
-6.159999972174939664e+00 2.107825664000000000e+09
-6.119999972355622653e+00 1.277677696000000000e+09
-6.079999972536303865e+00 4.160840960000000000e+09
-6.039999972716985965e+00 1.096838041600000000e+10
-5.999999972897668954e+00 1.391228620800000000e+10
-5.959999973078351054e+00 8.490178048000000000e+09
-5.919999973259033155e+00 7.304180736000000000e+09
-5.879999973439715255e+00 1.587444736000000000e+10
-5.839999973620396467e+00 2.729449472000000000e+10
-5.799999973801080344e+00 3.542430924800000000e+10
-5.759999973981761556e+00 4.212633600000000000e+10
-5.719999974162444545e+00 4.800405094400000000e+10
-5.679999974343126645e+00 4.706030387200000000e+10
-5.639999974523807857e+00 3.985971200000000000e+10
-5.599999974704491734e+00 2.606927052800000000e+10
-5.559999974885172946e+00 1.409567744000000000e+10
-5.519999975065855047e+00 6.330448384000000000e+09
-5.479999975246538035e+00 2.188428800000000000e+09
-5.439999975427219248e+00 7.752258560000000000e+08
-5.399999975607903124e+00 9.731118080000000000e+08
-5.359999975788584337e+00 1.447165568000000000e+09
-5.319999975969265549e+00 1.882163200000000000e+09
-5.279999976149949426e+00 2.314512640000000000e+09
-5.239999976330630638e+00 2.443616256000000000e+09
-5.199999976511312738e+00 3.372755712000000000e+09
-5.159999976691995727e+00 5.241513472000000000e+09
-5.119999976872676939e+00 1.188584448000000000e+10
-5.079999977053359039e+00 3.158145843200000000e+10
-5.039999977234042028e+00 5.384533196800000000e+10
-4.999999977414724128e+00 7.264926924800000000e+10
-4.959999977595407117e+00 8.582375014400000000e+10
-4.919999977776088329e+00 8.682420633600000000e+10
-4.879999977956770429e+00 6.698860134400000000e+10
-4.839999978137453418e+00 3.928797593600000000e+10
-4.799999978318134630e+00 1.737773056000000000e+10
-4.759999978498816731e+00 6.427340288000000000e+09
-4.719999978679499719e+00 2.573079040000000000e+09
-4.679999978860181820e+00 2.399006976000000000e+09
-4.639999979040864808e+00 5.337719808000000000e+09
-4.599999979221546020e+00 7.785982976000000000e+09
-4.559999979402228121e+00 7.828150272000000000e+09
-4.519999979582911109e+00 5.150906368000000000e+09
-4.479999979763593210e+00 2.483221504000000000e+09
-4.439999979944274422e+00 5.775191680000000000e+08
-4.399999980124957411e+00 6.009644800000000000e+08
-4.359999980305639511e+00 3.301558784000000000e+09
-4.319999980486322499e+00 4.527651328000000000e+09
-4.279999980667003712e+00 2.739875072000000000e+09
-4.239999980847685812e+00 1.974105344000000000e+09
-4.199999981028368801e+00 3.784033536000000000e+09
-4.159999981209050901e+00 8.028921856000000000e+09
-4.119999981389732113e+00 3.006085120000000000e+10
-4.079999981570415102e+00 6.418264064000000000e+10
-4.039999981751097202e+00 8.203494195200000000e+10
-3.999999981931778859e+00 6.632349286400000000e+10
-3.959999982112461847e+00 4.197132697600000000e+10
-3.919999982293143503e+00 2.620348416000000000e+10
-3.879999982473826936e+00 2.140683878400000000e+10
-3.839999982654508148e+00 2.544192512000000000e+10
-3.799999982835189805e+00 2.093545472000000000e+10
-3.759999983015873237e+00 8.132018176000000000e+09
-3.719999983196554894e+00 3.141088000000000000e+09
-3.679999983377236550e+00 6.171485184000000000e+09
-3.639999983557919538e+00 1.104365875200000000e+10
-3.599999983738601195e+00 1.899860377600000000e+10
-3.559999983919284627e+00 2.101243904000000000e+10
-3.519999984099966284e+00 2.414197760000000000e+10
-3.479999984280647940e+00 3.695291187200000000e+10
-3.439999984461330929e+00 5.040706764800000000e+10
-3.399999984642012585e+00 5.824019660800000000e+10
-3.359999984822694241e+00 6.717923328000000000e+10
-3.319999985003377230e+00 6.021661900800000000e+10
-3.279999985184058886e+00 3.979859148800000000e+10
-3.239999985364742319e+00 2.330958643200000000e+10
-3.199999985545423975e+00 1.192170291200000000e+10
-3.159999985726105631e+00 9.449333760000000000e+09
-3.119999985906788620e+00 1.417954304000000000e+10
-3.079999986087470276e+00 1.943532748800000000e+10
-3.039999986268151932e+00 2.454588416000000000e+10
-2.999999986448835365e+00 2.606247526400000000e+10
-2.959999986629517021e+00 1.790582988800000000e+10
-2.919999986810200010e+00 1.066304614400000000e+10
-2.879999986990881666e+00 7.371781632000000000e+09
-2.839999987171563323e+00 7.629335040000000000e+09
-2.799999987352246311e+00 1.179482214400000000e+10
-2.759999987532927967e+00 1.558680371200000000e+10
-2.719999987713609624e+00 1.578387558400000000e+10
-2.679999987894293056e+00 7.898526720000000000e+09
-2.639999988074974713e+00 1.365232128000000000e+09
-2.599999988255656369e+00 2.931340800000000000e+09
-2.559999988436339358e+00 1.071326822400000000e+10
-2.519999988617021014e+00 1.649305907200000000e+10
-2.479999988797704447e+00 2.324913152000000000e+10
-2.439999988978386103e+00 2.685057638400000000e+10
-2.399999989159067315e+00 2.839910400000000000e+10
-2.359999989339750748e+00 2.818823782400000000e+10
-2.319999989520432404e+00 3.085644390400000000e+10
-2.279999989701114060e+00 3.483024179200000000e+10
-2.239999989881797049e+00 3.035292876800000000e+10
-2.199999990062478705e+00 2.699555430400000000e+10
-2.159999990243162138e+00 1.865907609600000000e+10
-2.119999990423843794e+00 7.806750720000000000e+09
-2.079999990604525451e+00 7.220184960000000000e+08
-2.039999990785208439e+00 3.681110016000000000e+09
-1.999999990965890095e+00 1.366485504000000000e+10
-1.959999991146571752e+00 2.799447449600000000e+10
-1.919999991327254962e+00 3.974144819200000000e+10
-1.879999991507936619e+00 4.659357286400000000e+10
-1.839999991688619829e+00 4.825768345600000000e+10
-1.799999991869301486e+00 4.708460134400000000e+10
-1.759999992049983142e+00 4.642519449600000000e+10
-1.719999992230666352e+00 3.715869491200000000e+10
-1.679999992411347787e+00 1.473834496000000000e+10
-1.639999992592029443e+00 1.542012928000000000e+09
-1.599999992772712654e+00 1.172201164800000000e+10
-1.559999992953394310e+00 1.872536780800000000e+10
-1.519999993134077521e+00 1.396718182400000000e+10
-1.479999993314759177e+00 2.585429401600000000e+10
-1.439999993495440833e+00 5.963109171200000000e+10
-1.399999993676124044e+00 8.247160012800000000e+10
-1.359999993856805700e+00 7.532786483200000000e+10
-1.319999994037487356e+00 4.849460428800000000e+10
-1.279999994218170567e+00 2.273721753600000000e+10
-1.239999994398852223e+00 9.571016704000000000e+09
-1.199999994579533658e+00 1.021696204800000000e+10
-1.159999994760216868e+00 1.691606630400000000e+10
-1.119999994940898524e+00 1.864059494400000000e+10
-1.079999995121581735e+00 8.455238656000000000e+09
-1.039999995302263391e+00 1.268107392000000000e+09
-9.999999954829450477e-01 9.294532608000000000e+09
-9.599999956636282583e-01 4.315540275200000000e+10
-9.199999958443099146e-01 8.136508211200000000e+10
-8.799999960249915709e-01 8.490175692800000000e+10
-8.399999962056747815e-01 6.209489305600000000e+10
-7.999999963863563268e-01 3.300889600000000000e+10
-7.599999965670395374e-01 1.206309273600000000e+10
-7.199999967477211937e-01 1.165000908800000000e+10
-6.799999969284028500e-01 3.770362265600000000e+10
-6.399999971090860607e-01 6.735144550400000000e+10
-5.999999972897677170e-01 6.168459264000000000e+10
-5.599999974704492622e-01 3.681284915200000000e+10
-5.199999976511324729e-01 1.822786355200000000e+10
-4.799999978318141292e-01 1.250123264000000000e+10
-4.399999980124973398e-01 1.756447539200000000e+10
-3.999999981931789961e-01 2.539493990400000000e+10
-3.599999983738605969e-01 2.803651788800000000e+10
-3.199999985545438075e-01 2.608994918400000000e+10
-2.799999987352254638e-01 2.187612160000000000e+10
-2.399999989159070646e-01 2.267791155200000000e+10
-1.999999990965902752e-01 3.338362470400000000e+10
-1.599999992772719037e-01 4.642715648000000000e+10
-1.199999994579535323e-01 4.417091174400000000e+10
-7.999999963863674290e-02 2.947453132800000000e+10
-3.999999981931837145e-02 1.435364147200000000e+10
-1.577721810442023611e-15 1.274062540800000000e+10
3.999999981931678938e-02 1.250442240000000000e+10
7.999999963863516084e-02 6.323297280000000000e+09
1.199999994579519502e-01 1.765066240000000000e+09
1.599999992772703217e-01 1.425055200000000000e+08
1.999999990965886931e-01 9.791170560000000000e+08
2.399999989159054825e-01 1.550812416000000000e+09
2.799999987352238540e-01 1.352505728000000000e+09
3.199999985545406433e-01 2.385543936000000000e+09
3.599999983738590426e-01 6.742831104000000000e+09
3.999999981931773863e-01 1.383578828800000000e+10
4.399999980124941756e-01 7.278899712000000000e+09
4.799999978318125748e-01 1.225310105600000000e+10
5.199999976511309185e-01 1.141031219200000000e+10
5.599999974704477079e-01 1.248566149120000000e+11
5.999999972897660516e-01 3.219377684480000000e+11
6.399999971090828410e-01 3.050907238400000000e+11
6.799999969284012957e-01 1.414836551680000000e+11
7.199999967477196394e-01 5.179119616000000000e+10
7.599999965670364288e-01 1.314877747200000000e+10
7.999999963863547725e-01 1.349816192000000000e+09
8.399999962056731162e-01 8.680096768000000000e+09
8.799999960249899056e-01 2.315763302400000000e+10
9.199999958443083603e-01 3.368422195200000000e+10
9.599999956636251497e-01 3.511467212800000000e+10
9.999999954829434934e-01 3.000148377600000000e+10
1.039999995302261837e+00 2.043490304000000000e+10
1.079999995121578626e+00 1.426519859200000000e+10
1.119999994940896970e+00 9.597425664000000000e+09
1.159999994760215314e+00 6.397852160000000000e+09
1.199999994579532103e+00 5.930908672000000000e+09
1.239999994398850447e+00 9.842342912000000000e+09
1.279999994218169013e+00 1.837404569600000000e+10
1.319999994037487356e+00 3.259446886400000000e+10
1.359999993856802591e+00 4.994136064000000000e+10
1.399999993676120935e+00 6.334121164800000000e+10
1.439999993495439279e+00 6.625071513600000000e+10
1.479999993314757623e+00 6.897559142400000000e+10
1.519999993134075966e+00 6.749254860800000000e+10
1.559999992953391201e+00 5.417808281600000000e+10
1.599999992772709545e+00 3.225644851200000000e+10
1.639999992592027889e+00 1.169699430400000000e+10
1.679999992411346232e+00 2.566754816000000000e+09
1.719999992230664798e+00 1.001470912000000000e+09
1.759999992049983142e+00 1.590454144000000000e+09
1.799999991869298377e+00 2.236911104000000000e+09
1.839999991688616721e+00 2.741675776000000000e+09
1.879999991507935064e+00 6.407166720000000000e+08
1.919999991327253408e+00 2.332353280000000000e+09
1.959999991146571752e+00 1.105672192000000000e+10
1.999999990965886987e+00 1.587279462400000000e+10
2.039999990785205330e+00 1.188011724800000000e+10
2.079999990604523674e+00 7.082625536000000000e+09
2.119999990423842018e+00 7.658420736000000000e+09
2.159999990243160362e+00 1.155650048000000000e+10
2.199999990062475597e+00 5.469858304000000000e+09
2.239999989881793940e+00 1.426539392000000000e+09
2.279999989701112284e+00 2.280464998400000000e+10
2.319999989520430628e+00 4.865143193600000000e+10
2.359999989339748971e+00 5.133327155200000000e+10
2.399999989159067315e+00 4.207700377600000000e+10
2.439999988978382550e+00 2.844605030400000000e+10
2.479999988797700894e+00 1.945262080000000000e+10
2.519999988617019682e+00 1.451723161600000000e+10
2.559999988436338025e+00 2.770715852800000000e+10
2.599999988255656369e+00 6.773204172800000000e+10
2.639999988074971604e+00 8.983872307200000000e+10
2.679999987894289948e+00 7.250632704000000000e+10
2.719999987713608292e+00 4.153415680000000000e+10
2.759999987532926635e+00 1.776468172800000000e+10
2.799999987352244979e+00 5.272795648000000000e+09
2.839999987171563323e+00 5.735421440000000000e+08
2.879999986990878558e+00 1.114855168000000000e+09
2.919999986810196901e+00 1.089760896000000000e+09
2.959999986629515245e+00 1.334756736000000000e+09
2.999999986448833589e+00 2.304316416000000000e+09
3.039999986268151932e+00 4.461192704000000000e+09
3.079999986087467168e+00 2.045783654400000000e+10
3.119999985906785511e+00 5.933802700800000000e+10
3.159999985726103855e+00 9.501244620800000000e+10
3.199999985545422199e+00 1.063579484160000000e+11
3.239999985364740542e+00 9.588232192000000000e+10
3.279999985184055777e+00 6.652987801600000000e+10
3.319999985003374121e+00 3.582399692800000000e+10
3.359999984822692465e+00 2.138889011200000000e+10
3.399999984642010808e+00 1.551681638400000000e+10
3.439999984461329596e+00 1.014376038400000000e+10
3.479999984280647940e+00 2.839759616000000000e+09
3.519999984099963175e+00 3.535816960000000000e+08
3.559999983919281519e+00 6.917331968000000000e+09
3.599999983738599862e+00 1.810193612800000000e+10
3.639999983557918206e+00 2.536973516800000000e+10
3.679999983377236550e+00 2.765755596800000000e+10
3.719999983196551785e+00 2.610999910400000000e+10
3.759999983015870129e+00 2.042631782400000000e+10
3.799999982835188472e+00 1.137471488000000000e+10
3.839999982654506816e+00 4.075398144000000000e+09
3.879999982473825160e+00 5.795841024000000000e+09
3.919999982293143503e+00 1.581571584000000000e+10
3.959999982112458738e+00 2.670441062400000000e+10
3.999999981931777082e+00 4.496343859200000000e+10
4.039999981751095426e+00 7.342714880000000000e+10
4.079999981570414214e+00 1.002123264000000000e+11
4.119999981389732113e+00 1.073076797440000000e+11
4.159999981209047348e+00 9.932432179200000000e+10
4.199999981028366136e+00 6.960845619200000000e+10
4.239999980847684036e+00 3.413424332800000000e+10
4.279999980667002824e+00 1.250844262400000000e+10
4.319999980486320723e+00 4.320183296000000000e+09
4.359999980305635958e+00 2.034838656000000000e+09
4.399999980124954746e+00 1.321394688000000000e+09
4.439999979944272646e+00 1.497519232000000000e+09
4.479999979763591433e+00 5.650849280000000000e+09
4.519999979582909333e+00 1.405999001600000000e+10
4.559999979402228121e+00 1.897635225600000000e+10
4.599999979221543356e+00 1.678893568000000000e+10
4.639999979040861255e+00 1.193117388800000000e+10
4.679999978860180043e+00 1.116420812800000000e+10
4.719999978679497943e+00 1.742970675200000000e+10
4.759999978498816731e+00 1.492972441600000000e+10
4.799999978318131966e+00 3.873208320000000000e+09
4.839999978137449865e+00 4.679186432000000000e+09
4.879999977956768653e+00 3.477814067200000000e+10
4.919999977776087441e+00 6.685199155200000000e+10
4.959999977595405340e+00 6.670112768000000000e+10
4.999999977414724128e+00 5.235351552000000000e+10
5.039999977234039363e+00 4.387496345600000000e+10
5.079999977053357263e+00 3.390525030400000000e+10
5.119999976872676051e+00 1.786163404800000000e+10
5.159999976691993950e+00 4.593815552000000000e+09
5.199999976511312738e+00 6.319435264000000000e+09
5.239999976330627973e+00 2.069441331200000000e+10
5.279999976149945873e+00 2.972789760000000000e+10
5.319999975969264661e+00 2.892148326400000000e+10
5.359999975788582560e+00 3.032175001600000000e+10
5.399999975607901348e+00 3.916447744000000000e+10
5.439999975427216583e+00 4.352353075200000000e+10
5.479999975246534483e+00 3.667529728000000000e+10
5.519999975065853270e+00 2.938082099200000000e+10
5.559999974885171170e+00 2.972234342400000000e+10
5.599999974704489958e+00 2.675810508800000000e+10
5.639999974523807857e+00 1.660623462400000000e+10
5.679999974343123093e+00 1.230735257600000000e+10
5.719999974162441880e+00 1.213845913600000000e+10
5.759999973981759780e+00 1.216328908800000000e+10
5.799999973801078568e+00 9.798366208000000000e+09
5.839999973620396467e+00 7.535164416000000000e+09
5.879999973439711702e+00 9.796017152000000000e+09
5.919999973259030490e+00 1.633081753600000000e+10
5.959999973078349278e+00 1.948959129600000000e+10
5.999999972897667178e+00 1.326727372800000000e+10
6.039999972716985965e+00 1.953879244800000000e+10
6.079999972536301200e+00 3.474188697600000000e+10
6.119999972355619100e+00 3.896096768000000000e+10
6.159999972174937888e+00 2.845350912000000000e+10
6.199999971994255787e+00 1.849783091200000000e+10
6.239999971813574575e+00 1.027843481600000000e+10
6.279999971632892475e+00 5.243846656000000000e+09
6.319999971452207710e+00 2.059221888000000000e+09
6.359999971271526498e+00 6.121744896000000000e+09
6.399999971090844397e+00 1.971224780800000000e+10
6.439999970910163185e+00 4.042652876800000000e+10
6.479999970729481085e+00 5.927889715200000000e+10
6.519999970548796320e+00 7.378407424000000000e+10
6.559999970368115108e+00 7.623101644800000000e+10
6.599999970187433007e+00 6.292736409600000000e+10
6.639999970006751795e+00 4.179307724800000000e+10
6.679999969826069695e+00 2.327323443200000000e+10
6.719999969645388482e+00 1.270845542400000000e+10
6.759999969464703717e+00 7.798771200000000000e+09
6.799999969284021617e+00 4.268010496000000000e+09
6.839999969103340405e+00 1.405983360000000000e+09
6.879999968922659193e+00 1.044311680000000000e+08
6.919999968741977092e+00 1.830522752000000000e+09
6.959999968561292327e+00 6.536521216000000000e+09
6.999999968380611115e+00 1.173306675200000000e+10
7.039999968199929015e+00 1.453204275200000000e+10
7.079999968019247802e+00 1.389765427200000000e+10
7.119999967838565702e+00 1.027049164800000000e+10
7.159999967657880937e+00 6.534988800000000000e+09
7.199999967477199725e+00 6.735134208000000000e+09
7.239999967296517625e+00 9.855214592000000000e+09
7.279999967115836412e+00 1.240868454400000000e+10
7.319999966935154312e+00 1.301880012800000000e+10
7.359999966754473100e+00 1.305716940800000000e+10
7.399999966573788335e+00 1.480144179200000000e+10
7.439999966393106234e+00 1.626393702400000000e+10
7.479999966212425022e+00 1.338290073600000000e+10
7.519999966031742922e+00 1.045459558400000000e+10
7.559999965851061710e+00 1.512001740800000000e+10
7.599999965670376945e+00 2.966245785600000000e+10
7.639999965489694844e+00 5.055490457600000000e+10
7.679999965309013632e+00 6.741182464000000000e+10
7.719999965128331532e+00 6.725636096000000000e+10
7.759999964947650319e+00 5.037152665600000000e+10
7.799999964766968219e+00 3.128546304000000000e+10
7.839999964586283454e+00 1.754617036800000000e+10
7.879999964405602242e+00 1.047993446400000000e+10
7.919999964224921030e+00 7.008048640000000000e+09
7.959999964044238929e+00 5.333847552000000000e+09
7.999999963863557717e+00 4.185534208000000000e+09
8.039999963682872064e+00 3.281873152000000000e+09
8.079999963502190852e+00 2.420446208000000000e+09
8.119999963321509640e+00 1.640793472000000000e+09
8.159999963140828427e+00 1.264923904000000000e+09
8.199999962960145439e+00 1.424196480000000000e+09
8.239999962779460674e+00 1.759819008000000000e+09
8.279999962598779462e+00 2.076189440000000000e+09
8.319999962418098249e+00 2.520984320000000000e+09
8.359999962237417037e+00 3.682729472000000000e+09
8.399999962056734049e+00 7.237869568000000000e+09
8.439999961876052836e+00 1.379670118400000000e+10
8.479999961695368071e+00 2.204530892800000000e+10
8.519999961514686859e+00 2.641095475200000000e+10
8.559999961334005647e+00 2.269732044800000000e+10
8.599999961153322658e+00 1.446687641600000000e+10
8.639999960972641446e+00 7.202973184000000000e+09
8.679999960791956681e+00 3.845028864000000000e+09
8.719999960611275469e+00 4.424848384000000000e+09
8.759999960430594257e+00 7.704181248000000000e+09
8.799999960249911268e+00 1.294333644800000000e+10
8.839999960069230056e+00 1.927388160000000000e+10
8.879999959888548844e+00 2.442663321600000000e+10
8.919999959707864079e+00 2.594442240000000000e+10
8.959999959527182867e+00 2.319731097600000000e+10
8.999999959346501655e+00 1.789863731200000000e+10
9.039999959165818666e+00 1.252696268800000000e+10
9.079999958985137454e+00 8.387831296000000000e+09
9.119999958804452689e+00 5.650736640000000000e+09
9.159999958623771477e+00 3.776949248000000000e+09
9.199999958443090264e+00 2.327607552000000000e+09
9.239999958262407276e+00 1.524790144000000000e+09
9.279999958081726064e+00 1.153949056000000000e+09
9.319999957901041299e+00 9.102648960000000000e+08
9.359999957720360086e+00 5.990485120000000000e+08
9.399999957539678874e+00 1.675422720000000000e+08
9.439999957358995886e+00 1.155681600000000000e+08
9.479999957178314673e+00 1.223124736000000000e+09
9.519999956997633461e+00 3.956152064000000000e+09
9.559999956816948696e+00 7.437128704000000000e+09
9.599999956636267484e+00 1.001700659200000000e+10
9.639999956455584496e+00 1.050965196800000000e+10
9.679999956274903283e+00 9.090990080000000000e+09
9.719999956094222071e+00 7.032267264000000000e+09
9.759999955913537306e+00 5.387876352000000000e+09
9.799999955732856094e+00 4.609529856000000000e+09
9.839999955552174882e+00 4.684987392000000000e+09
9.879999955371491893e+00 5.474610176000000000e+09
9.919999955190810681e+00 6.651246592000000000e+09
9.959999955010125916e+00 7.773431296000000000e+09
9.999999954829444704e+00 8.219274240000000000e+09
1.003999995464876349e+01 7.575308800000000000e+09
1.007999995446808050e+01 6.122321408000000000e+09
1.011999995428739929e+01 4.273442816000000000e+09
1.015999995410671808e+01 2.695652608000000000e+09
1.019999995392603331e+01 1.638733184000000000e+09
1.023999995374535210e+01 1.060096000000000000e+09
1.027999995356466911e+01 8.981710080000000000e+08
1.031999995338398790e+01 1.039292096000000000e+09
1.035999995320330669e+01 1.609115520000000000e+09
1.039999995302262192e+01 3.258080512000000000e+09
1.043999995284194071e+01 6.917047808000000000e+09
1.047999995266125772e+01 1.298291302400000000e+10
1.051999995248057651e+01 1.980918169600000000e+10
1.055999995229989530e+01 2.375547494400000000e+10
1.059999995211921409e+01 2.291347660800000000e+10
1.063999995193852932e+01 1.888013926400000000e+10
1.067999995175784633e+01 1.401331200000000000e+10
1.071999995157716512e+01 9.968791552000000000e+09
1.075999995139648391e+01 7.153586688000000000e+09
1.079999995121580270e+01 5.318967808000000000e+09
1.083999995103511793e+01 4.097556224000000000e+09
1.087999995085443672e+01 3.296604928000000000e+09
1.091999995067375373e+01 2.776275712000000000e+09
1.095999995049307252e+01 2.398232576000000000e+09
1.099999995031239131e+01 2.239132928000000000e+09
1.103999995013170654e+01 2.251976192000000000e+09
1.107999994995102533e+01 2.492514304000000000e+09
1.111999994977034234e+01 2.993941760000000000e+09
1.115999994958966113e+01 3.668643584000000000e+09
1.119999994940897992e+01 4.481138176000000000e+09
1.123999994922829870e+01 5.256870912000000000e+09
1.127999994904761394e+01 5.884275200000000000e+09
1.131999994886693095e+01 6.336305664000000000e+09
1.135999994868624974e+01 6.489433600000000000e+09
1.139999994850556853e+01 6.376747520000000000e+09
1.143999994832488731e+01 6.059282432000000000e+09
1.147999994814420255e+01 5.551561216000000000e+09
1.151999994796351956e+01 4.959625728000000000e+09
1.155999994778283835e+01 4.425860096000000000e+09
1.159999994760215714e+01 3.923840512000000000e+09
1.163999994742147592e+01 3.504978176000000000e+09
1.167999994724079293e+01 3.180143872000000000e+09
1.171999994706010817e+01 2.894656000000000000e+09
1.175999994687942696e+01 2.635378688000000000e+09
1.179999994669874575e+01 2.380764416000000000e+09
1.183999994651806453e+01 2.152431616000000000e+09
1.187999994633738332e+01 1.949851392000000000e+09
1.191999994615669856e+01 1.764639744000000000e+09
1.195999994597601557e+01 1.646610688000000000e+09
1.199999994579533436e+01 1.609270656000000000e+09
1.203999994561465314e+01 1.667845504000000000e+09
1.207999994543397193e+01 1.872363520000000000e+09
1.211999994525328717e+01 2.241672448000000000e+09
1.215999994507260418e+01 2.800503808000000000e+09
1.219999994489192296e+01 3.545071360000000000e+09
1.223999994471124175e+01 4.472883200000000000e+09
1.227999994453056054e+01 5.477862912000000000e+09
1.231999994434987755e+01 6.282449408000000000e+09
1.235999994416919279e+01 6.551299584000000000e+09
1.239999994398851157e+01 6.018586624000000000e+09
1.243999994380783036e+01 4.787958272000000000e+09
