# x = Time (fs); y = Power (W)
-1.159999994760215891e+01 1.334915200000000000e+09
-1.155999994778284012e+01 1.594498432000000000e+09
-1.151999994796352311e+01 1.974652416000000000e+09
-1.147999994814420432e+01 2.480415232000000000e+09
-1.143999994832488731e+01 3.104090368000000000e+09
-1.139999994850557030e+01 3.749415680000000000e+09
-1.135999994868625151e+01 4.238544384000000000e+09
-1.131999994886693450e+01 4.308894720000000000e+09
-1.127999994904761571e+01 3.864789248000000000e+09
-1.123999994922829870e+01 3.133533696000000000e+09
-1.119999994940898169e+01 2.416984064000000000e+09
-1.115999994958966290e+01 1.859275520000000000e+09
-1.111999994977034589e+01 1.512935808000000000e+09
-1.107999994995102711e+01 1.408189312000000000e+09
-1.103999995013171009e+01 1.450565760000000000e+09
-1.099999995031239131e+01 1.629347328000000000e+09
-1.095999995049307429e+01 1.916999936000000000e+09
-1.091999995067375551e+01 2.275290112000000000e+09
-1.087999995085443850e+01 2.728998400000000000e+09
-1.083999995103512148e+01 3.234155008000000000e+09
-1.079999995121580270e+01 3.751194368000000000e+09
-1.075999995139648568e+01 4.266174720000000000e+09
-1.071999995157716690e+01 4.640972800000000000e+09
-1.067999995175784989e+01 4.820785152000000000e+09
-1.063999995193853110e+01 4.758170112000000000e+09
-1.059999995211921409e+01 4.358503424000000000e+09
-1.055999995229989707e+01 3.692442368000000000e+09
-1.051999995248057829e+01 2.931502336000000000e+09
-1.047999995266126128e+01 2.173128192000000000e+09
-1.043999995284194249e+01 1.550208896000000000e+09
-1.039999995302262548e+01 1.140751744000000000e+09
-1.035999995320330669e+01 8.990390400000000000e+08
-1.031999995338398968e+01 7.723352320000000000e+08
-1.027999995356467089e+01 7.241640960000000000e+08
-1.023999995374535388e+01 6.985930240000000000e+08
-1.019999995392603687e+01 6.567943040000000000e+08
-1.015999995410671808e+01 6.060911360000000000e+08
-1.011999995428740107e+01 5.809079680000000000e+08
-1.007999995446808228e+01 5.957634560000000000e+08
-1.003999995464876527e+01 7.312881280000000000e+08
-9.999999954829448257e+00 1.083610880000000000e+09
-9.959999955010129469e+00 1.780715136000000000e+09
-9.919999955190810681e+00 2.921848320000000000e+09
-9.879999955371493670e+00 4.567104000000000000e+09
-9.839999955552174882e+00 6.648964096000000000e+09
-9.799999955732859647e+00 8.536766464000000000e+09
-9.759999955913540859e+00 9.516210176000000000e+09
-9.719999956094222071e+00 9.077357568000000000e+09
-9.679999956274905060e+00 7.610418176000000000e+09
-9.639999956455586272e+00 6.124917248000000000e+09
-9.599999956636269260e+00 4.780942336000000000e+09
-9.559999956816952249e+00 3.556920576000000000e+09
-9.519999956997633461e+00 2.658086912000000000e+09
-9.479999957178316450e+00 1.931396096000000000e+09
-9.439999957358997662e+00 1.565987456000000000e+09
-9.399999957539680651e+00 1.526071296000000000e+09
-9.359999957720363639e+00 1.541293824000000000e+09
-9.319999957901044851e+00 1.695909888000000000e+09
-9.279999958081726064e+00 2.140179712000000000e+09
-9.239999958262409052e+00 2.555608320000000000e+09
-9.199999958443092041e+00 2.878025472000000000e+09
-9.159999958623775029e+00 3.359222528000000000e+09
-9.119999958804456242e+00 3.663507200000000000e+09
-9.079999958985137454e+00 3.584994048000000000e+09
-9.039999959165818666e+00 3.377804288000000000e+09
-8.999999959346501655e+00 2.977772800000000000e+09
-8.959999959527186419e+00 2.752656384000000000e+09
-8.919999959707867632e+00 2.540130048000000000e+09
-8.879999959888548844e+00 2.418479104000000000e+09
-8.839999960069230056e+00 2.229962240000000000e+09
-8.799999960249913045e+00 1.744642816000000000e+09
-8.759999960430597810e+00 1.191897088000000000e+09
-8.719999960611279022e+00 6.563671680000000000e+08
-8.679999960791960234e+00 2.608407680000000000e+08
-8.639999960972641446e+00 9.138436000000000000e+07
-8.599999961153324435e+00 1.644034560000000000e+08
-8.559999961334007423e+00 4.642010560000000000e+08
-8.519999961514690412e+00 9.305364480000000000e+08
-8.479999961695371624e+00 1.411782528000000000e+09
-8.439999961876052836e+00 1.669911808000000000e+09
-8.399999962056734049e+00 1.468426752000000000e+09
-8.359999962237418814e+00 9.898633600000000000e+08
-8.319999962418101802e+00 7.285453440000000000e+08
-8.279999962598783014e+00 6.322468480000000000e+08
-8.239999962779464227e+00 6.041827840000000000e+08
-8.199999962960145439e+00 5.753872000000000000e+08
-8.159999963140828427e+00 3.836489600000000000e+08
-8.119999963321513192e+00 6.791349600000000000e+07
-8.079999963502194404e+00 2.700805120000000000e+08
-8.039999963682875617e+00 1.704431104000000000e+09
-7.999999963863557717e+00 5.342178816000000000e+09
-7.959999964044240706e+00 1.217740800000000000e+10
-7.919999964224921918e+00 2.016532070400000000e+10
-7.879999964405605795e+00 2.635082137600000000e+10
-7.839999964586287007e+00 2.968092467200000000e+10
-7.799999964766968219e+00 3.124709785600000000e+10
-7.759999964947650319e+00 3.015026688000000000e+10
-7.719999965128333308e+00 2.591835545600000000e+10
-7.679999965309016297e+00 1.957438873600000000e+10
-7.639999965489698397e+00 1.366276198400000000e+10
-7.599999965670379609e+00 9.648438272000000000e+09
-7.559999965851061710e+00 7.238298112000000000e+09
-7.519999966031744698e+00 6.028350464000000000e+09
-7.479999966212426799e+00 5.743174144000000000e+09
-7.439999966393109787e+00 6.131589632000000000e+09
-7.399999966573790999e+00 7.384290816000000000e+09
-7.359999966754473100e+00 1.013466419200000000e+10
-7.319999966935154312e+00 1.429821747200000000e+10
-7.279999967115837300e+00 1.752325734400000000e+10
-7.239999967296521177e+00 1.829659443200000000e+10
-7.199999967477202389e+00 1.740290252800000000e+10
-7.159999967657884490e+00 1.556098867200000000e+10
-7.119999967838565702e+00 1.332077158400000000e+10
-7.079999968019248691e+00 1.029383987200000000e+10
-7.039999968199931679e+00 7.417288192000000000e+09
-6.999999968380612891e+00 4.393059328000000000e+09
-6.959999968561295880e+00 1.814553216000000000e+09
-6.919999968741977980e+00 4.396480640000000000e+08
-6.879999968922660081e+00 4.289582400000000000e+08
-6.839999969103342181e+00 1.185634048000000000e+09
-6.799999969284024282e+00 1.262515200000000000e+09
-6.759999969464706382e+00 4.762773760000000000e+08
-6.719999969645389370e+00 8.005127040000000000e+08
-6.679999969826070583e+00 5.005927424000000000e+09
-6.639999970006753571e+00 1.009418752000000000e+10
-6.599999970187435672e+00 1.231525478400000000e+10
-6.559999970368116884e+00 1.077329817600000000e+10
-6.519999970548799872e+00 8.445404160000000000e+09
-6.479999970729481973e+00 6.314552320000000000e+09
-6.439999970910164961e+00 4.146601216000000000e+09
-6.399999971090846174e+00 2.217770240000000000e+09
-6.359999971271528274e+00 1.056303872000000000e+09
-6.319999971452211263e+00 4.582376640000000000e+08
-6.279999971632893363e+00 3.996361280000000000e+08
-6.239999971813575463e+00 1.327750784000000000e+09
-6.199999971994257564e+00 3.355295488000000000e+09
-6.159999972174939664e+00 7.071921152000000000e+09
-6.119999972355622653e+00 1.560497459200000000e+10
-6.079999972536303865e+00 2.712526028800000000e+10
-6.039999972716985965e+00 3.570240307200000000e+10
-5.999999972897668954e+00 3.840871628800000000e+10
-5.959999973078351054e+00 3.645507174400000000e+10
-5.919999973259033155e+00 3.206190489600000000e+10
-5.879999973439715255e+00 2.818858598400000000e+10
-5.839999973620396467e+00 2.709041561600000000e+10
-5.799999973801080344e+00 2.216027750400000000e+10
-5.759999973981761556e+00 1.691704012800000000e+10
-5.719999974162444545e+00 1.303695360000000000e+10
-5.679999974343126645e+00 1.167127142400000000e+10
-5.639999974523807857e+00 1.089696972800000000e+10
-5.599999974704491734e+00 8.089263616000000000e+09
-5.559999974885172946e+00 6.249715712000000000e+09
-5.519999975065855047e+00 7.268764160000000000e+09
-5.479999975246538035e+00 1.006646579200000000e+10
-5.439999975427219248e+00 1.103474278400000000e+10
-5.399999975607903124e+00 8.098991104000000000e+09
-5.359999975788584337e+00 3.554284544000000000e+09
-5.319999975969265549e+00 7.653067520000000000e+08
-5.279999976149949426e+00 3.101857280000000000e+08
-5.239999976330630638e+00 2.311376640000000000e+09
-5.199999976511312738e+00 4.497953280000000000e+09
-5.159999976691995727e+00 6.824044032000000000e+09
-5.119999976872676939e+00 8.884597760000000000e+09
-5.079999977053359039e+00 1.224058265600000000e+10
-5.039999977234042028e+00 1.504536166400000000e+10
-4.999999977414724128e+00 1.240983859200000000e+10
-4.959999977595407117e+00 7.555314688000000000e+09
-4.919999977776088329e+00 4.833011712000000000e+09
-4.879999977956770429e+00 3.680040192000000000e+09
-4.839999978137453418e+00 8.522229248000000000e+09
-4.799999978318134630e+00 2.293827993600000000e+10
-4.759999978498816731e+00 3.761392844800000000e+10
-4.719999978679499719e+00 3.575078092800000000e+10
-4.679999978860181820e+00 3.052270796800000000e+10
-4.639999979040864808e+00 4.359911833600000000e+10
-4.599999979221546020e+00 7.147757568000000000e+10
-4.559999979402228121e+00 7.901420748800000000e+10
-4.519999979582911109e+00 6.189746585600000000e+10
-4.479999979763593210e+00 3.492424499200000000e+10
-4.439999979944274422e+00 1.563059609600000000e+10
-4.399999980124957411e+00 5.843154944000000000e+09
-4.359999980305639511e+00 1.630090368000000000e+09
-4.319999980486322499e+00 9.251630720000000000e+08
-4.279999980667003712e+00 1.009889536000000000e+09
-4.239999980847685812e+00 1.252339072000000000e+09
-4.199999981028368801e+00 8.137303040000000000e+08
-4.159999981209050901e+00 2.480527520000000000e+08
-4.119999981389732113e+00 2.530381280000000000e+08
-4.079999981570415102e+00 1.579399936000000000e+09
-4.039999981751097202e+00 4.277221120000000000e+09
-3.999999981931778859e+00 8.304828928000000000e+09
-3.959999982112461847e+00 1.028669440000000000e+10
-3.919999982293143503e+00 9.816768512000000000e+09
-3.879999982473826936e+00 1.078799564800000000e+10
-3.839999982654508148e+00 1.193001574400000000e+10
-3.799999982835189805e+00 1.126342860800000000e+10
-3.759999983015873237e+00 7.543843840000000000e+09
-3.719999983196554894e+00 3.348516864000000000e+09
-3.679999983377236550e+00 1.670840960000000000e+09
-3.639999983557919538e+00 1.165149440000000000e+09
-3.599999983738601195e+00 6.867843200000000000e+08
-3.559999983919284627e+00 3.421318080000000000e+08
-3.519999984099966284e+00 8.883143680000000000e+08
-3.479999984280647940e+00 3.647936768000000000e+09
-3.439999984461330929e+00 1.556911820800000000e+10
-3.399999984642012585e+00 4.430492057600000000e+10
-3.359999984822694241e+00 8.410003865600000000e+10
-3.319999985003377230e+00 1.174366371840000000e+11
-3.279999985184058886e+00 1.250524938240000000e+11
-3.239999985364742319e+00 9.319111884800000000e+10
-3.199999985545423975e+00 5.179540275200000000e+10
-3.159999985726105631e+00 2.463122227200000000e+10
-3.119999985906788620e+00 1.108122316800000000e+10
-3.079999986087470276e+00 4.160984576000000000e+09
-3.039999986268151932e+00 1.598491520000000000e+08
-2.999999986448835365e+00 1.954897408000000000e+09
-2.959999986629517021e+00 2.003557760000000000e+09
-2.919999986810200010e+00 1.008604928000000000e+09
-2.879999986990881666e+00 8.878842880000000000e+09
-2.839999987171563323e+00 1.362296934400000000e+10
-2.799999987352246311e+00 9.557965824000000000e+09
-2.759999987532927967e+00 1.219961241600000000e+10
-2.719999987713609624e+00 1.653526528000000000e+10
-2.679999987894293056e+00 1.164378316800000000e+10
-2.639999988074974713e+00 1.413576396800000000e+10
-2.599999988255656369e+00 3.095181926400000000e+10
-2.559999988436339358e+00 5.635167027200000000e+10
-2.519999988617021014e+00 6.805878374400000000e+10
-2.479999988797704447e+00 7.326470144000000000e+10
-2.439999988978386103e+00 7.161241600000000000e+10
-2.399999989159067315e+00 5.608181350400000000e+10
-2.359999989339750748e+00 4.005632409600000000e+10
-2.319999989520432404e+00 2.901876531200000000e+10
-2.279999989701114060e+00 2.556457164800000000e+10
-2.239999989881797049e+00 1.958105088000000000e+10
-2.199999990062478705e+00 1.041248563200000000e+10
-2.159999990243162138e+00 2.117331200000000000e+09
-2.119999990423843794e+00 7.022013600000000000e+07
-2.079999990604525451e+00 1.908118656000000000e+09
-2.039999990785208439e+00 5.751042048000000000e+09
-1.999999990965890095e+00 1.240171724800000000e+10
-1.959999991146571752e+00 2.164706508800000000e+10
-1.919999991327254962e+00 3.205569536000000000e+10
-1.879999991507936619e+00 2.964601241600000000e+10
-1.839999991688619829e+00 1.439167692800000000e+10
-1.799999991869301486e+00 2.696657152000000000e+09
-1.759999992049983142e+00 8.651921408000000000e+09
-1.719999992230666352e+00 2.884909260800000000e+10
-1.679999992411347787e+00 4.558469529600000000e+10
-1.639999992592029443e+00 3.831511859200000000e+10
-1.599999992772712654e+00 2.578393497600000000e+10
-1.559999992953394310e+00 1.882301235200000000e+10
-1.519999993134077521e+00 2.609112473600000000e+10
-1.479999993314759177e+00 4.863270502400000000e+10
-1.439999993495440833e+00 8.173248512000000000e+10
-1.399999993676124044e+00 1.156747345920000000e+11
-1.359999993856805700e+00 1.187918888960000000e+11
-1.319999994037487356e+00 9.413720473600000000e+10
-1.279999994218170567e+00 6.343871283200000000e+10
-1.239999994398852223e+00 3.890916966400000000e+10
-1.199999994579533658e+00 2.470650265600000000e+10
-1.159999994760216868e+00 8.170942464000000000e+09
-1.119999994940898524e+00 2.960077760000000000e+08
-1.079999995121581735e+00 4.730923520000000000e+09
-1.039999995302263391e+00 1.480939110400000000e+10
-9.999999954829450477e-01 2.661991833600000000e+10
-9.599999956636282583e-01 3.268293836800000000e+10
-9.199999958443099146e-01 2.467144908800000000e+10
-8.799999960249915709e-01 2.394130841600000000e+10
-8.399999962056747815e-01 2.472373043200000000e+10
-7.999999963863563268e-01 1.717148057600000000e+10
-7.599999965670395374e-01 3.783988838400000000e+10
-7.199999967477211937e-01 8.573472768000000000e+10
-6.799999969284028500e-01 9.229685555200000000e+10
-6.399999971090860607e-01 5.874049433600000000e+10
-5.999999972897677170e-01 2.620255232000000000e+10
-5.599999974704492622e-01 8.129856512000000000e+09
-5.199999976511324729e-01 1.746748160000000000e+09
-4.799999978318141292e-01 1.298636800000000000e+09
-4.399999980124973398e-01 3.136928256000000000e+09
-3.999999981931789961e-01 6.560016896000000000e+09
-3.599999983738605969e-01 8.642399232000000000e+09
-3.199999985545438075e-01 1.439089254400000000e+10
-2.799999987352254638e-01 3.002580992000000000e+10
-2.399999989159070646e-01 4.717292339200000000e+10
-1.999999990965902752e-01 4.697703219200000000e+10
-1.599999992772719037e-01 2.802934169600000000e+10
-1.199999994579535323e-01 1.034936012800000000e+10
-7.999999963863674290e-02 4.816014336000000000e+09
-3.999999981931837145e-02 1.210844672000000000e+10
-1.577721810442023611e-15 2.372090060800000000e+10
3.999999981931678938e-02 2.896950886400000000e+10
7.999999963863516084e-02 2.722198323200000000e+10
1.199999994579519502e-01 1.795451084800000000e+10
1.599999992772703217e-01 8.914656256000000000e+09
1.999999990965886931e-01 6.297227776000000000e+09
2.399999989159054825e-01 5.512662528000000000e+09
2.799999987352238540e-01 3.125557248000000000e+09
3.199999985545406433e-01 8.822633472000000000e+09
3.599999983738590426e-01 2.907221196800000000e+10
3.999999981931773863e-01 6.382385561600000000e+10
4.399999980124941756e-01 1.115176468480000000e+11
4.799999978318125748e-01 1.241503907840000000e+11
5.199999976511309185e-01 8.148911718400000000e+10
5.599999974704477079e-01 2.380306841600000000e+10
5.999999972897660516e-01 3.421999680000000000e+08
6.399999971090828410e-01 6.950512128000000000e+09
6.799999969284012957e-01 1.801486540800000000e+10
7.199999967477196394e-01 1.418536038400000000e+10
7.599999965670364288e-01 1.067477708800000000e+10
7.999999963863547725e-01 1.601255219200000000e+10
8.399999962056731162e-01 1.182542028800000000e+10
8.799999960249899056e-01 1.001642803200000000e+10
9.199999958443083603e-01 1.281054310400000000e+10
9.599999956636251497e-01 8.177272832000000000e+09
9.999999954829434934e-01 7.052360320000000000e+08
1.039999995302261837e+00 1.847129497600000000e+10
1.079999995121578626e+00 5.297983897600000000e+10
1.119999994940896970e+00 5.721127321600000000e+10
1.159999994760215314e+00 6.217342566400000000e+10
1.199999994579532103e+00 7.260677734400000000e+10
1.239999994398850447e+00 4.707596697600000000e+10
1.279999994218169013e+00 5.063140147200000000e+10
1.319999994037487356e+00 8.487801651200000000e+10
1.359999993856802591e+00 7.826562252800000000e+10
1.399999993676120935e+00 4.808855142400000000e+10
1.439999993495439279e+00 2.376015052800000000e+10
1.479999993314757623e+00 1.942020096000000000e+10
1.519999993134075966e+00 3.739953152000000000e+10
1.559999992953391201e+00 5.862510182400000000e+10
1.599999992772709545e+00 7.189521203200000000e+10
1.639999992592027889e+00 6.972647833600000000e+10
1.679999992411346232e+00 6.317210419200000000e+10
1.719999992230664798e+00 4.093244620800000000e+10
1.759999992049983142e+00 1.444732518400000000e+10
1.799999991869298377e+00 4.236997888000000000e+09
1.839999991688616721e+00 6.104065536000000000e+09
1.879999991507935064e+00 2.423991360000000000e+08
1.919999991327253408e+00 2.420286464000000000e+10
1.959999991146571752e+00 3.763644825600000000e+10
1.999999990965886987e+00 6.501554176000000000e+09
2.039999990785205330e+00 8.681302016000000000e+09
2.079999990604523674e+00 3.386558873600000000e+10
2.119999990423842018e+00 7.297579417600000000e+10
2.159999990243160362e+00 1.000520990720000000e+11
2.199999990062475597e+00 7.575631462400000000e+10
2.239999989881793940e+00 3.364418355200000000e+10
2.279999989701112284e+00 2.364697395200000000e+10
2.319999989520430628e+00 2.344276172800000000e+10
2.359999989339748971e+00 2.148203520000000000e+10
2.399999989159067315e+00 1.642031104000000000e+10
2.439999988978382550e+00 1.144634572800000000e+10
2.479999988797700894e+00 9.154155520000000000e+09
2.519999988617019682e+00 1.373436313600000000e+10
2.559999988436338025e+00 2.920088576000000000e+10
2.599999988255656369e+00 4.845015040000000000e+10
2.639999988074971604e+00 5.511222067200000000e+10
2.679999987894289948e+00 5.440043417600000000e+10
2.719999987713608292e+00 4.653434880000000000e+10
2.759999987532926635e+00 2.535061708800000000e+10
2.799999987352244979e+00 1.278303539200000000e+10
2.839999987171563323e+00 2.153712025600000000e+10
2.879999986990878558e+00 3.055463014400000000e+10
2.919999986810196901e+00 3.322599628800000000e+10
2.959999986629515245e+00 2.523016601600000000e+10
2.999999986448833589e+00 1.688069427200000000e+10
3.039999986268151932e+00 1.706434969600000000e+10
3.079999986087467168e+00 3.094572646400000000e+10
3.119999985906785511e+00 4.662701260800000000e+10
3.159999985726103855e+00 5.268884684800000000e+10
3.199999985545422199e+00 5.801339289600000000e+10
3.239999985364740542e+00 4.636630220800000000e+10
3.279999985184055777e+00 2.200417280000000000e+10
3.319999985003374121e+00 4.784424448000000000e+09
3.359999984822692465e+00 1.142786944000000000e+09
3.399999984642010808e+00 1.587185792000000000e+09
3.439999984461329596e+00 4.216322816000000000e+09
3.479999984280647940e+00 7.666221568000000000e+09
3.519999984099963175e+00 1.461243776000000000e+09
3.559999983919281519e+00 8.785801216000000000e+09
3.599999983738599862e+00 5.241222758400000000e+10
3.639999983557918206e+00 7.847410892800000000e+10
3.679999983377236550e+00 6.752831488000000000e+10
3.719999983196551785e+00 4.627006668800000000e+10
3.759999983015870129e+00 3.074128896000000000e+10
3.799999982835188472e+00 1.380719001600000000e+10
3.839999982654506816e+00 1.472672768000000000e+10
3.879999982473825160e+00 5.145054412800000000e+10
3.919999982293143503e+00 8.549079449600000000e+10
3.959999982112458738e+00 7.294364057600000000e+10
3.999999981931777082e+00 4.584695808000000000e+10
4.039999981751095426e+00 2.551110246400000000e+10
4.079999981570414214e+00 1.088920268800000000e+10
4.119999981389732113e+00 1.542794240000000000e+10
4.159999981209047348e+00 4.297432268800000000e+10
4.199999981028366136e+00 6.396258304000000000e+10
4.239999980847684036e+00 5.659743027200000000e+10
4.279999980667002824e+00 3.644568371200000000e+10
4.319999980486320723e+00 1.737553510400000000e+10
4.359999980305635958e+00 4.461104128000000000e+09
4.399999980124954746e+00 4.159222720000000000e+08
4.439999979944272646e+00 1.316617728000000000e+09
4.479999979763591433e+00 2.021622400000000000e+09
4.519999979582909333e+00 4.753664000000000000e+09
4.559999979402228121e+00 1.247048601600000000e+10
4.599999979221543356e+00 2.506680524800000000e+10
4.639999979040861255e+00 4.047346073600000000e+10
4.679999978860180043e+00 6.326215065600000000e+10
4.719999978679497943e+00 8.242594611200000000e+10
4.759999978498816731e+00 7.457674854400000000e+10
4.799999978318131966e+00 4.284103065600000000e+10
4.839999978137449865e+00 2.621321420800000000e+10
4.879999977956768653e+00 2.309580185600000000e+10
4.919999977776087441e+00 2.126629068800000000e+10
4.959999977595405340e+00 2.047017779200000000e+10
4.999999977414724128e+00 2.211397836800000000e+10
5.039999977234039363e+00 2.294600704000000000e+10
5.079999977053357263e+00 1.951108505600000000e+10
5.119999976872676051e+00 1.512698163200000000e+10
5.159999976691993950e+00 7.874711552000000000e+09
5.199999976511312738e+00 1.257259904000000000e+09
5.239999976330627973e+00 6.965715200000000000e+08
5.279999976149945873e+00 7.695872512000000000e+09
5.319999975969264661e+00 2.087991091200000000e+10
5.359999975788582560e+00 3.408300851200000000e+10
5.399999975607901348e+00 4.062982963200000000e+10
5.439999975427216583e+00 4.289122304000000000e+10
5.479999975246534483e+00 4.205837926400000000e+10
5.519999975065853270e+00 3.702491545600000000e+10
5.559999974885171170e+00 2.947393331200000000e+10
5.599999974704489958e+00 1.692554854400000000e+10
5.639999974523807857e+00 9.869777920000000000e+09
5.679999974343123093e+00 6.709640704000000000e+09
5.719999974162441880e+00 5.110530560000000000e+09
5.759999973981759780e+00 5.479073280000000000e+09
5.799999973801078568e+00 7.800033280000000000e+09
5.839999973620396467e+00 8.885816320000000000e+09
5.879999973439711702e+00 1.146460774400000000e+10
5.919999973259030490e+00 1.791032934400000000e+10
5.959999973078349278e+00 2.588885196800000000e+10
5.999999972897667178e+00 2.906448486400000000e+10
6.039999972716985965e+00 3.540575436800000000e+10
6.079999972536301200e+00 4.136659763200000000e+10
6.119999972355619100e+00 5.538162278400000000e+10
6.159999972174937888e+00 6.631229030400000000e+10
6.199999971994255787e+00 6.744931123200000000e+10
6.239999971813574575e+00 5.052488089600000000e+10
6.279999971632892475e+00 2.660330086400000000e+10
6.319999971452207710e+00 9.013788672000000000e+09
6.359999971271526498e+00 1.005716800000000000e+09
6.399999971090844397e+00 1.030193024000000000e+09
6.439999970910163185e+00 4.367780352000000000e+09
6.479999970729481085e+00 4.197954304000000000e+09
6.519999970548796320e+00 1.032521728000000000e+09
6.559999970368115108e+00 2.863379840000000000e+08
6.599999970187433007e+00 1.661509248000000000e+09
6.639999970006751795e+00 4.261218560000000000e+09
6.679999969826069695e+00 1.058200576000000000e+10
6.719999969645388482e+00 2.124631859200000000e+10
6.759999969464703717e+00 4.641527808000000000e+10
6.799999969284021617e+00 7.458646425600000000e+10
6.839999969103340405e+00 7.206719488000000000e+10
6.879999968922659193e+00 4.284751052800000000e+10
6.919999968741977092e+00 2.126353408000000000e+10
6.959999968561292327e+00 1.048919244800000000e+10
6.999999968380611115e+00 4.758224896000000000e+09
7.039999968199929015e+00 2.207050752000000000e+09
7.079999968019247802e+00 2.512060416000000000e+09
7.119999967838565702e+00 2.756446464000000000e+09
7.159999967657880937e+00 1.415707008000000000e+09
7.199999967477199725e+00 6.048979200000000000e+08
7.239999967296517625e+00 5.862479872000000000e+09
7.279999967115836412e+00 1.657674240000000000e+10
7.319999966935154312e+00 2.619561369600000000e+10
7.359999966754473100e+00 3.177207398400000000e+10
7.399999966573788335e+00 3.304296243200000000e+10
7.439999966393106234e+00 3.065637478400000000e+10
7.479999966212425022e+00 2.519821926400000000e+10
7.519999966031742922e+00 1.712201420800000000e+10
7.559999965851061710e+00 8.486043648000000000e+09
7.599999965670376945e+00 3.116154368000000000e+09
7.639999965489694844e+00 3.357241088000000000e+09
7.679999965309013632e+00 9.137987584000000000e+09
7.719999965128331532e+00 1.850101760000000000e+10
7.759999964947650319e+00 2.763260723200000000e+10
7.799999964766968219e+00 3.137679360000000000e+10
7.839999964586283454e+00 2.997601075200000000e+10
7.879999964405602242e+00 2.498951372800000000e+10
7.919999964224921030e+00 1.964036505600000000e+10
7.959999964044238929e+00 1.506677145600000000e+10
7.999999963863557717e+00 1.208309760000000000e+10
8.039999963682872064e+00 1.011335372800000000e+10
8.079999963502190852e+00 8.404496896000000000e+09
8.119999963321509640e+00 6.722522624000000000e+09
8.159999963140828427e+00 4.949521920000000000e+09
8.199999962960145439e+00 3.377116160000000000e+09
8.239999962779460674e+00 2.373590016000000000e+09
8.279999962598779462e+00 2.372878080000000000e+09
8.319999962418098249e+00 3.767634688000000000e+09
8.359999962237417037e+00 6.735838720000000000e+09
8.399999962056734049e+00 1.014017433600000000e+10
8.439999961876052836e+00 1.259003904000000000e+10
8.479999961695368071e+00 1.411127603200000000e+10
8.519999961514686859e+00 1.614143385600000000e+10
8.559999961334005647e+00 1.844384972800000000e+10
8.599999961153322658e+00 1.932470272000000000e+10
8.639999960972641446e+00 1.911983308800000000e+10
8.679999960791956681e+00 1.822450073600000000e+10
8.719999960611275469e+00 1.566103142400000000e+10
8.759999960430594257e+00 1.177868595200000000e+10
8.799999960249911268e+00 8.055749632000000000e+09
8.839999960069230056e+00 6.219971072000000000e+09
8.879999959888548844e+00 6.378469376000000000e+09
8.919999959707864079e+00 6.989864960000000000e+09
8.959999959527182867e+00 6.864377856000000000e+09
8.999999959346501655e+00 6.696044032000000000e+09
9.039999959165818666e+00 7.894491136000000000e+09
9.079999958985137454e+00 1.159951872000000000e+10
9.119999958804452689e+00 1.654032281600000000e+10
9.159999958623771477e+00 2.049102233600000000e+10
9.199999958443090264e+00 2.131465420800000000e+10
9.239999958262407276e+00 1.823703244800000000e+10
9.279999958081726064e+00 1.318525132800000000e+10
9.319999957901041299e+00 8.572895744000000000e+09
9.359999957720360086e+00 5.065459200000000000e+09
9.399999957539678874e+00 2.755279616000000000e+09
9.439999957358995886e+00 1.341978880000000000e+09
9.479999957178314673e+00 7.049749760000000000e+08
9.519999956997633461e+00 5.717886720000000000e+08
9.559999956816948696e+00 4.005455360000000000e+08
9.599999956636267484e+00 1.783473600000000000e+08
9.639999956455584496e+00 1.670335200000000000e+08
9.679999956274903283e+00 3.924325440000000000e+08
9.719999956094222071e+00 1.739700480000000000e+09
9.759999955913537306e+00 5.669719040000000000e+09
9.799999955732856094e+00 1.197283020800000000e+10
9.839999955552174882e+00 1.818282803200000000e+10
9.879999955371491893e+00 2.077329612800000000e+10
9.919999955190810681e+00 1.924150886400000000e+10
9.959999955010125916e+00 1.543239680000000000e+10
9.999999954829444704e+00 1.147319808000000000e+10
1.003999995464876349e+01 8.397794816000000000e+09
1.007999995446808050e+01 6.120775168000000000e+09
1.011999995428739929e+01 4.586192384000000000e+09
1.015999995410671808e+01 3.590302464000000000e+09
1.019999995392603331e+01 2.989325824000000000e+09
1.023999995374535210e+01 2.726741504000000000e+09
1.027999995356466911e+01 2.745415424000000000e+09
1.031999995338398790e+01 3.014489344000000000e+09
1.035999995320330669e+01 3.606423808000000000e+09
1.039999995302262192e+01 4.513880576000000000e+09
1.043999995284194071e+01 5.658622976000000000e+09
1.047999995266125772e+01 6.958910976000000000e+09
1.051999995248057651e+01 8.134794240000000000e+09
1.055999995229989530e+01 8.923370496000000000e+09
1.059999995211921409e+01 9.240361984000000000e+09
1.063999995193852932e+01 8.857897984000000000e+09
1.067999995175784633e+01 7.852600320000000000e+09
1.071999995157716512e+01 6.539096576000000000e+09
1.075999995139648391e+01 5.016070144000000000e+09
1.079999995121580270e+01 3.611758592000000000e+09
1.083999995103511793e+01 2.477025792000000000e+09
1.087999995085443672e+01 1.595775360000000000e+09
1.091999995067375373e+01 1.022934656000000000e+09
1.095999995049307252e+01 7.057769600000000000e+08
1.099999995031239131e+01 5.613416320000000000e+08
1.103999995013170654e+01 5.985795840000000000e+08
1.107999994995102533e+01 7.899662720000000000e+08
1.111999994977034234e+01 1.136393344000000000e+09
1.115999994958966113e+01 1.692591488000000000e+09
1.119999994940897992e+01 2.459253248000000000e+09
1.123999994922829870e+01 3.448688640000000000e+09
1.127999994904761394e+01 4.750087168000000000e+09
1.131999994886693095e+01 6.500523008000000000e+09
1.135999994868624974e+01 8.744046592000000000e+09
1.139999994850556853e+01 1.144309862400000000e+10
1.143999994832488731e+01 1.379338444800000000e+10
1.147999994814420255e+01 1.447441305600000000e+10
1.151999994796351956e+01 1.310645145600000000e+10
1.155999994778283835e+01 1.045478604800000000e+10
1.159999994760215714e+01 7.618382848000000000e+09
1.163999994742147592e+01 5.314896896000000000e+09
1.167999994724079293e+01 3.615869184000000000e+09
1.171999994706010817e+01 2.496999680000000000e+09
1.175999994687942696e+01 1.780162944000000000e+09
1.179999994669874575e+01 1.354412416000000000e+09
1.183999994651806453e+01 1.137250048000000000e+09
1.187999994633738332e+01 1.073112128000000000e+09
1.191999994615669856e+01 1.155715840000000000e+09
1.195999994597601557e+01 1.350707712000000000e+09
1.199999994579533436e+01 1.650122112000000000e+09
1.203999994561465314e+01 2.091887360000000000e+09
1.207999994543397193e+01 2.633527808000000000e+09
1.211999994525328717e+01 3.268979456000000000e+09
1.215999994507260418e+01 3.961255168000000000e+09
1.219999994489192296e+01 4.694363648000000000e+09
1.223999994471124175e+01 5.366803456000000000e+09
1.227999994453056054e+01 5.942462464000000000e+09
1.231999994434987755e+01 6.413351936000000000e+09
1.235999994416919279e+01 6.693857792000000000e+09
1.239999994398851157e+01 6.765182976000000000e+09
1.243999994380783036e+01 6.636926464000000000e+09
1.247999994362714915e+01 6.204833792000000000e+09
1.251999994344646616e+01 5.437736448000000000e+09
1.255999994326578140e+01 4.415675392000000000e+09
1.259999994308510018e+01 3.290019584000000000e+09
1.263999994290441897e+01 2.273653760000000000e+09
