# x = Time (fs); y = Power (W)
-1.155999994778284012e+01 1.533560192000000000e+09
-1.151999994796352311e+01 1.688296320000000000e+09
-1.147999994814420432e+01 1.858650368000000000e+09
-1.143999994832488731e+01 2.051550592000000000e+09
-1.139999994850557030e+01 2.212941056000000000e+09
-1.135999994868625151e+01 2.396329472000000000e+09
-1.131999994886693450e+01 2.572128256000000000e+09
-1.127999994904761571e+01 2.718426112000000000e+09
-1.123999994922829870e+01 2.912830976000000000e+09
-1.119999994940898169e+01 3.166002944000000000e+09
-1.115999994958966290e+01 3.490489600000000000e+09
-1.111999994977034589e+01 3.930719488000000000e+09
-1.107999994995102711e+01 4.359544320000000000e+09
-1.103999995013171009e+01 4.482917888000000000e+09
-1.099999995031239131e+01 4.157628160000000000e+09
-1.095999995049307429e+01 3.452439040000000000e+09
-1.091999995067375551e+01 2.632145664000000000e+09
-1.087999995085443850e+01 1.901729024000000000e+09
-1.083999995103512148e+01 1.331968896000000000e+09
-1.079999995121580270e+01 8.991249280000000000e+08
-1.075999995139648568e+01 6.079553920000000000e+08
-1.071999995157716690e+01 4.373178240000000000e+08
-1.067999995175784989e+01 3.322543040000000000e+08
-1.063999995193853110e+01 2.858260800000000000e+08
-1.059999995211921409e+01 2.827276160000000000e+08
-1.055999995229989707e+01 3.093109440000000000e+08
-1.051999995248057829e+01 3.772988800000000000e+08
-1.047999995266126128e+01 5.329094720000000000e+08
-1.043999995284194249e+01 8.295760640000000000e+08
-1.039999995302262548e+01 1.423772032000000000e+09
-1.035999995320330669e+01 2.541870080000000000e+09
-1.031999995338398968e+01 4.395771904000000000e+09
-1.027999995356467089e+01 7.053292032000000000e+09
-1.023999995374535388e+01 9.787648000000000000e+09
-1.019999995392603687e+01 1.123060633600000000e+10
-1.015999995410671808e+01 1.072659763200000000e+10
-1.011999995428740107e+01 8.771119104000000000e+09
-1.007999995446808228e+01 6.563905536000000000e+09
-1.003999995464876527e+01 4.512326656000000000e+09
-9.999999954829448257e+00 2.856385280000000000e+09
-9.959999955010129469e+00 1.635641856000000000e+09
-9.919999955190810681e+00 8.933201280000000000e+08
-9.879999955371493670e+00 6.131828480000000000e+08
-9.839999955552174882e+00 6.892286080000000000e+08
-9.799999955732859647e+00 9.042947200000000000e+08
-9.759999955913540859e+00 1.142056448000000000e+09
-9.719999956094222071e+00 1.321094272000000000e+09
-9.679999956274905060e+00 1.351522304000000000e+09
-9.639999956455586272e+00 1.255370880000000000e+09
-9.599999956636269260e+00 1.048643008000000000e+09
-9.559999956816952249e+00 7.827054720000000000e+08
-9.519999956997633461e+00 5.353704960000000000e+08
-9.479999957178316450e+00 3.464244800000000000e+08
-9.439999957358997662e+00 2.621902080000000000e+08
-9.399999957539680651e+00 3.951533760000000000e+08
-9.359999957720363639e+00 9.559707520000000000e+08
-9.319999957901044851e+00 2.232983040000000000e+09
-9.279999958081726064e+00 4.269859328000000000e+09
-9.239999958262409052e+00 6.557602816000000000e+09
-9.199999958443092041e+00 8.619239424000000000e+09
-9.159999958623775029e+00 9.936745472000000000e+09
-9.119999958804456242e+00 1.050545459200000000e+10
-9.079999958985137454e+00 1.009546240000000000e+10
-9.039999959165818666e+00 8.433995264000000000e+09
-8.999999959346501655e+00 6.607628288000000000e+09
-8.959999959527186419e+00 4.459895808000000000e+09
-8.919999959707867632e+00 2.934041344000000000e+09
-8.879999959888548844e+00 1.940970880000000000e+09
-8.839999960069230056e+00 1.237889920000000000e+09
-8.799999960249913045e+00 7.526543360000000000e+08
-8.759999960430597810e+00 4.283919360000000000e+08
-8.719999960611279022e+00 2.450951200000000000e+08
-8.679999960791960234e+00 2.037586240000000000e+08
-8.639999960972641446e+00 3.640536640000000000e+08
-8.599999961153324435e+00 7.734264320000000000e+08
-8.559999961334007423e+00 1.511872000000000000e+09
-8.519999961514690412e+00 2.030318976000000000e+09
-8.479999961695371624e+00 1.814254720000000000e+09
-8.439999961876052836e+00 2.254256640000000000e+09
-8.399999962056734049e+00 5.679685632000000000e+09
-8.359999962237418814e+00 1.185240883200000000e+10
-8.319999962418101802e+00 1.810356838400000000e+10
-8.279999962598783014e+00 2.228624179200000000e+10
-8.239999962779464227e+00 2.317577216000000000e+10
-8.199999962960145439e+00 2.198345113600000000e+10
-8.159999963140828427e+00 1.863177830400000000e+10
-8.119999963321513192e+00 1.495561113600000000e+10
-8.079999963502194404e+00 1.223122534400000000e+10
-8.039999963682875617e+00 1.065870950400000000e+10
-7.999999963863557717e+00 1.044904140800000000e+10
-7.959999964044240706e+00 1.075121664000000000e+10
-7.919999964224921918e+00 1.181969715200000000e+10
-7.879999964405605795e+00 1.323792793600000000e+10
-7.839999964586287007e+00 1.461556326400000000e+10
-7.799999964766968219e+00 1.570472140800000000e+10
-7.759999964947650319e+00 1.590954188800000000e+10
-7.719999965128333308e+00 1.392143360000000000e+10
-7.679999965309016297e+00 1.096887910400000000e+10
-7.639999965489698397e+00 8.409626624000000000e+09
-7.599999965670379609e+00 6.531193856000000000e+09
-7.559999965851061710e+00 5.313648640000000000e+09
-7.519999966031744698e+00 3.667116032000000000e+09
-7.479999966212426799e+00 2.364013568000000000e+09
-7.439999966393109787e+00 1.735675904000000000e+09
-7.399999966573790999e+00 1.486896640000000000e+09
-7.359999966754473100e+00 1.920846976000000000e+09
-7.319999966935154312e+00 2.453472000000000000e+09
-7.279999967115837300e+00 3.041062144000000000e+09
-7.239999967296521177e+00 4.142235392000000000e+09
-7.199999967477202389e+00 5.506194944000000000e+09
-7.159999967657884490e+00 6.679737344000000000e+09
-7.119999967838565702e+00 6.506286080000000000e+09
-7.079999968019248691e+00 6.423515648000000000e+09
-7.039999968199931679e+00 6.929283584000000000e+09
-6.999999968380612891e+00 7.547875328000000000e+09
-6.959999968561295880e+00 6.685992448000000000e+09
-6.919999968741977980e+00 4.838799872000000000e+09
-6.879999968922660081e+00 2.754137600000000000e+09
-6.839999969103342181e+00 1.241298176000000000e+09
-6.799999969284024282e+00 5.974252800000000000e+08
-6.759999969464706382e+00 2.822539840000000000e+08
-6.719999969645389370e+00 2.164700000000000000e+08
-6.679999969826070583e+00 4.003327680000000000e+08
-6.639999970006753571e+00 1.559365120000000000e+09
-6.599999970187435672e+00 4.153013760000000000e+09
-6.559999970368116884e+00 7.248098816000000000e+09
-6.519999970548799872e+00 8.706762752000000000e+09
-6.479999970729481973e+00 1.075931238400000000e+10
-6.439999970910164961e+00 1.403261337600000000e+10
-6.399999971090846174e+00 1.657214054400000000e+10
-6.359999971271528274e+00 1.940237926400000000e+10
-6.319999971452211263e+00 2.480689152000000000e+10
-6.279999971632893363e+00 2.545557504000000000e+10
-6.239999971813575463e+00 2.180334387200000000e+10
-6.199999971994257564e+00 1.339049676800000000e+10
-6.159999972174939664e+00 8.319368192000000000e+09
-6.119999972355622653e+00 4.747234304000000000e+09
-6.079999972536303865e+00 3.131941632000000000e+09
-6.039999972716985965e+00 4.290757376000000000e+09
-5.999999972897668954e+00 9.449252864000000000e+09
-5.959999973078351054e+00 1.493580902400000000e+10
-5.919999973259033155e+00 1.773234380800000000e+10
-5.879999973439715255e+00 1.697759948800000000e+10
-5.839999973620396467e+00 1.230465024000000000e+10
-5.799999973801080344e+00 9.650835456000000000e+09
-5.759999973981761556e+00 1.042838528000000000e+10
-5.719999974162444545e+00 1.191537561600000000e+10
-5.679999974343126645e+00 1.017531392000000000e+10
-5.639999974523807857e+00 5.837357056000000000e+09
-5.599999974704491734e+00 2.201171968000000000e+09
-5.559999974885172946e+00 2.644339968000000000e+09
-5.519999975065855047e+00 9.116768256000000000e+09
-5.479999975246538035e+00 2.033435238400000000e+10
-5.439999975427219248e+00 3.000570880000000000e+10
-5.399999975607903124e+00 3.322591436800000000e+10
-5.359999975788584337e+00 3.839541248000000000e+10
-5.319999975969265549e+00 4.911612313600000000e+10
-5.279999976149949426e+00 5.524765081600000000e+10
-5.239999976330630638e+00 5.251638476800000000e+10
-5.199999976511312738e+00 4.340553728000000000e+10
-5.159999976691995727e+00 2.963587481600000000e+10
-5.119999976872676939e+00 2.200495513600000000e+10
-5.079999977053359039e+00 1.763889356800000000e+10
-5.039999977234042028e+00 1.443778867200000000e+10
-4.999999977414724128e+00 9.759659008000000000e+09
-4.959999977595407117e+00 4.218803456000000000e+09
-4.919999977776088329e+00 1.959950592000000000e+09
-4.879999977956770429e+00 4.405345792000000000e+09
-4.839999978137453418e+00 1.148386816000000000e+10
-4.799999978318134630e+00 1.954962841600000000e+10
-4.759999978498816731e+00 2.817413529600000000e+10
-4.719999978679499719e+00 3.431410073600000000e+10
-4.679999978860181820e+00 2.984644403200000000e+10
-4.639999979040864808e+00 1.491180748800000000e+10
-4.599999979221546020e+00 5.440990720000000000e+09
-4.559999979402228121e+00 8.959248000000000000e+08
-4.519999979582911109e+00 9.514549600000000000e+07
-4.479999979763593210e+00 1.354025600000000000e+09
-4.439999979944274422e+00 5.962032640000000000e+09
-4.399999980124957411e+00 1.171490508800000000e+10
-4.359999980305639511e+00 1.145765683200000000e+10
-4.319999980486322499e+00 8.776645632000000000e+09
-4.279999980667003712e+00 7.867772416000000000e+09
-4.239999980847685812e+00 7.976538112000000000e+09
-4.199999981028368801e+00 8.969157632000000000e+09
-4.159999981209050901e+00 7.257483264000000000e+09
-4.119999981389732113e+00 1.579005696000000000e+09
-4.079999981570415102e+00 1.623832960000000000e+09
-4.039999981751097202e+00 1.522766848000000000e+10
-3.999999981931778859e+00 3.511963648000000000e+10
-3.959999982112461847e+00 5.023898828800000000e+10
-3.919999982293143503e+00 5.695310643200000000e+10
-3.879999982473826936e+00 5.322770022400000000e+10
-3.839999982654508148e+00 4.408286412800000000e+10
-3.799999982835189805e+00 3.013318860800000000e+10
-3.759999983015873237e+00 2.178826035200000000e+10
-3.719999983196554894e+00 1.617923379200000000e+10
-3.679999983377236550e+00 1.217286451200000000e+10
-3.639999983557919538e+00 6.895383552000000000e+09
-3.599999983738601195e+00 1.797654272000000000e+09
-3.559999983919284627e+00 9.136247808000000000e+09
-3.519999984099966284e+00 2.886999654400000000e+10
-3.479999984280647940e+00 2.358483148800000000e+10
-3.439999984461330929e+00 6.991366656000000000e+09
-3.399999984642012585e+00 4.354050867200000000e+10
-3.359999984822694241e+00 1.167363112960000000e+11
-3.319999985003377230e+00 1.481451929600000000e+11
-3.279999985184058886e+00 1.295721758720000000e+11
-3.239999985364742319e+00 8.174185676800000000e+10
-3.199999985545423975e+00 4.359405158400000000e+10
-3.159999985726105631e+00 1.858399436800000000e+10
-3.119999985906788620e+00 7.071006208000000000e+09
-3.079999986087470276e+00 5.691489792000000000e+09
-3.039999986268151932e+00 1.113438003200000000e+10
-2.999999986448835365e+00 2.070453248000000000e+10
-2.959999986629517021e+00 2.490660249600000000e+10
-2.919999986810200010e+00 2.553407897600000000e+10
-2.879999986990881666e+00 2.458856857600000000e+10
-2.839999987171563323e+00 1.679945420800000000e+10
-2.799999987352246311e+00 9.306151936000000000e+09
-2.759999987532927967e+00 7.595372032000000000e+09
-2.719999987713609624e+00 1.075198054400000000e+10
-2.679999987894293056e+00 9.806629888000000000e+09
-2.639999988074974713e+00 1.477230336000000000e+09
-2.599999988255656369e+00 1.353797529600000000e+10
-2.559999988436339358e+00 2.324672921600000000e+10
-2.519999988617021014e+00 2.663995596800000000e+10
-2.479999988797704447e+00 6.803946291200000000e+10
-2.439999988978386103e+00 1.058544107520000000e+11
-2.399999989159067315e+00 7.819894784000000000e+10
-2.359999989339750748e+00 3.518407065600000000e+10
-2.319999989520432404e+00 2.328762777600000000e+10
-2.279999989701114060e+00 2.113133363200000000e+10
-2.239999989881797049e+00 1.680562380800000000e+10
-2.199999990062478705e+00 1.559704064000000000e+10
-2.159999990243162138e+00 8.736551936000000000e+09
-2.119999990423843794e+00 3.653542400000000000e+09
-2.079999990604525451e+00 3.828439680000000000e+08
-2.039999990785208439e+00 8.070983040000000000e+08
-1.999999990965890095e+00 1.374935040000000000e+09
-1.959999991146571752e+00 6.243203200000000000e+08
-1.919999991327254962e+00 2.882039296000000000e+09
-1.879999991507936619e+00 1.205698560000000000e+10
-1.839999991688619829e+00 2.422113280000000000e+10
-1.799999991869301486e+00 3.955470336000000000e+10
-1.759999992049983142e+00 7.667708723200000000e+10
-1.719999992230666352e+00 1.060165304320000000e+11
-1.679999992411347787e+00 1.009730928640000000e+11
-1.639999992592029443e+00 5.817078579200000000e+10
-1.599999992772712654e+00 3.483094630400000000e+10
-1.559999992953394310e+00 2.257767424000000000e+10
-1.519999993134077521e+00 1.564442214400000000e+10
-1.479999993314759177e+00 1.461714841600000000e+10
-1.439999993495440833e+00 2.064458956800000000e+10
-1.399999993676124044e+00 2.690808832000000000e+10
-1.359999993856805700e+00 3.954144051200000000e+10
-1.319999994037487356e+00 4.102470451200000000e+10
-1.279999994218170567e+00 2.208288153600000000e+10
-1.239999994398852223e+00 1.994702592000000000e+09
-1.199999994579533658e+00 1.902953267200000000e+10
-1.159999994760216868e+00 3.853574144000000000e+10
-1.119999994940898524e+00 4.384185548800000000e+10
-1.079999995121581735e+00 4.090416332800000000e+10
-1.039999995302263391e+00 3.312859750400000000e+10
-9.999999954829450477e-01 2.397498777600000000e+10
-9.599999956636282583e-01 2.160451584000000000e+10
-9.199999958443099146e-01 3.344623820800000000e+10
-8.799999960249915709e-01 4.227141632000000000e+10
-8.399999962056747815e-01 3.987939328000000000e+10
-7.999999963863563268e-01 2.368359628800000000e+10
-7.599999965670395374e-01 1.409428582400000000e+10
-7.199999967477211937e-01 1.715337625600000000e+10
-6.799999969284028500e-01 1.083948441600000000e+10
-6.399999971090860607e-01 1.815505792000000000e+09
-5.999999972897677170e-01 1.711735705600000000e+10
-5.599999974704492622e-01 2.963168460800000000e+10
-5.199999976511324729e-01 5.271812096000000000e+10
-4.799999978318141292e-01 6.605562265600000000e+10
-4.399999980124973398e-01 3.504500736000000000e+10
-3.999999981931789961e-01 2.418796134400000000e+10
-3.599999983738605969e-01 8.472543232000000000e+10
-3.199999985545438075e-01 1.023885803520000000e+11
-2.799999987352254638e-01 6.516024934400000000e+10
-2.399999989159070646e-01 2.239673548800000000e+10
-1.999999990965902752e-01 2.895540992000000000e+09
-1.599999992772719037e-01 7.342490240000000000e+08
-1.199999994579535323e-01 1.486405760000000000e+09
-7.999999963863674290e-02 7.758318080000000000e+09
-3.999999981931837145e-02 2.300154265600000000e+10
-1.577721810442023611e-15 3.228941312000000000e+10
3.999999981931678938e-02 3.103217049600000000e+10
7.999999963863516084e-02 1.653577830400000000e+10
1.199999994579519502e-01 8.316228608000000000e+09
1.599999992772703217e-01 1.495707443200000000e+10
1.999999990965886931e-01 1.788491161600000000e+10
2.399999989159054825e-01 1.620835942400000000e+10
2.799999987352238540e-01 3.271862681600000000e+10
3.199999985545406433e-01 6.461240934400000000e+10
3.599999983738590426e-01 1.004810731520000000e+11
3.999999981931773863e-01 1.250452439040000000e+11
4.399999980124941756e-01 1.233073029120000000e+11
4.799999978318125748e-01 9.627947827200000000e+10
5.199999976511309185e-01 6.581086208000000000e+10
5.599999974704477079e-01 4.049969971200000000e+10
5.999999972897660516e-01 2.106313523200000000e+10
6.399999971090828410e-01 1.047731916800000000e+10
6.799999969284012957e-01 7.426191360000000000e+09
7.199999967477196394e-01 7.346265600000000000e+09
7.599999965670364288e-01 6.899169280000000000e+09
7.999999963863547725e-01 3.162288896000000000e+09
8.399999962056731162e-01 1.277918592000000000e+09
8.799999960249899056e-01 1.759278848000000000e+09
9.199999958443083603e-01 1.347833600000000000e+09
9.599999956636251497e-01 2.347774720000000000e+09
9.999999954829434934e-01 1.102060748800000000e+10
1.039999995302261837e+00 1.850868121600000000e+10
1.079999995121578626e+00 1.585412403200000000e+10
1.119999994940896970e+00 8.333356544000000000e+09
1.159999994760215314e+00 1.159634841600000000e+10
1.199999994579532103e+00 2.993980620800000000e+10
1.239999994398850447e+00 6.682872627200000000e+10
1.279999994218169013e+00 8.659954892800000000e+10
1.319999994037487356e+00 5.760613990400000000e+10
1.359999993856802591e+00 1.796227072000000000e+10
1.399999993676120935e+00 2.930273075200000000e+10
1.439999993495439279e+00 4.184046796800000000e+10
1.479999993314757623e+00 3.192880537600000000e+10
1.519999993134075966e+00 2.027854028800000000e+10
1.559999992953391201e+00 1.369546854400000000e+10
1.599999992772709545e+00 2.538390118400000000e+10
1.639999992592027889e+00 4.439301324800000000e+10
1.679999992411346232e+00 6.185469132800000000e+10
1.719999992230664798e+00 8.472381849600000000e+10
1.759999992049983142e+00 7.997507993600000000e+10
1.799999991869298377e+00 4.540408217600000000e+10
1.839999991688616721e+00 1.540828467200000000e+10
1.879999991507935064e+00 2.357860608000000000e+09
1.919999991327253408e+00 3.204273920000000000e+08
1.959999991146571752e+00 3.593842176000000000e+09
1.999999990965886987e+00 5.733965824000000000e+09
2.039999990785205330e+00 1.019642675200000000e+10
2.079999990604523674e+00 2.277323366400000000e+10
2.119999990423842018e+00 2.971100160000000000e+10
2.159999990243160362e+00 2.243147776000000000e+10
2.199999990062475597e+00 1.399858585600000000e+10
2.239999989881793940e+00 9.731472384000000000e+09
2.279999989701112284e+00 9.333431296000000000e+09
2.319999989520430628e+00 1.886901452800000000e+10
2.359999989339748971e+00 4.468978073600000000e+10
2.399999989159067315e+00 8.127583027200000000e+10
2.439999988978382550e+00 1.151297044480000000e+11
2.479999988797700894e+00 1.375868846080000000e+11
2.519999988617019682e+00 1.354262691840000000e+11
2.559999988436338025e+00 1.241218580480000000e+11
2.599999988255656369e+00 1.225442426880000000e+11
2.639999988074971604e+00 1.015318282240000000e+11
2.679999987894289948e+00 5.184693452800000000e+10
2.719999987713608292e+00 1.165297664000000000e+10
2.759999987532926635e+00 3.855148800000000000e+08
2.799999987352244979e+00 3.398329856000000000e+09
2.839999987171563323e+00 9.658998784000000000e+09
2.879999986990878558e+00 1.552618905600000000e+10
2.919999986810196901e+00 2.089212313600000000e+10
2.959999986629515245e+00 2.430064640000000000e+10
2.999999986448833589e+00 2.103843635200000000e+10
3.039999986268151932e+00 1.334309171200000000e+10
3.079999986087467168e+00 5.304609280000000000e+09
3.119999985906785511e+00 5.192609792000000000e+09
3.159999985726103855e+00 1.347723264000000000e+10
3.199999985545422199e+00 1.453005209600000000e+10
3.239999985364740542e+00 5.650267136000000000e+09
3.279999985184055777e+00 5.928432640000000000e+08
3.319999985003374121e+00 4.650159616000000000e+09
3.359999984822692465e+00 1.751393894400000000e+10
3.399999984642010808e+00 3.689834496000000000e+10
3.439999984461329596e+00 5.153892352000000000e+10
3.479999984280647940e+00 6.648216780800000000e+10
3.519999984099963175e+00 7.298563276800000000e+10
3.559999983919281519e+00 5.992356659200000000e+10
3.599999983738599862e+00 4.002374041600000000e+10
3.639999983557918206e+00 2.983804313600000000e+10
3.679999983377236550e+00 2.639922585600000000e+10
3.719999983196551785e+00 2.414008524800000000e+10
3.759999983015870129e+00 1.898942873600000000e+10
3.799999982835188472e+00 9.379311616000000000e+09
3.839999982654506816e+00 8.495122432000000000e+09
3.879999982473825160e+00 7.228237824000000000e+09
3.919999982293143503e+00 4.195464960000000000e+09
3.959999982112458738e+00 7.341779456000000000e+09
3.999999981931777082e+00 1.673191936000000000e+10
4.039999981751095426e+00 2.784034201600000000e+10
4.079999981570414214e+00 4.779563417600000000e+10
4.119999981389732113e+00 6.697749708800000000e+10
4.159999981209047348e+00 7.598257766400000000e+10
4.199999981028366136e+00 6.841128550400000000e+10
4.239999980847684036e+00 4.447345459200000000e+10
4.279999980667002824e+00 2.545683660800000000e+10
4.319999980486320723e+00 1.454675865600000000e+10
4.359999980305635958e+00 1.250268160000000000e+10
4.399999980124954746e+00 1.040571392000000000e+10
4.439999979944272646e+00 1.445897625600000000e+10
4.479999979763591433e+00 2.641147289600000000e+10
4.519999979582909333e+00 3.053587456000000000e+10
4.559999979402228121e+00 3.569739776000000000e+10
4.599999979221543356e+00 4.408180326400000000e+10
4.639999979040861255e+00 4.777583820800000000e+10
4.679999978860180043e+00 5.113725747200000000e+10
4.719999978679497943e+00 4.852890419200000000e+10
4.759999978498816731e+00 3.587038003200000000e+10
4.799999978318131966e+00 2.761330073600000000e+10
4.839999978137449865e+00 2.824043520000000000e+10
4.879999977956768653e+00 3.118957568000000000e+10
4.919999977776087441e+00 2.859228160000000000e+10
4.959999977595405340e+00 1.879086694400000000e+10
4.999999977414724128e+00 1.436203520000000000e+10
5.039999977234039363e+00 9.562532864000000000e+09
5.079999977053357263e+00 1.956011392000000000e+09
5.119999976872676051e+00 4.490865664000000000e+09
5.159999976691993950e+00 2.691897753600000000e+10
5.199999976511312738e+00 5.032966553600000000e+10
5.239999976330627973e+00 5.472346112000000000e+10
5.279999976149945873e+00 4.555801395200000000e+10
5.319999975969264661e+00 3.294882201600000000e+10
5.359999975788582560e+00 2.219006976000000000e+10
5.399999975607901348e+00 1.563943833600000000e+10
5.439999975427216583e+00 1.140352819200000000e+10
5.479999975246534483e+00 7.085484544000000000e+09
5.519999975065853270e+00 3.616433152000000000e+09
5.559999974885171170e+00 4.405178880000000000e+09
5.599999974704489958e+00 4.874556416000000000e+09
5.639999974523807857e+00 3.098114560000000000e+09
5.679999974343123093e+00 1.212577382400000000e+10
5.719999974162441880e+00 2.839599104000000000e+10
5.759999973981759780e+00 3.365177753600000000e+10
5.799999973801078568e+00 3.473938841600000000e+10
5.839999973620396467e+00 3.215667609600000000e+10
5.879999973439711702e+00 3.385496576000000000e+10
5.919999973259030490e+00 3.627947212800000000e+10
5.959999973078349278e+00 2.823373619200000000e+10
5.999999972897667178e+00 9.253578752000000000e+09
6.039999972716985965e+00 9.710355456000000000e+09
6.079999972536301200e+00 3.224810700800000000e+10
6.119999972355619100e+00 5.434894336000000000e+10
6.159999972174937888e+00 6.687701401600000000e+10
6.199999971994255787e+00 6.649384550400000000e+10
6.239999971813574575e+00 5.784353996800000000e+10
6.279999971632892475e+00 4.639078400000000000e+10
6.319999971452207710e+00 3.857114726400000000e+10
6.359999971271526498e+00 3.092900454400000000e+10
6.399999971090844397e+00 2.119470899200000000e+10
6.439999970910163185e+00 1.045167308800000000e+10
6.479999970729481085e+00 3.542117632000000000e+09
6.519999970548796320e+00 7.610282240000000000e+08
6.559999970368115108e+00 2.207585760000000000e+08
6.599999970187433007e+00 1.050249280000000000e+09
6.639999970006751795e+00 4.143105280000000000e+09
6.679999969826069695e+00 1.065028096000000000e+10
6.719999969645388482e+00 1.867804672000000000e+10
6.759999969464703717e+00 2.520041676800000000e+10
6.799999969284021617e+00 2.644176076800000000e+10
6.839999969103340405e+00 2.232826880000000000e+10
6.879999968922659193e+00 1.705393254400000000e+10
6.919999968741977092e+00 1.269702656000000000e+10
6.959999968561292327e+00 9.322459136000000000e+09
6.999999968380611115e+00 5.234206720000000000e+09
7.039999968199929015e+00 1.334921984000000000e+09
7.079999968019247802e+00 1.513734528000000000e+09
7.119999967838565702e+00 8.096830976000000000e+09
7.159999967657880937e+00 1.950186905600000000e+10
7.199999967477199725e+00 3.228127027200000000e+10
7.239999967296517625e+00 4.236549324800000000e+10
7.279999967115836412e+00 4.171983257600000000e+10
7.319999966935154312e+00 3.378405376000000000e+10
7.359999966754473100e+00 2.260335206400000000e+10
7.399999966573788335e+00 1.314875904000000000e+10
7.439999966393106234e+00 8.112212992000000000e+09
7.479999966212425022e+00 5.264888320000000000e+09
7.519999966031742922e+00 3.347317248000000000e+09
7.559999965851061710e+00 2.273684224000000000e+09
7.599999965670376945e+00 6.353051648000000000e+09
7.639999965489694844e+00 1.683004825600000000e+10
7.679999965309013632e+00 2.827228979200000000e+10
7.719999965128331532e+00 3.488458752000000000e+10
7.759999964947650319e+00 2.954890444800000000e+10
7.799999964766968219e+00 2.042386432000000000e+10
7.839999964586283454e+00 1.186931916800000000e+10
7.879999964405602242e+00 8.291890688000000000e+09
7.919999964224921030e+00 8.092184576000000000e+09
7.959999964044238929e+00 9.076535296000000000e+09
7.999999963863557717e+00 1.024851353600000000e+10
8.039999963682872064e+00 1.072166400000000000e+10
8.079999963502190852e+00 9.721036800000000000e+09
8.119999963321509640e+00 8.629584896000000000e+09
8.159999963140828427e+00 7.317791232000000000e+09
8.199999962960145439e+00 4.948056576000000000e+09
8.239999962779460674e+00 2.801433600000000000e+09
8.279999962598779462e+00 3.031501824000000000e+09
8.319999962418098249e+00 6.416547840000000000e+09
8.359999962237417037e+00 1.134196224000000000e+10
8.399999962056734049e+00 1.496574566400000000e+10
8.439999961876052836e+00 1.620344012800000000e+10
8.479999961695368071e+00 1.502245068800000000e+10
8.519999961514686859e+00 1.208530329600000000e+10
8.559999961334005647e+00 9.458540544000000000e+09
8.599999961153322658e+00 8.480162304000000000e+09
8.639999960972641446e+00 9.480222720000000000e+09
8.679999960791956681e+00 1.242386841600000000e+10
8.719999960611275469e+00 1.654546944000000000e+10
8.759999960430594257e+00 2.015047475200000000e+10
8.799999960249911268e+00 2.301532979200000000e+10
8.839999960069230056e+00 2.492124364800000000e+10
8.879999959888548844e+00 2.584990924800000000e+10
8.919999959707864079e+00 2.543140864000000000e+10
8.959999959527182867e+00 2.375387750400000000e+10
8.999999959346501655e+00 2.041088000000000000e+10
9.039999959165818666e+00 1.587788800000000000e+10
9.079999958985137454e+00 1.144581836800000000e+10
9.119999958804452689e+00 7.790078976000000000e+09
9.159999958623771477e+00 5.181054464000000000e+09
9.199999958443090264e+00 3.296605440000000000e+09
9.239999958262407276e+00 1.758333440000000000e+09
9.279999958081726064e+00 5.736712960000000000e+08
9.319999957901041299e+00 4.243651200000000000e+07
9.359999957720360086e+00 1.956661920000000000e+08
9.399999957539678874e+00 7.451633280000000000e+08
9.439999957358995886e+00 1.413646464000000000e+09
9.479999957178314673e+00 2.058262528000000000e+09
9.519999956997633461e+00 2.512659200000000000e+09
9.559999956816948696e+00 3.034520576000000000e+09
9.599999956636267484e+00 4.013197568000000000e+09
9.639999956455584496e+00 5.703842304000000000e+09
9.679999956274903283e+00 8.634190848000000000e+09
9.719999956094222071e+00 1.275970764800000000e+10
9.759999955913537306e+00 1.771625062400000000e+10
9.799999955732856094e+00 2.239023308800000000e+10
9.839999955552174882e+00 2.440830976000000000e+10
9.879999955371491893e+00 2.206463180800000000e+10
9.919999955190810681e+00 1.715132825600000000e+10
9.959999955010125916e+00 1.233951846400000000e+10
9.999999954829444704e+00 8.982195200000000000e+09
1.003999995464876349e+01 7.086800896000000000e+09
1.007999995446808050e+01 5.842564608000000000e+09
1.011999995428739929e+01 4.388367360000000000e+09
1.015999995410671808e+01 2.693244672000000000e+09
1.019999995392603331e+01 1.426566528000000000e+09
1.023999995374535210e+01 1.389779968000000000e+09
1.027999995356466911e+01 2.794961920000000000e+09
1.031999995338398790e+01 4.757228032000000000e+09
1.035999995320330669e+01 5.954685952000000000e+09
1.039999995302262192e+01 5.975768064000000000e+09
1.043999995284194071e+01 5.287364608000000000e+09
1.047999995266125772e+01 4.569224704000000000e+09
1.051999995248057651e+01 4.170088448000000000e+09
1.055999995229989530e+01 4.064702464000000000e+09
1.059999995211921409e+01 4.216211456000000000e+09
1.063999995193852932e+01 4.578720256000000000e+09
1.067999995175784633e+01 5.076536320000000000e+09
1.071999995157716512e+01 5.605433344000000000e+09
1.075999995139648391e+01 6.240626176000000000e+09
1.079999995121580270e+01 7.011993600000000000e+09
1.083999995103511793e+01 8.034710016000000000e+09
1.087999995085443672e+01 9.387155456000000000e+09
1.091999995067375373e+01 1.120960102400000000e+10
1.095999995049307252e+01 1.334523904000000000e+10
1.099999995031239131e+01 1.515830784000000000e+10
1.103999995013170654e+01 1.571509862400000000e+10
1.107999994995102533e+01 1.437187891200000000e+10
1.111999994977034234e+01 1.175107481600000000e+10
1.115999994958966113e+01 8.861528064000000000e+09
1.119999994940897992e+01 6.358768640000000000e+09
1.123999994922829870e+01 4.535041024000000000e+09
1.127999994904761394e+01 3.341401088000000000e+09
1.131999994886693095e+01 2.577912320000000000e+09
1.135999994868624974e+01 2.145395712000000000e+09
1.139999994850556853e+01 1.926471040000000000e+09
1.143999994832488731e+01 1.804653184000000000e+09
1.147999994814420255e+01 1.778538496000000000e+09
1.151999994796351956e+01 1.819582336000000000e+09
1.155999994778283835e+01 1.865795968000000000e+09
1.159999994760215714e+01 1.930045824000000000e+09
1.163999994742147592e+01 2.009371264000000000e+09
1.167999994724079293e+01 2.070705152000000000e+09
1.171999994706010817e+01 2.165886720000000000e+09
1.175999994687942696e+01 2.302752000000000000e+09
1.179999994669874575e+01 2.473585664000000000e+09
1.183999994651806453e+01 2.714020096000000000e+09
1.187999994633738332e+01 3.061504512000000000e+09
1.191999994615669856e+01 3.523140864000000000e+09
1.195999994597601557e+01 4.119251200000000000e+09
1.199999994579533436e+01 4.880049664000000000e+09
1.203999994561465314e+01 5.837090304000000000e+09
1.207999994543397193e+01 6.883213824000000000e+09
1.211999994525328717e+01 7.889636864000000000e+09
1.215999994507260418e+01 8.503427584000000000e+09
1.219999994489192296e+01 8.252074496000000000e+09
1.223999994471124175e+01 6.971635200000000000e+09
1.227999994453056054e+01 5.091220992000000000e+09
1.231999994434987755e+01 3.204467712000000000e+09
1.235999994416919279e+01 1.757819776000000000e+09
1.239999994398851157e+01 8.493525120000000000e+08
1.243999994380783036e+01 3.700141120000000000e+08
1.247999994362714915e+01 2.242954560000000000e+08
1.251999994344646616e+01 2.907586560000000000e+08
1.255999994326578140e+01 4.793267840000000000e+08
1.259999994308510018e+01 7.497336320000000000e+08
1.263999994290441897e+01 1.061078592000000000e+09
1.267999994272373776e+01 1.375043456000000000e+09
1.271999994254305477e+01 1.680500992000000000e+09
1.275999994236237356e+01 1.962333696000000000e+09
1.279999994218168879e+01 2.181322240000000000e+09
1.283999994200100758e+01 2.346184704000000000e+09
1.287999994182032637e+01 2.413435136000000000e+09
1.291999994163964516e+01 2.379553280000000000e+09
1.295999994145896217e+01 2.239295232000000000e+09
