# x = Time (fs); y = Power (W)
-1.135999994868625151e+01 1.493319552000000000e+09
-1.131999994886693450e+01 1.782960384000000000e+09
-1.127999994904761571e+01 2.139189376000000000e+09
-1.123999994922829870e+01 2.574865408000000000e+09
-1.119999994940898169e+01 2.991002368000000000e+09
-1.115999994958966290e+01 3.183451904000000000e+09
-1.111999994977034589e+01 3.002800384000000000e+09
-1.107999994995102711e+01 2.398701312000000000e+09
-1.103999995013171009e+01 1.613137920000000000e+09
-1.099999995031239131e+01 9.238659200000000000e+08
-1.095999995049307429e+01 4.648350400000000000e+08
-1.091999995067375551e+01 3.231542720000000000e+08
-1.087999995085443850e+01 5.268214080000000000e+08
-1.083999995103512148e+01 9.955756160000000000e+08
-1.079999995121580270e+01 1.494003968000000000e+09
-1.075999995139648568e+01 1.771926400000000000e+09
-1.071999995157716690e+01 1.817725312000000000e+09
-1.067999995175784989e+01 1.741159552000000000e+09
-1.063999995193853110e+01 1.615568512000000000e+09
-1.059999995211921409e+01 1.535612800000000000e+09
-1.055999995229989707e+01 1.591548544000000000e+09
-1.051999995248057829e+01 1.876056064000000000e+09
-1.047999995266126128e+01 2.553335552000000000e+09
-1.043999995284194249e+01 3.788569344000000000e+09
-1.039999995302262548e+01 5.432425984000000000e+09
-1.035999995320330669e+01 6.865038848000000000e+09
-1.031999995338398968e+01 7.531080192000000000e+09
-1.027999995356467089e+01 7.168402944000000000e+09
-1.023999995374535388e+01 6.152607744000000000e+09
-1.019999995392603687e+01 4.869364224000000000e+09
-1.015999995410671808e+01 3.588816896000000000e+09
-1.011999995428740107e+01 2.560310272000000000e+09
-1.007999995446808228e+01 1.812181248000000000e+09
-1.003999995464876527e+01 1.312734464000000000e+09
-9.999999954829448257e+00 1.028446144000000000e+09
-9.959999955010129469e+00 9.105891840000000000e+08
-9.919999955190810681e+00 9.986994560000000000e+08
-9.879999955371493670e+00 1.336489472000000000e+09
-9.839999955552174882e+00 2.051628160000000000e+09
-9.799999955732859647e+00 3.233764864000000000e+09
-9.759999955913540859e+00 4.800149504000000000e+09
-9.719999956094222071e+00 6.318134272000000000e+09
-9.679999956274905060e+00 7.054194688000000000e+09
-9.639999956455586272e+00 6.717433344000000000e+09
-9.599999956636269260e+00 5.692701696000000000e+09
-9.559999956816952249e+00 4.267448576000000000e+09
-9.519999956997633461e+00 2.743320320000000000e+09
-9.479999957178316450e+00 1.453600768000000000e+09
-9.439999957358997662e+00 5.477835520000000000e+08
-9.399999957539680651e+00 1.033244080000000000e+08
-9.359999957720363639e+00 8.479048000000000000e+07
-9.319999957901044851e+00 3.858034880000000000e+08
-9.279999958081726064e+00 8.562886400000000000e+08
-9.239999958262409052e+00 1.335273600000000000e+09
-9.199999958443092041e+00 1.624717312000000000e+09
-9.159999958623775029e+00 1.657470464000000000e+09
-9.119999958804456242e+00 1.402992256000000000e+09
-9.079999958985137454e+00 1.094728832000000000e+09
-9.039999959165818666e+00 8.387714560000000000e+08
-8.999999959346501655e+00 6.330122880000000000e+08
-8.959999959527186419e+00 4.523285440000000000e+08
-8.919999959707867632e+00 2.920954880000000000e+08
-8.879999959888548844e+00 3.102951360000000000e+08
-8.839999960069230056e+00 3.339990720000000000e+08
-8.799999960249913045e+00 2.948355840000000000e+08
-8.759999960430597810e+00 3.354991040000000000e+08
-8.719999960611279022e+00 4.379542720000000000e+08
-8.679999960791960234e+00 3.578856960000000000e+08
-8.639999960972641446e+00 3.116594240000000000e+08
-8.599999961153324435e+00 9.281546240000000000e+08
-8.559999961334007423e+00 2.670329600000000000e+09
-8.519999961514690412e+00 5.101260800000000000e+09
-8.479999961695371624e+00 7.226616832000000000e+09
-8.439999961876052836e+00 9.412559872000000000e+09
-8.399999962056734049e+00 1.031614771200000000e+10
-8.359999962237418814e+00 1.079950028800000000e+10
-8.319999962418101802e+00 1.157163110400000000e+10
-8.279999962598783014e+00 1.262765158400000000e+10
-8.239999962779464227e+00 1.406510694400000000e+10
-8.199999962960145439e+00 1.526254489600000000e+10
-8.159999963140828427e+00 1.491760025600000000e+10
-8.119999963321513192e+00 1.138892492800000000e+10
-8.079999963502194404e+00 7.655249920000000000e+09
-8.039999963682875617e+00 4.449220608000000000e+09
-7.999999963863557717e+00 2.602601216000000000e+09
-7.959999964044240706e+00 1.569096960000000000e+09
-7.919999964224921918e+00 7.868316800000000000e+08
-7.879999964405605795e+00 2.316968480000000000e+08
-7.839999964586287007e+00 2.280963360000000000e+08
-7.799999964766968219e+00 1.226750848000000000e+09
-7.759999964947650319e+00 2.787785472000000000e+09
-7.719999965128333308e+00 4.163927040000000000e+09
-7.679999965309016297e+00 5.781204480000000000e+09
-7.639999965489698397e+00 7.067625472000000000e+09
-7.599999965670379609e+00 7.485941248000000000e+09
-7.559999965851061710e+00 6.719627264000000000e+09
-7.519999966031744698e+00 5.690260992000000000e+09
-7.479999966212426799e+00 6.731297792000000000e+09
-7.439999966393109787e+00 1.241222860800000000e+10
-7.399999966573790999e+00 1.956420608000000000e+10
-7.359999966754473100e+00 2.478150041600000000e+10
-7.319999966935154312e+00 2.574864588800000000e+10
-7.279999967115837300e+00 2.224674406400000000e+10
-7.239999967296521177e+00 1.548982886400000000e+10
-7.199999967477202389e+00 9.850428416000000000e+09
-7.159999967657884490e+00 5.487656448000000000e+09
-7.119999967838565702e+00 2.721662464000000000e+09
-7.079999968019248691e+00 1.317085696000000000e+09
-7.039999968199931679e+00 1.146157824000000000e+09
-6.999999968380612891e+00 1.390546432000000000e+09
-6.959999968561295880e+00 1.935320832000000000e+09
-6.919999968741977980e+00 2.630344960000000000e+09
-6.879999968922660081e+00 4.081631232000000000e+09
-6.839999969103342181e+00 6.036658176000000000e+09
-6.799999969284024282e+00 9.396820992000000000e+09
-6.759999969464706382e+00 1.372344627200000000e+10
-6.719999969645389370e+00 1.746774835200000000e+10
-6.679999969826070583e+00 1.820513075200000000e+10
-6.639999970006753571e+00 1.427061964800000000e+10
-6.599999970187435672e+00 9.721133056000000000e+09
-6.559999970368116884e+00 5.390227968000000000e+09
-6.519999970548799872e+00 2.408977920000000000e+09
-6.479999970729481973e+00 5.488791040000000000e+08
-6.439999970910164961e+00 1.215328100000000000e+07
-6.399999971090846174e+00 3.278897920000000000e+08
-6.359999971271528274e+00 1.204559232000000000e+09
-6.319999971452211263e+00 2.891870976000000000e+09
-6.279999971632893363e+00 5.610444288000000000e+09
-6.239999971813575463e+00 9.797875712000000000e+09
-6.199999971994257564e+00 1.767080140800000000e+10
-6.159999972174939664e+00 3.139116851200000000e+10
-6.119999972355622653e+00 5.015762534400000000e+10
-6.079999972536303865e+00 6.371043328000000000e+10
-6.039999972716985965e+00 5.538783232000000000e+10
-5.999999972897668954e+00 3.330277376000000000e+10
-5.959999973078351054e+00 1.557528166400000000e+10
-5.919999973259033155e+00 6.320481280000000000e+09
-5.879999973439715255e+00 2.704571904000000000e+09
-5.839999973620396467e+00 2.212862720000000000e+09
-5.799999973801080344e+00 3.133178368000000000e+09
-5.759999973981761556e+00 3.224653056000000000e+09
-5.719999974162444545e+00 1.769278592000000000e+09
-5.679999974343126645e+00 9.610173440000000000e+08
-5.639999974523807857e+00 3.051343872000000000e+09
-5.599999974704491734e+00 9.658156032000000000e+09
-5.559999974885172946e+00 1.819292467200000000e+10
-5.519999975065855047e+00 2.535260364800000000e+10
-5.479999975246538035e+00 2.308327014400000000e+10
-5.439999975427219248e+00 1.207146496000000000e+10
-5.399999975607903124e+00 6.517475840000000000e+09
-5.359999975788584337e+00 2.128718643200000000e+10
-5.319999975969265549e+00 4.379076198400000000e+10
-5.279999976149949426e+00 4.688029286400000000e+10
-5.239999976330630638e+00 3.411529728000000000e+10
-5.199999976511312738e+00 1.995036057600000000e+10
-5.159999976691995727e+00 9.283914752000000000e+09
-5.119999976872676939e+00 3.765364736000000000e+09
-5.079999977053359039e+00 1.919825920000000000e+09
-5.039999977234042028e+00 1.422163456000000000e+09
-4.999999977414724128e+00 1.889408640000000000e+09
-4.959999977595407117e+00 3.546748416000000000e+09
-4.919999977776088329e+00 6.635676160000000000e+09
-4.879999977956770429e+00 8.483252736000000000e+09
-4.839999978137453418e+00 6.284480000000000000e+09
-4.799999978318134630e+00 2.927725824000000000e+09
-4.759999978498816731e+00 5.246724608000000000e+09
-4.719999978679499719e+00 1.585169510400000000e+10
-4.679999978860181820e+00 2.765784268800000000e+10
-4.639999979040864808e+00 3.681055948800000000e+10
-4.599999979221546020e+00 3.925345075200000000e+10
-4.559999979402228121e+00 3.425965465600000000e+10
-4.519999979582911109e+00 2.819265126400000000e+10
-4.479999979763593210e+00 2.461461094400000000e+10
-4.439999979944274422e+00 1.674988646400000000e+10
-4.399999980124957411e+00 9.076137984000000000e+09
-4.359999980305639511e+00 9.406146560000000000e+09
-4.319999980486322499e+00 9.780303872000000000e+09
-4.279999980667003712e+00 4.338726400000000000e+09
-4.239999980847685812e+00 1.621061760000000000e+09
-4.199999981028368801e+00 9.810767872000000000e+09
-4.159999981209050901e+00 4.715729305600000000e+10
-4.119999981389732113e+00 1.069153320960000000e+11
-4.079999981570415102e+00 1.162625187840000000e+11
-4.039999981751097202e+00 8.645211750400000000e+10
-3.999999981931778859e+00 4.723948339200000000e+10
-3.959999982112461847e+00 2.035099238400000000e+10
-3.919999982293143503e+00 7.847006720000000000e+09
-3.879999982473826936e+00 3.606678016000000000e+09
-3.839999982654508148e+00 3.843897088000000000e+09
-3.799999982835189805e+00 4.745881088000000000e+09
-3.759999983015873237e+00 3.568645120000000000e+09
-3.719999983196554894e+00 1.984481920000000000e+09
-3.679999983377236550e+00 4.081528576000000000e+09
-3.639999983557919538e+00 1.287298150400000000e+10
-3.599999983738601195e+00 2.699749376000000000e+10
-3.559999983919284627e+00 3.861891891200000000e+10
-3.519999984099966284e+00 4.044826624000000000e+10
-3.479999984280647940e+00 2.880712908800000000e+10
-3.439999984461330929e+00 1.293173964800000000e+10
-3.399999984642012585e+00 5.255459840000000000e+09
-3.359999984822694241e+00 8.922537984000000000e+09
-3.319999985003377230e+00 1.556141977600000000e+10
-3.279999985184058886e+00 1.806530560000000000e+10
-3.239999985364742319e+00 1.786621337600000000e+10
-3.199999985545423975e+00 1.311734681600000000e+10
-3.159999985726105631e+00 8.192057344000000000e+09
-3.119999985906788620e+00 5.700629504000000000e+09
-3.079999986087470276e+00 4.083971328000000000e+09
-3.039999986268151932e+00 1.337574528000000000e+09
-2.999999986448835365e+00 3.212315648000000000e+09
-2.959999986629517021e+00 1.694981836800000000e+10
-2.919999986810200010e+00 3.321419776000000000e+10
-2.879999986990881666e+00 4.022627123200000000e+10
-2.839999987171563323e+00 3.498011033600000000e+10
-2.799999987352246311e+00 2.633095372800000000e+10
-2.759999987532927967e+00 1.351804006400000000e+10
-2.719999987713609624e+00 2.594280192000000000e+09
-2.679999987894293056e+00 7.073728000000000000e+08
-2.639999988074974713e+00 8.140273152000000000e+09
-2.599999988255656369e+00 2.185443942400000000e+10
-2.559999988436339358e+00 3.049839411200000000e+10
-2.519999988617021014e+00 2.585088204800000000e+10
-2.479999988797704447e+00 1.733576089600000000e+10
-2.439999988978386103e+00 2.002486067200000000e+10
-2.399999989159067315e+00 3.168148480000000000e+10
-2.359999989339750748e+00 3.097977241600000000e+10
-2.319999989520432404e+00 2.040392294400000000e+10
-2.279999989701114060e+00 7.911252992000000000e+09
-2.239999989881797049e+00 1.647190912000000000e+09
-2.199999990062478705e+00 3.352178560000000000e+08
-2.159999990243162138e+00 1.184978944000000000e+09
-2.119999990423843794e+00 3.596575232000000000e+09
-2.079999990604525451e+00 7.451230720000000000e+09
-2.039999990785208439e+00 1.266855936000000000e+10
-1.999999990965890095e+00 1.762027520000000000e+10
-1.959999991146571752e+00 2.049808384000000000e+10
-1.919999991327254962e+00 3.208507596800000000e+10
-1.879999991507936619e+00 4.267121868800000000e+10
-1.839999991688619829e+00 5.756899328000000000e+10
-1.799999991869301486e+00 8.149524480000000000e+10
-1.759999992049983142e+00 1.009442570240000000e+11
-1.719999992230666352e+00 8.171370905600000000e+10
-1.679999992411347787e+00 4.708721868800000000e+10
-1.639999992592029443e+00 1.802042163200000000e+10
-1.599999992772712654e+00 5.513282560000000000e+09
-1.559999992953394310e+00 4.382505984000000000e+09
-1.519999993134077521e+00 1.457414246400000000e+10
-1.479999993314759177e+00 3.229910425600000000e+10
-1.439999993495440833e+00 4.747123507200000000e+10
-1.399999993676124044e+00 4.970803200000000000e+10
-1.359999993856805700e+00 3.621615206400000000e+10
-1.319999994037487356e+00 1.604666368000000000e+10
-1.279999994218170567e+00 6.465607680000000000e+09
-1.239999994398852223e+00 1.302665420800000000e+10
-1.199999994579533658e+00 2.845759897600000000e+10
-1.159999994760216868e+00 3.666978406400000000e+10
-1.119999994940898524e+00 2.472988262400000000e+10
-1.079999995121581735e+00 4.297824256000000000e+09
-1.039999995302263391e+00 2.847933440000000000e+09
-9.999999954829450477e-01 1.470997504000000000e+10
-9.599999956636282583e-01 1.607111270400000000e+10
-9.199999958443099146e-01 2.161410867200000000e+10
-8.799999960249915709e-01 3.123515596800000000e+10
-8.399999962056747815e-01 3.958455910400000000e+10
-7.999999963863563268e-01 6.512752640000000000e+10
-7.599999965670395374e-01 1.011969966080000000e+11
-7.199999967477211937e-01 1.077830778880000000e+11
-6.799999969284028500e-01 8.320815104000000000e+10
-6.399999971090860607e-01 6.387783680000000000e+10
-5.999999972897677170e-01 5.169277337600000000e+10
-5.599999974704492622e-01 2.933954560000000000e+10
-5.199999976511324729e-01 4.436032512000000000e+09
-4.799999978318141292e-01 2.596959232000000000e+09
-4.399999980124973398e-01 1.659316633600000000e+10
-3.999999981931789961e-01 2.163992166400000000e+10
-3.599999983738605969e-01 1.635955404800000000e+10
-3.199999985545438075e-01 8.204508672000000000e+09
-2.799999987352254638e-01 5.261753344000000000e+09
-2.399999989159070646e-01 7.163287040000000000e+09
-1.999999990965902752e-01 1.077954150400000000e+10
-1.599999992772719037e-01 1.533753958400000000e+10
-1.199999994579535323e-01 3.037551206400000000e+10
-7.999999963863674290e-02 3.074272665600000000e+10
-3.999999981931837145e-02 1.222993715200000000e+10
-1.577721810442023611e-15 1.647289920000000000e+08
3.999999981931678938e-02 1.486864281600000000e+10
7.999999963863516084e-02 3.560571699200000000e+10
1.199999994579519502e-01 4.327727104000000000e+10
1.599999992772703217e-01 5.429958246400000000e+10
1.999999990965886931e-01 8.998581862400000000e+10
2.399999989159054825e-01 1.203428311040000000e+11
2.799999987352238540e-01 1.087000657920000000e+11
3.199999985545406433e-01 8.779362304000000000e+10
3.599999983738590426e-01 7.684734156800000000e+10
3.999999981931773863e-01 5.658420838400000000e+10
4.399999980124941756e-01 3.872534528000000000e+10
4.799999978318125748e-01 4.621053542400000000e+10
5.199999976511309185e-01 8.049689395200000000e+10
5.599999974704477079e-01 8.166963609600000000e+10
5.999999972897660516e-01 5.105648025600000000e+10
6.399999971090828410e-01 2.497687142400000000e+10
6.799999969284012957e-01 1.316709376000000000e+10
7.199999967477196394e-01 7.802089472000000000e+09
7.599999965670364288e-01 5.026810368000000000e+09
7.999999963863547725e-01 3.741214976000000000e+09
8.399999962056731162e-01 2.644755712000000000e+09
8.799999960249899056e-01 4.684237824000000000e+09
9.199999958443083603e-01 4.275545856000000000e+09
9.599999956636251497e-01 7.056152064000000000e+09
9.999999954829434934e-01 2.891467366400000000e+10
1.039999995302261837e+00 3.815603404800000000e+10
1.079999995121578626e+00 2.779279360000000000e+10
1.119999994940896970e+00 3.526067404800000000e+10
1.159999994760215314e+00 6.421771059200000000e+10
1.199999994579532103e+00 6.992186572800000000e+10
1.239999994398850447e+00 1.833181593600000000e+10
1.279999994218169013e+00 9.536677888000000000e+09
1.319999994037487356e+00 3.622392217600000000e+10
1.359999993856802591e+00 5.990011289600000000e+10
1.399999993676120935e+00 6.019860070400000000e+10
1.439999993495439279e+00 6.133788262400000000e+10
1.479999993314757623e+00 8.771117056000000000e+10
1.519999993134075966e+00 9.720111104000000000e+10
1.559999992953391201e+00 7.286097510400000000e+10
1.599999992772709545e+00 4.749096550400000000e+10
1.639999992592027889e+00 3.509071052800000000e+10
1.679999992411346232e+00 3.014051430400000000e+10
1.719999992230664798e+00 2.372557824000000000e+10
1.759999992049983142e+00 1.259604684800000000e+10
1.799999991869298377e+00 1.038565568000000000e+09
1.839999991688616721e+00 2.099113216000000000e+09
1.879999991507935064e+00 3.261059584000000000e+09
1.919999991327253408e+00 5.878041088000000000e+09
1.959999991146571752e+00 5.364210892800000000e+10
1.999999990965886987e+00 1.284960911360000000e+11
2.039999990785205330e+00 1.331641958400000000e+11
2.079999990604523674e+00 7.474281676800000000e+10
2.119999990423842018e+00 3.099353497600000000e+10
2.159999990243160362e+00 1.413410508800000000e+10
2.199999990062475597e+00 6.570259456000000000e+09
2.239999989881793940e+00 1.894972672000000000e+09
2.279999989701112284e+00 3.670372608000000000e+09
2.319999989520430628e+00 3.057646336000000000e+09
2.359999989339748971e+00 2.665533952000000000e+09
2.399999989159067315e+00 1.564712038400000000e+10
2.439999988978382550e+00 4.366780825600000000e+10
2.479999988797700894e+00 6.648115200000000000e+10
2.519999988617019682e+00 6.844605235200000000e+10
2.559999988436338025e+00 5.091996057600000000e+10
2.599999988255656369e+00 2.731332608000000000e+10
2.639999988074971604e+00 6.086835712000000000e+09
2.679999987894289948e+00 4.272500992000000000e+09
2.719999987713608292e+00 1.727216435200000000e+10
2.759999987532926635e+00 4.388469555200000000e+10
2.799999987352244979e+00 5.776665395200000000e+10
2.839999987171563323e+00 5.525446656000000000e+10
2.879999986990878558e+00 5.257879961600000000e+10
2.919999986810196901e+00 4.789572812800000000e+10
2.959999986629515245e+00 3.136286720000000000e+10
2.999999986448833589e+00 1.364784640000000000e+10
3.039999986268151932e+00 3.526436352000000000e+09
3.079999986087467168e+00 1.964284160000000000e+09
3.119999985906785511e+00 2.121473920000000000e+09
3.159999985726103855e+00 5.232364544000000000e+09
3.199999985545422199e+00 5.909891072000000000e+09
3.239999985364740542e+00 4.138511872000000000e+09
3.279999985184055777e+00 1.779869696000000000e+09
3.319999985003374121e+00 2.874137088000000000e+09
3.359999984822692465e+00 6.291916288000000000e+09
3.399999984642010808e+00 1.016475545600000000e+10
3.439999984461329596e+00 1.754745651200000000e+10
3.479999984280647940e+00 2.792794316800000000e+10
3.519999984099963175e+00 3.852261376000000000e+10
3.559999983919281519e+00 3.706116505600000000e+10
3.599999983738599862e+00 2.439903232000000000e+10
3.639999983557918206e+00 1.831161856000000000e+10
3.679999983377236550e+00 1.768524800000000000e+10
3.719999983196551785e+00 1.683527987200000000e+10
3.759999983015870129e+00 1.483817164800000000e+10
3.799999982835188472e+00 2.077849395200000000e+10
3.839999982654506816e+00 3.114055884800000000e+10
3.879999982473825160e+00 6.771160268800000000e+10
3.919999982293143503e+00 1.086049976320000000e+11
3.959999982112458738e+00 1.280129105920000000e+11
3.999999981931777082e+00 1.181206200320000000e+11
4.039999981751095426e+00 7.212099993600000000e+10
4.079999981570414214e+00 2.662918553600000000e+10
4.119999981389732113e+00 3.731897344000000000e+09
4.159999981209047348e+00 6.092107200000000000e+07
4.199999981028366136e+00 3.044976000000000000e+08
4.239999980847684036e+00 2.920500480000000000e+09
4.279999980667002824e+00 1.012638720000000000e+10
4.319999980486320723e+00 1.777420492800000000e+10
4.359999980305635958e+00 2.574848204800000000e+10
4.399999980124954746e+00 3.334479257600000000e+10
4.439999979944272646e+00 3.604593049600000000e+10
4.479999979763591433e+00 2.957566361600000000e+10
4.519999979582909333e+00 2.972190105600000000e+10
4.559999979402228121e+00 3.725216563200000000e+10
4.599999979221543356e+00 3.799050649600000000e+10
4.639999979040861255e+00 2.806679552000000000e+10
4.679999978860180043e+00 1.546698137600000000e+10
4.719999978679497943e+00 9.785307136000000000e+09
4.759999978498816731e+00 1.210935500800000000e+10
4.799999978318131966e+00 2.137199001600000000e+10
4.839999978137449865e+00 2.991798476800000000e+10
4.879999977956768653e+00 2.866217779200000000e+10
4.919999977776087441e+00 1.353795276800000000e+10
4.959999977595405340e+00 6.207675904000000000e+09
4.999999977414724128e+00 1.156619161600000000e+10
5.039999977234039363e+00 2.421002444800000000e+10
5.079999977053357263e+00 3.669411430400000000e+10
5.119999976872676051e+00 4.738788147200000000e+10
5.159999976691993950e+00 5.733162188800000000e+10
5.199999976511312738e+00 6.282001612800000000e+10
5.239999976330627973e+00 5.593970688000000000e+10
5.279999976149945873e+00 3.824159539200000000e+10
5.319999975969264661e+00 2.004986470400000000e+10
5.359999975788582560e+00 8.474252288000000000e+09
5.399999975607901348e+00 3.230211328000000000e+09
5.439999975427216583e+00 1.275364736000000000e+09
5.479999975246534483e+00 7.443728000000000000e+08
5.519999975065853270e+00 7.729511680000000000e+08
5.559999974885171170e+00 2.747670784000000000e+09
5.599999974704489958e+00 7.518886912000000000e+09
5.639999974523807857e+00 1.727129190400000000e+10
5.679999974343123093e+00 3.153378304000000000e+10
5.719999974162441880e+00 4.712520089600000000e+10
5.759999973981759780e+00 5.597183180800000000e+10
5.799999973801078568e+00 5.228374016000000000e+10
5.839999973620396467e+00 4.364828672000000000e+10
5.879999973439711702e+00 3.490780774400000000e+10
5.919999973259030490e+00 2.883803340800000000e+10
5.959999973078349278e+00 2.127242854400000000e+10
5.999999972897667178e+00 1.625890611200000000e+10
6.039999972716985965e+00 1.074724249600000000e+10
6.079999972536301200e+00 4.333630976000000000e+09
6.119999972355619100e+00 1.474181888000000000e+09
6.159999972174937888e+00 2.310439936000000000e+09
6.199999971994255787e+00 5.524148736000000000e+09
6.239999971813574575e+00 1.583105331200000000e+10
6.279999971632892475e+00 3.406194073600000000e+10
6.319999971452207710e+00 4.478705254400000000e+10
6.359999971271526498e+00 3.495498547200000000e+10
6.399999971090844397e+00 1.934428569600000000e+10
6.439999970910163185e+00 8.592590848000000000e+09
6.479999970729481085e+00 2.717514240000000000e+09
6.519999970548796320e+00 3.964493760000000000e+08
6.559999970368115108e+00 1.263089840000000000e+08
6.599999970187433007e+00 3.267169920000000000e+08
6.639999970006751795e+00 1.668247296000000000e+09
6.679999969826069695e+00 6.351855616000000000e+09
6.719999969645388482e+00 1.213451468800000000e+10
6.759999969464703717e+00 1.888195174400000000e+10
6.799999969284021617e+00 2.981374771200000000e+10
6.839999969103340405e+00 4.204878233600000000e+10
6.879999968922659193e+00 4.464183705600000000e+10
6.919999968741977092e+00 3.763930316800000000e+10
6.959999968561292327e+00 2.310113894400000000e+10
6.999999968380611115e+00 1.164498739200000000e+10
7.039999968199929015e+00 7.788122624000000000e+09
7.079999968019247802e+00 1.273640960000000000e+10
7.119999967838565702e+00 2.812177203200000000e+10
7.159999967657880937e+00 4.901567692800000000e+10
7.199999967477199725e+00 6.885602918400000000e+10
7.239999967296517625e+00 7.893985689600000000e+10
7.279999967115836412e+00 7.004380364800000000e+10
7.319999966935154312e+00 4.737440153600000000e+10
7.359999966754473100e+00 2.302459494400000000e+10
7.399999966573788335e+00 8.693564416000000000e+09
7.439999966393106234e+00 3.183245824000000000e+09
7.479999966212425022e+00 1.797716608000000000e+09
7.519999966031742922e+00 2.582119168000000000e+09
7.559999965851061710e+00 3.322608640000000000e+09
7.599999965670376945e+00 4.097426944000000000e+09
7.639999965489694844e+00 4.462636032000000000e+09
7.679999965309013632e+00 4.497390080000000000e+09
7.719999965128331532e+00 3.189566720000000000e+09
7.759999964947650319e+00 2.155591936000000000e+09
7.799999964766968219e+00 2.471816448000000000e+09
7.839999964586283454e+00 3.025804032000000000e+09
7.879999964405602242e+00 2.266537984000000000e+09
7.919999964224921030e+00 1.848872576000000000e+09
7.959999964044238929e+00 7.449093120000000000e+09
7.999999963863557717e+00 2.174250803200000000e+10
8.039999963682872064e+00 3.863181312000000000e+10
8.079999963502190852e+00 4.894137139200000000e+10
8.119999963321509640e+00 5.077312307200000000e+10
8.159999963140828427e+00 4.543458508800000000e+10
8.199999962960145439e+00 3.490884812800000000e+10
8.239999962779460674e+00 2.432183500800000000e+10
8.279999962598779462e+00 1.556221542400000000e+10
8.319999962418098249e+00 9.819069440000000000e+09
8.359999962237417037e+00 6.274448384000000000e+09
8.399999962056734049e+00 4.388391424000000000e+09
8.439999961876052836e+00 3.764706816000000000e+09
8.479999961695368071e+00 3.716643072000000000e+09
8.519999961514686859e+00 3.619404544000000000e+09
8.559999961334005647e+00 3.372171520000000000e+09
8.599999961153322658e+00 3.403048192000000000e+09
8.639999960972641446e+00 5.128318976000000000e+09
8.679999960791956681e+00 9.669889024000000000e+09
8.719999960611275469e+00 1.705324236800000000e+10
8.759999960430594257e+00 2.510979072000000000e+10
8.799999960249911268e+00 3.083245158400000000e+10
8.839999960069230056e+00 3.168749363200000000e+10
8.879999959888548844e+00 2.703113216000000000e+10
8.919999959707864079e+00 2.069558681600000000e+10
8.959999959527182867e+00 1.396090265600000000e+10
8.999999959346501655e+00 7.606831104000000000e+09
9.039999959165818666e+00 2.663359744000000000e+09
9.079999958985137454e+00 2.152532160000000000e+08
9.119999958804452689e+00 1.115840896000000000e+09
9.159999958623771477e+00 6.299517440000000000e+09
9.199999958443090264e+00 1.450231603200000000e+10
9.239999958262407276e+00 2.129657241600000000e+10
9.279999958081726064e+00 2.315676467200000000e+10
9.319999957901041299e+00 2.074367590400000000e+10
9.359999957720360086e+00 1.614693888000000000e+10
9.399999957539678874e+00 1.133652070400000000e+10
9.439999957358995886e+00 7.492977152000000000e+09
9.479999957178314673e+00 4.611503104000000000e+09
9.519999956997633461e+00 2.571891968000000000e+09
9.559999956816948696e+00 1.279600000000000000e+09
9.599999956636267484e+00 5.092099520000000000e+08
9.639999956455584496e+00 1.646917440000000000e+08
9.679999956274903283e+00 2.872852160000000000e+08
9.719999956094222071e+00 1.219560960000000000e+09
9.759999955913537306e+00 3.243328768000000000e+09
9.799999955732856094e+00 6.277311488000000000e+09
9.839999955552174882e+00 9.605826560000000000e+09
9.879999955371491893e+00 1.182488268800000000e+10
9.919999955190810681e+00 1.194026496000000000e+10
9.959999955010125916e+00 1.015024332800000000e+10
9.999999954829444704e+00 7.489890304000000000e+09
1.003999995464876349e+01 4.987702272000000000e+09
1.007999995446808050e+01 3.010850048000000000e+09
1.011999995428739929e+01 1.650669184000000000e+09
1.015999995410671808e+01 7.990115200000000000e+08
1.019999995392603331e+01 3.019840640000000000e+08
1.023999995374535210e+01 8.241032800000000000e+07
1.027999995356466911e+01 2.631379200000000000e+07
1.031999995338398790e+01 3.721256800000000000e+07
1.035999995320330669e+01 3.378278400000000000e+07
1.039999995302262192e+01 9.649894400000000000e+07
1.043999995284194071e+01 8.021877760000000000e+08
1.047999995266125772e+01 3.302108672000000000e+09
1.051999995248057651e+01 8.617342976000000000e+09
1.055999995229989530e+01 1.606755532800000000e+10
1.059999995211921409e+01 2.347853619200000000e+10
1.063999995193852932e+01 2.815644672000000000e+10
1.067999995175784633e+01 2.878133452800000000e+10
1.071999995157716512e+01 2.550714777600000000e+10
1.075999995139648391e+01 1.999181824000000000e+10
1.079999995121580270e+01 1.409653964800000000e+10
1.083999995103511793e+01 9.174715392000000000e+09
1.087999995085443672e+01 5.520751616000000000e+09
1.091999995067375373e+01 3.032716800000000000e+09
1.095999995049307252e+01 1.575650560000000000e+09
1.099999995031239131e+01 8.028092800000000000e+08
1.103999995013170654e+01 5.043614720000000000e+08
1.107999994995102533e+01 5.328837120000000000e+08
1.111999994977034234e+01 9.101061760000000000e+08
1.115999994958966113e+01 1.843819008000000000e+09
1.119999994940897992e+01 3.537482240000000000e+09
1.123999994922829870e+01 5.977629696000000000e+09
1.127999994904761394e+01 8.640577536000000000e+09
1.131999994886693095e+01 1.063867084800000000e+10
1.135999994868624974e+01 1.099094220800000000e+10
1.139999994850556853e+01 9.513402368000000000e+09
1.143999994832488731e+01 6.973933056000000000e+09
1.147999994814420255e+01 4.455243264000000000e+09
1.151999994796351956e+01 2.633927168000000000e+09
1.155999994778283835e+01 1.590536320000000000e+09
1.159999994760215714e+01 1.220437120000000000e+09
1.163999994742147592e+01 1.349290368000000000e+09
1.167999994724079293e+01 1.780171264000000000e+09
1.171999994706010817e+01 2.420560128000000000e+09
1.175999994687942696e+01 3.198930432000000000e+09
1.179999994669874575e+01 3.971742208000000000e+09
1.183999994651806453e+01 4.781175808000000000e+09
1.187999994633738332e+01 5.555810304000000000e+09
1.191999994615669856e+01 6.205179904000000000e+09
1.195999994597601557e+01 6.761881600000000000e+09
1.199999994579533436e+01 7.052389376000000000e+09
1.203999994561465314e+01 7.045170176000000000e+09
1.207999994543397193e+01 6.772359680000000000e+09
1.211999994525328717e+01 6.217637888000000000e+09
1.215999994507260418e+01 5.543538176000000000e+09
1.219999994489192296e+01 4.888494080000000000e+09
1.223999994471124175e+01 4.256376576000000000e+09
1.227999994453056054e+01 3.691482624000000000e+09
1.231999994434987755e+01 3.091217920000000000e+09
1.235999994416919279e+01 2.421208064000000000e+09
1.239999994398851157e+01 1.750411904000000000e+09
1.243999994380783036e+01 1.171200000000000000e+09
1.247999994362714915e+01 7.332820480000000000e+08
1.251999994344646616e+01 4.403277120000000000e+08
1.255999994326578140e+01 2.893447040000000000e+08
1.259999994308510018e+01 2.428847840000000000e+08
1.263999994290441897e+01 2.851367360000000000e+08
1.267999994272373776e+01 4.048605120000000000e+08
1.271999994254305477e+01 5.648822400000000000e+08
1.275999994236237356e+01 7.713394560000000000e+08
1.279999994218168879e+01 9.993694720000000000e+08
1.283999994200100758e+01 1.232733696000000000e+09
1.287999994182032637e+01 1.471098752000000000e+09
1.291999994163964516e+01 1.695737600000000000e+09
1.295999994145896217e+01 1.875139200000000000e+09
