# x = Time (fs); y = Power (W)
-1.143999994832488731e+01 1.832871040000000000e+09
-1.139999994850557030e+01 2.287486976000000000e+09
-1.135999994868625151e+01 2.749058048000000000e+09
-1.131999994886693450e+01 3.213965312000000000e+09
-1.127999994904761571e+01 3.629470720000000000e+09
-1.123999994922829870e+01 3.919682560000000000e+09
-1.119999994940898169e+01 4.052674048000000000e+09
-1.115999994958966290e+01 4.051919104000000000e+09
-1.111999994977034589e+01 3.827315456000000000e+09
-1.107999994995102711e+01 3.450420992000000000e+09
-1.103999995013171009e+01 3.010317312000000000e+09
-1.099999995031239131e+01 2.545592064000000000e+09
-1.095999995049307429e+01 2.123153152000000000e+09
-1.091999995067375551e+01 1.805658368000000000e+09
-1.087999995085443850e+01 1.553139456000000000e+09
-1.083999995103512148e+01 1.408612736000000000e+09
-1.079999995121580270e+01 1.341628544000000000e+09
-1.075999995139648568e+01 1.354616832000000000e+09
-1.071999995157716690e+01 1.458208256000000000e+09
-1.067999995175784989e+01 1.657001856000000000e+09
-1.063999995193853110e+01 1.935286144000000000e+09
-1.059999995211921409e+01 2.290941952000000000e+09
-1.055999995229989707e+01 2.660648704000000000e+09
-1.051999995248057829e+01 2.968455424000000000e+09
-1.047999995266126128e+01 3.143544320000000000e+09
-1.043999995284194249e+01 3.124763136000000000e+09
-1.039999995302262548e+01 2.926880768000000000e+09
-1.035999995320330669e+01 2.620117504000000000e+09
-1.031999995338398968e+01 2.259753472000000000e+09
-1.027999995356467089e+01 1.908305920000000000e+09
-1.023999995374535388e+01 1.622541952000000000e+09
-1.019999995392603687e+01 1.418527488000000000e+09
-1.015999995410671808e+01 1.289947008000000000e+09
-1.011999995428740107e+01 1.252047232000000000e+09
-1.007999995446808228e+01 1.308926208000000000e+09
-1.003999995464876527e+01 1.478519040000000000e+09
-9.999999954829448257e+00 1.768274304000000000e+09
-9.959999955010129469e+00 2.211774976000000000e+09
-9.919999955190810681e+00 2.745332480000000000e+09
-9.879999955371493670e+00 3.295104000000000000e+09
-9.839999955552174882e+00 3.804208384000000000e+09
-9.799999955732859647e+00 4.118909440000000000e+09
-9.759999955913540859e+00 4.149181440000000000e+09
-9.719999956094222071e+00 3.869637120000000000e+09
-9.679999956274905060e+00 3.278088960000000000e+09
-9.639999956455586272e+00 2.496251136000000000e+09
-9.599999956636269260e+00 1.702498048000000000e+09
-9.559999956816952249e+00 1.091823616000000000e+09
-9.519999956997633461e+00 7.758076160000000000e+08
-9.479999957178316450e+00 8.234021760000000000e+08
-9.439999957358997662e+00 1.318356096000000000e+09
-9.399999957539680651e+00 2.338243072000000000e+09
-9.359999957720363639e+00 3.780413440000000000e+09
-9.319999957901044851e+00 5.337319936000000000e+09
-9.279999958081726064e+00 6.490561024000000000e+09
-9.239999958262409052e+00 6.954020352000000000e+09
-9.199999958443092041e+00 6.733591552000000000e+09
-9.159999958623775029e+00 6.245200896000000000e+09
-9.119999958804456242e+00 5.389155328000000000e+09
-9.079999958985137454e+00 4.353119232000000000e+09
-9.039999959165818666e+00 3.147909120000000000e+09
-8.999999959346501655e+00 1.977344512000000000e+09
-8.959999959527186419e+00 1.102924160000000000e+09
-8.919999959707867632e+00 6.091958400000000000e+08
-8.879999959888548844e+00 3.623859200000000000e+08
-8.839999960069230056e+00 2.121604640000000000e+08
-8.799999960249913045e+00 9.945914400000000000e+07
-8.759999960430597810e+00 3.906064000000000000e+07
-8.719999960611279022e+00 3.156142000000000000e+07
-8.679999960791960234e+00 4.411985200000000000e+07
-8.639999960972641446e+00 3.581318400000000000e+07
-8.599999961153324435e+00 2.840279800000000000e+07
-8.559999961334007423e+00 1.235276900000000000e+07
-8.519999961514690412e+00 1.392153000000000000e+07
-8.479999961695371624e+00 2.099057200000000000e+07
-8.439999961876052836e+00 2.811298400000000000e+07
-8.399999962056734049e+00 2.409812480000000000e+08
-8.359999962237418814e+00 1.179900160000000000e+09
-8.319999962418101802e+00 3.100178944000000000e+09
-8.279999962598783014e+00 6.253879808000000000e+09
-8.239999962779464227e+00 1.171056128000000000e+10
-8.199999962960145439e+00 2.013287219200000000e+10
-8.159999963140828427e+00 2.933962137600000000e+10
-8.119999963321513192e+00 3.201761689600000000e+10
-8.079999963502194404e+00 2.716454502400000000e+10
-8.039999963682875617e+00 1.997059481600000000e+10
-7.999999963863557717e+00 1.379971174400000000e+10
-7.959999964044240706e+00 9.980382208000000000e+09
-7.919999964224921918e+00 7.116181504000000000e+09
-7.879999964405605795e+00 5.105628160000000000e+09
-7.839999964586287007e+00 3.051108864000000000e+09
-7.799999964766968219e+00 1.137736192000000000e+09
-7.759999964947650319e+00 1.152333680000000000e+08
-7.719999965128333308e+00 2.564569600000000000e+08
-7.679999965309016297e+00 1.565465856000000000e+09
-7.639999965489698397e+00 3.405811456000000000e+09
-7.599999965670379609e+00 4.955448832000000000e+09
-7.559999965851061710e+00 5.772700160000000000e+09
-7.519999966031744698e+00 6.627992064000000000e+09
-7.479999966212426799e+00 7.811135488000000000e+09
-7.439999966393109787e+00 8.002345984000000000e+09
-7.399999966573790999e+00 6.845343232000000000e+09
-7.359999966754473100e+00 5.288969216000000000e+09
-7.319999966935154312e+00 3.432042240000000000e+09
-7.279999967115837300e+00 1.935951616000000000e+09
-7.239999967296521177e+00 8.491557120000000000e+08
-7.199999967477202389e+00 5.826810880000000000e+08
-7.159999967657884490e+00 1.358726528000000000e+09
-7.119999967838565702e+00 3.408707328000000000e+09
-7.079999968019248691e+00 7.486995456000000000e+09
-7.039999968199931679e+00 1.365886566400000000e+10
-6.999999968380612891e+00 2.123247001600000000e+10
-6.959999968561295880e+00 2.784170188800000000e+10
-6.919999968741977980e+00 2.997573836800000000e+10
-6.879999968922660081e+00 2.616937267200000000e+10
-6.839999969103342181e+00 1.899815321600000000e+10
-6.799999969284024282e+00 1.110594457600000000e+10
-6.759999969464706382e+00 6.015029248000000000e+09
-6.719999969645389370e+00 4.920045056000000000e+09
-6.679999969826070583e+00 4.932002816000000000e+09
-6.639999970006753571e+00 5.574873088000000000e+09
-6.599999970187435672e+00 5.228153856000000000e+09
-6.559999970368116884e+00 5.105063424000000000e+09
-6.519999970548799872e+00 4.628267520000000000e+09
-6.479999970729481973e+00 4.257771520000000000e+09
-6.439999970910164961e+00 3.735561728000000000e+09
-6.399999971090846174e+00 2.109442176000000000e+09
-6.359999971271528274e+00 1.027940928000000000e+09
-6.319999971452211263e+00 1.809274880000000000e+09
-6.279999971632893363e+00 1.930056320000000000e+09
-6.239999971813575463e+00 6.124333440000000000e+08
-6.199999971994257564e+00 2.670949632000000000e+09
-6.159999972174939664e+00 7.162237440000000000e+09
-6.119999972355622653e+00 6.393571840000000000e+09
-6.079999972536303865e+00 6.178456576000000000e+09
-6.039999972716985965e+00 2.675407667200000000e+10
-5.999999972897668954e+00 6.314781900800000000e+10
-5.959999973078351054e+00 7.318764748800000000e+10
-5.919999973259033155e+00 5.176591564800000000e+10
-5.879999973439715255e+00 2.425090867200000000e+10
-5.839999973620396467e+00 8.591590400000000000e+09
-5.799999973801080344e+00 2.278345216000000000e+09
-5.759999973981761556e+00 8.373008640000000000e+08
-5.719999974162444545e+00 8.896395520000000000e+08
-5.679999974343126645e+00 1.346224512000000000e+09
-5.639999974523807857e+00 1.137231744000000000e+09
-5.599999974704491734e+00 8.192656640000000000e+08
-5.559999974885172946e+00 6.895432320000000000e+08
-5.519999975065855047e+00 1.271814144000000000e+09
-5.479999975246538035e+00 1.749332608000000000e+09
-5.439999975427219248e+00 7.978944000000000000e+08
-5.399999975607903124e+00 9.037651200000000000e+08
-5.359999975788584337e+00 8.910859264000000000e+09
-5.319999975969265549e+00 1.660090675200000000e+10
-5.279999976149949426e+00 1.100570112000000000e+10
-5.239999976330630638e+00 1.159057817600000000e+10
-5.199999976511312738e+00 2.095597363200000000e+10
-5.159999976691995727e+00 3.546121011200000000e+10
-5.119999976872676939e+00 5.289463398400000000e+10
-5.079999977053359039e+00 6.914795929600000000e+10
-5.039999977234042028e+00 6.398556160000000000e+10
-4.999999977414724128e+00 4.567905894400000000e+10
-4.959999977595407117e+00 2.781060096000000000e+10
-4.919999977776088329e+00 2.083404185600000000e+10
-4.879999977956770429e+00 2.103817216000000000e+10
-4.839999978137453418e+00 2.605247283200000000e+10
-4.799999978318134630e+00 2.955408179200000000e+10
-4.759999978498816731e+00 2.757610291200000000e+10
-4.719999978679499719e+00 2.076453888000000000e+10
-4.679999978860181820e+00 1.127796940800000000e+10
-4.639999979040864808e+00 4.875544576000000000e+09
-4.599999979221546020e+00 2.692322816000000000e+09
-4.559999979402228121e+00 1.652926976000000000e+09
-4.519999979582911109e+00 1.165985280000000000e+09
-4.479999979763593210e+00 8.840488960000000000e+08
-4.439999979944274422e+00 1.698006912000000000e+09
-4.399999980124957411e+00 3.553984000000000000e+09
-4.359999980305639511e+00 5.702448128000000000e+09
-4.319999980486322499e+00 6.248037888000000000e+09
-4.279999980667003712e+00 5.918038016000000000e+09
-4.239999980847685812e+00 6.253640192000000000e+09
-4.199999981028368801e+00 4.483946496000000000e+09
-4.159999981209050901e+00 6.627339776000000000e+09
-4.119999981389732113e+00 2.200620236800000000e+10
-4.079999981570415102e+00 5.269333606400000000e+10
-4.039999981751097202e+00 8.460418252800000000e+10
-3.999999981931778859e+00 9.372832563200000000e+10
-3.959999982112461847e+00 7.629987840000000000e+10
-3.919999982293143503e+00 4.851139379200000000e+10
-3.879999982473826936e+00 2.528887603200000000e+10
-3.839999982654508148e+00 1.169566003200000000e+10
-3.799999982835189805e+00 4.795860992000000000e+09
-3.759999983015873237e+00 1.546422528000000000e+09
-3.719999983196554894e+00 1.562165120000000000e+08
-3.679999983377236550e+00 5.512309760000000000e+09
-3.639999983557919538e+00 1.694675148800000000e+10
-3.599999983738601195e+00 2.622420787200000000e+10
-3.559999983919284627e+00 3.184567910400000000e+10
-3.519999984099966284e+00 3.208930304000000000e+10
-3.479999984280647940e+00 2.876787097600000000e+10
-3.439999984461330929e+00 2.302434713600000000e+10
-3.399999984642012585e+00 1.527379148800000000e+10
-3.359999984822694241e+00 1.112256614400000000e+10
-3.319999985003377230e+00 8.530326016000000000e+09
-3.279999985184058886e+00 7.068079104000000000e+09
-3.239999985364742319e+00 5.418422784000000000e+09
-3.199999985545423975e+00 1.332057216000000000e+09
-3.159999985726105631e+00 1.607592576000000000e+09
-3.119999985906788620e+00 1.508977664000000000e+10
-3.079999986087470276e+00 3.993254297600000000e+10
-3.039999986268151932e+00 5.746561024000000000e+10
-2.999999986448835365e+00 6.339483238400000000e+10
-2.959999986629517021e+00 6.355977011200000000e+10
-2.919999986810200010e+00 4.812304384000000000e+10
-2.879999986990881666e+00 3.245140992000000000e+10
-2.839999987171563323e+00 1.895837081600000000e+10
-2.799999987352246311e+00 8.747582464000000000e+09
-2.759999987532927967e+00 4.807926272000000000e+09
-2.719999987713609624e+00 6.567223808000000000e+09
-2.679999987894293056e+00 9.982961664000000000e+09
-2.639999988074974713e+00 5.807694848000000000e+09
-2.599999988255656369e+00 5.600210944000000000e+09
-2.559999988436339358e+00 1.048688025600000000e+10
-2.519999988617021014e+00 1.098897715200000000e+10
-2.479999988797704447e+00 3.796241152000000000e+09
-2.439999988978386103e+00 1.123268880000000000e+08
-2.399999989159067315e+00 9.867246080000000000e+08
-2.359999989339750748e+00 6.970535680000000000e+08
-2.319999989520432404e+00 1.521971584000000000e+09
-2.279999989701114060e+00 1.943034880000000000e+10
-2.239999989881797049e+00 6.282452582400000000e+10
-2.199999990062478705e+00 8.960728268800000000e+10
-2.159999990243162138e+00 6.742442803200000000e+10
-2.119999990423843794e+00 3.594701209600000000e+10
-2.079999990604525451e+00 1.628172492800000000e+10
-2.039999990785208439e+00 5.447342592000000000e+09
-1.999999990965890095e+00 1.917576192000000000e+09
-1.959999991146571752e+00 1.993975398400000000e+10
-1.919999991327254962e+00 5.726493491200000000e+10
-1.879999991507936619e+00 8.382743347200000000e+10
-1.839999991688619829e+00 7.472168140800000000e+10
-1.799999991869301486e+00 3.600970956800000000e+10
-1.759999992049983142e+00 5.983822848000000000e+09
-1.719999992230666352e+00 2.749321216000000000e+09
-1.679999992411347787e+00 1.553249382400000000e+10
-1.639999992592029443e+00 2.676879360000000000e+10
-1.599999992772712654e+00 2.333204684800000000e+10
-1.559999992953394310e+00 1.428042137600000000e+10
-1.519999993134077521e+00 5.746554368000000000e+09
-1.479999993314759177e+00 3.027429120000000000e+09
-1.439999993495440833e+00 2.053861760000000000e+09
-1.399999993676124044e+00 3.739238144000000000e+09
-1.359999993856805700e+00 5.816974336000000000e+09
-1.319999994037487356e+00 7.386080256000000000e+09
-1.279999994218170567e+00 7.597965824000000000e+09
-1.239999994398852223e+00 1.051761766400000000e+10
-1.199999994579533658e+00 3.256808448000000000e+10
-1.159999994760216868e+00 6.727345766400000000e+10
-1.119999994940898524e+00 7.100326707200000000e+10
-1.079999995121581735e+00 8.264586854400000000e+10
-1.039999995302263391e+00 1.015382917120000000e+11
-9.999999954829450477e-01 1.211546828800000000e+11
-9.599999956636282583e-01 1.556126433280000000e+11
-9.199999958443099146e-01 1.295607644160000000e+11
-8.799999960249915709e-01 6.335106662400000000e+10
-8.399999962056747815e-01 1.949860454400000000e+10
-7.999999963863563268e-01 2.552116992000000000e+09
-7.599999965670395374e-01 4.556675200000000000e+08
-7.199999967477211937e-01 3.273203456000000000e+09
-6.799999969284028500e-01 6.603418624000000000e+09
-6.399999971090860607e-01 1.048645734400000000e+10
-5.999999972897677170e-01 1.802636083200000000e+10
-5.599999974704492622e-01 2.472230912000000000e+10
-5.199999976511324729e-01 1.551932723200000000e+10
-4.799999978318141292e-01 5.278952448000000000e+09
-4.399999980124973398e-01 1.250580684800000000e+10
-3.999999981931789961e-01 4.141273907200000000e+10
-3.599999983738605969e-01 5.217473740800000000e+10
-3.199999985545438075e-01 4.268922880000000000e+10
-2.799999987352254638e-01 2.875290828800000000e+10
-2.399999989159070646e-01 2.179179520000000000e+10
-1.999999990965902752e-01 1.110211276800000000e+10
-1.599999992772719037e-01 6.051631104000000000e+09
-1.199999994579535323e-01 1.066666803200000000e+10
-7.999999963863674290e-02 2.610744524800000000e+10
-3.999999981931837145e-02 5.894808780800000000e+10
-1.577721810442023611e-15 6.888933785600000000e+10
3.999999981931678938e-02 4.099346432000000000e+10
7.999999963863516084e-02 2.566746726400000000e+10
1.199999994579519502e-01 2.459358412800000000e+10
1.599999992772703217e-01 1.970668748800000000e+10
1.999999990965886931e-01 1.595065856000000000e+10
2.399999989159054825e-01 9.537392640000000000e+09
2.799999987352238540e-01 5.086018048000000000e+09
3.199999985545406433e-01 6.039126528000000000e+09
3.599999983738590426e-01 1.913361817600000000e+10
3.999999981931773863e-01 3.348961894400000000e+10
4.399999980124941756e-01 3.572769177600000000e+10
4.799999978318125748e-01 2.647395328000000000e+10
5.199999976511309185e-01 2.404862156800000000e+10
5.599999974704477079e-01 2.607432704000000000e+10
5.999999972897660516e-01 3.452209152000000000e+10
6.399999971090828410e-01 3.602354995200000000e+10
6.799999969284012957e-01 3.665567744000000000e+10
7.199999967477196394e-01 2.022911180800000000e+10
7.599999965670364288e-01 3.508730368000000000e+09
7.999999963863547725e-01 8.158342656000000000e+09
8.399999962056731162e-01 1.128578764800000000e+10
8.799999960249899056e-01 1.219513958400000000e+10
9.199999958443083603e-01 2.986246963200000000e+10
9.599999956636251497e-01 4.276899020800000000e+10
9.999999954829434934e-01 5.684794572800000000e+10
1.039999995302261837e+00 8.362855628800000000e+10
1.079999995121578626e+00 1.076301742080000000e+11
1.119999994940896970e+00 1.122078146560000000e+11
1.159999994760215314e+00 9.540648960000000000e+10
1.199999994579532103e+00 6.447166259200000000e+10
1.239999994398850447e+00 4.288475136000000000e+10
1.279999994218169013e+00 2.321742848000000000e+10
1.319999994037487356e+00 1.715642163200000000e+10
1.359999993856802591e+00 3.156921139200000000e+10
1.399999993676120935e+00 5.431002726400000000e+10
1.439999993495439279e+00 6.428475801600000000e+10
1.479999993314757623e+00 4.420917657600000000e+10
1.519999993134075966e+00 2.202863001600000000e+10
1.559999992953391201e+00 7.215523840000000000e+09
1.599999992772709545e+00 5.268516800000000000e+08
1.639999992592027889e+00 1.837644416000000000e+09
1.679999992411346232e+00 7.094067712000000000e+09
1.719999992230664798e+00 5.714485760000000000e+09
1.759999992049983142e+00 3.236702464000000000e+09
1.799999991869298377e+00 4.647393280000000000e+09
1.839999991688616721e+00 1.923219456000000000e+10
1.879999991507935064e+00 2.443459788800000000e+10
1.919999991327253408e+00 1.340785049600000000e+10
1.959999991146571752e+00 3.079802112000000000e+09
1.999999990965886987e+00 1.488736460800000000e+10
2.039999990785205330e+00 8.300692275200000000e+10
2.079999990604523674e+00 1.493734031360000000e+11
2.119999990423842018e+00 1.335140761600000000e+11
2.159999990243160362e+00 9.007118745600000000e+10
2.199999990062475597e+00 5.123462348800000000e+10
2.239999989881793940e+00 2.879534489600000000e+10
2.279999989701112284e+00 2.206866022400000000e+10
2.319999989520430628e+00 2.685041664000000000e+10
2.359999989339748971e+00 2.991461580800000000e+10
2.399999989159067315e+00 1.673965977600000000e+10
2.439999988978382550e+00 6.355458048000000000e+09
2.479999988797700894e+00 8.984171520000000000e+09
2.519999988617019682e+00 1.855026790400000000e+10
2.559999988436338025e+00 2.431106252800000000e+10
2.599999988255656369e+00 4.344071372800000000e+10
2.639999988074971604e+00 8.348691660800000000e+10
2.679999987894289948e+00 1.115880243200000000e+11
2.719999987713608292e+00 1.191999406080000000e+11
2.759999987532926635e+00 9.398329344000000000e+10
2.799999987352244979e+00 4.665257574400000000e+10
2.839999987171563323e+00 7.519220736000000000e+09
2.879999986990878558e+00 2.210640896000000000e+09
2.919999986810196901e+00 1.890817024000000000e+10
2.959999986629515245e+00 3.401025945600000000e+10
2.999999986448833589e+00 5.119576064000000000e+10
3.039999986268151932e+00 7.635402752000000000e+10
3.079999986087467168e+00 7.629946880000000000e+10
3.119999985906785511e+00 5.202490982400000000e+10
3.159999985726103855e+00 3.332100505600000000e+10
3.199999985545422199e+00 2.395360256000000000e+10
3.239999985364740542e+00 2.371481395200000000e+10
3.279999985184055777e+00 3.239160627200000000e+10
3.319999985003374121e+00 4.648684748800000000e+10
3.359999984822692465e+00 5.241235865600000000e+10
3.399999984642010808e+00 5.013082112000000000e+10
3.439999984461329596e+00 4.004639129600000000e+10
3.479999984280647940e+00 2.869621760000000000e+10
3.519999984099963175e+00 1.370741657600000000e+10
3.559999983919281519e+00 5.738171904000000000e+09
3.599999983738599862e+00 7.792998912000000000e+09
3.639999983557918206e+00 1.379579084800000000e+10
3.679999983377236550e+00 8.316223488000000000e+09
3.719999983196551785e+00 7.642855040000000000e+08
3.759999983015870129e+00 4.535736320000000000e+09
3.799999982835188472e+00 2.611963289600000000e+10
3.839999982654506816e+00 3.763414630400000000e+10
3.879999982473825160e+00 2.652409036800000000e+10
3.919999982293143503e+00 3.350881689600000000e+10
3.959999982112458738e+00 5.264268492800000000e+10
3.999999981931777082e+00 6.655380275200000000e+10
4.039999981751095426e+00 7.167720652800000000e+10
4.079999981570414214e+00 6.681404211200000000e+10
4.119999981389732113e+00 5.537452032000000000e+10
4.159999981209047348e+00 4.381837312000000000e+10
4.199999981028366136e+00 3.258563993600000000e+10
4.239999980847684036e+00 1.919418572800000000e+10
4.279999980667002824e+00 1.131470336000000000e+10
4.319999980486320723e+00 6.633065984000000000e+09
4.359999980305635958e+00 6.480466944000000000e+09
4.399999980124954746e+00 4.344813056000000000e+09
4.439999979944272646e+00 1.770550272000000000e+09
4.479999979763591433e+00 6.069378400000000000e+07
4.519999979582909333e+00 1.530113280000000000e+09
4.559999979402228121e+00 5.393436672000000000e+09
4.599999979221543356e+00 1.144758681600000000e+10
4.639999979040861255e+00 1.451781324800000000e+10
4.679999978860180043e+00 2.146576793600000000e+10
4.719999978679497943e+00 4.159802572800000000e+10
4.759999978498816731e+00 6.850182758400000000e+10
4.799999978318131966e+00 8.055150182400000000e+10
4.839999978137449865e+00 7.001098649600000000e+10
4.879999977956768653e+00 4.651237376000000000e+10
4.919999977776087441e+00 2.912677478400000000e+10
4.959999977595405340e+00 2.134582681600000000e+10
4.999999977414724128e+00 2.148551475200000000e+10
5.039999977234039363e+00 1.763237683200000000e+10
5.079999977053357263e+00 1.004344627200000000e+10
5.119999976872676051e+00 1.627029760000000000e+09
5.159999976691993950e+00 2.592199168000000000e+09
5.199999976511312738e+00 1.127587123200000000e+10
5.239999976330627973e+00 1.583977881600000000e+10
5.279999976149945873e+00 1.097029734400000000e+10
5.319999975969264661e+00 5.144695296000000000e+09
5.359999975788582560e+00 2.445199616000000000e+09
5.399999975607901348e+00 9.911860224000000000e+09
5.439999975427216583e+00 2.867309568000000000e+10
5.479999975246534483e+00 4.702785536000000000e+10
5.519999975065853270e+00 3.678339481600000000e+10
5.559999974885171170e+00 3.086220697600000000e+10
5.599999974704489958e+00 4.024486707200000000e+10
5.639999974523807857e+00 5.099639193600000000e+10
5.679999974343123093e+00 7.399318323200000000e+10
5.719999974162441880e+00 1.016123146240000000e+11
5.759999973981759780e+00 9.526213017600000000e+10
5.799999973801078568e+00 6.060648448000000000e+10
5.839999973620396467e+00 3.402884096000000000e+10
5.879999973439711702e+00 2.083653017600000000e+10
5.919999973259030490e+00 1.562962534400000000e+10
5.959999973078349278e+00 1.236407705600000000e+10
5.999999972897667178e+00 8.276097024000000000e+09
6.039999972716985965e+00 3.306990080000000000e+09
6.079999972536301200e+00 2.962818560000000000e+08
6.119999972355619100e+00 8.123260160000000000e+08
6.159999972174937888e+00 2.149872384000000000e+09
6.199999971994255787e+00 1.839984512000000000e+09
6.239999971813574575e+00 1.503460352000000000e+09
6.279999971632892475e+00 3.554937856000000000e+09
6.319999971452207710e+00 1.062108876800000000e+10
6.359999971271526498e+00 1.270483558400000000e+10
6.399999971090844397e+00 9.512591360000000000e+09
6.439999970910163185e+00 2.500769587200000000e+10
6.479999970729481085e+00 5.261585203200000000e+10
6.519999970548796320e+00 7.830052044800000000e+10
6.559999970368115108e+00 9.502750310400000000e+10
6.599999970187433007e+00 9.485637222400000000e+10
6.639999970006751795e+00 5.858382233600000000e+10
6.679999969826069695e+00 1.976475648000000000e+10
6.719999969645388482e+00 6.494191104000000000e+09
6.759999969464703717e+00 1.381965209600000000e+10
6.799999969284021617e+00 2.652017254400000000e+10
6.839999969103340405e+00 3.917509427200000000e+10
6.879999968922659193e+00 4.277292236800000000e+10
6.919999968741977092e+00 3.322644684800000000e+10
6.959999968561292327e+00 1.843193036800000000e+10
6.999999968380611115e+00 8.667386880000000000e+09
7.039999968199929015e+00 4.374618624000000000e+09
7.079999968019247802e+00 2.968658176000000000e+09
7.119999967838565702e+00 3.252236288000000000e+09
7.159999967657880937e+00 5.012504576000000000e+09
7.199999967477199725e+00 7.385035264000000000e+09
7.239999967296517625e+00 8.801425408000000000e+09
7.279999967115836412e+00 8.485997568000000000e+09
7.319999966935154312e+00 7.519438336000000000e+09
7.359999966754473100e+00 5.982996480000000000e+09
7.399999966573788335e+00 2.854705152000000000e+09
7.439999966393106234e+00 5.625592960000000000e+08
7.479999966212425022e+00 9.836101760000000000e+08
7.519999966031742922e+00 3.532638208000000000e+09
7.559999965851061710e+00 5.400620544000000000e+09
7.599999965670376945e+00 5.804408320000000000e+09
7.639999965489694844e+00 6.197490176000000000e+09
7.679999965309013632e+00 6.923337216000000000e+09
7.719999965128331532e+00 8.261764096000000000e+09
7.759999964947650319e+00 1.150640742400000000e+10
7.799999964766968219e+00 1.724845056000000000e+10
7.839999964586283454e+00 2.421345484800000000e+10
7.879999964405602242e+00 2.877565952000000000e+10
7.919999964224921030e+00 2.924933120000000000e+10
7.959999964044238929e+00 2.643631104000000000e+10
7.999999963863557717e+00 2.221642752000000000e+10
8.039999963682872064e+00 1.894588006400000000e+10
8.079999963502190852e+00 1.666608230400000000e+10
8.119999963321509640e+00 1.425793843200000000e+10
8.159999963140828427e+00 1.100595712000000000e+10
8.199999962960145439e+00 7.144102400000000000e+09
8.239999962779460674e+00 4.111843328000000000e+09
8.279999962598779462e+00 2.731784960000000000e+09
8.319999962418098249e+00 2.658589952000000000e+09
8.359999962237417037e+00 2.926221312000000000e+09
8.399999962056734049e+00 2.557417984000000000e+09
8.439999961876052836e+00 1.636070912000000000e+09
8.479999961695368071e+00 1.375064704000000000e+09
8.519999961514686859e+00 2.371016192000000000e+09
8.559999961334005647e+00 5.372860928000000000e+09
8.599999961153322658e+00 1.096074547200000000e+10
8.639999960972641446e+00 1.914020864000000000e+10
8.679999960791956681e+00 2.786879488000000000e+10
8.719999960611275469e+00 3.281754112000000000e+10
8.759999960430594257e+00 3.002829619200000000e+10
8.799999960249911268e+00 2.187797299200000000e+10
8.839999960069230056e+00 1.328147046400000000e+10
8.879999959888548844e+00 6.538542080000000000e+09
8.919999959707864079e+00 2.328203776000000000e+09
8.959999959527182867e+00 3.869319360000000000e+08
8.999999959346501655e+00 4.843442400000000000e+07
9.039999959165818666e+00 7.604796160000000000e+08
9.079999958985137454e+00 2.350983424000000000e+09
9.119999958804452689e+00 4.867802112000000000e+09
9.159999958623771477e+00 8.309472768000000000e+09
9.199999958443090264e+00 1.244479488000000000e+10
9.239999958262407276e+00 1.707114496000000000e+10
9.279999958081726064e+00 2.207214796800000000e+10
9.319999957901041299e+00 2.677022105600000000e+10
9.359999957720360086e+00 3.033958604800000000e+10
9.399999957539678874e+00 3.191606067200000000e+10
9.439999957358995886e+00 3.047965696000000000e+10
9.479999957178314673e+00 2.607612518400000000e+10
9.519999956997633461e+00 1.979481907200000000e+10
9.559999956816948696e+00 1.326605209600000000e+10
9.599999956636267484e+00 7.882136064000000000e+09
9.639999956455584496e+00 4.091647232000000000e+09
9.679999956274903283e+00 1.844616064000000000e+09
9.719999956094222071e+00 6.805752960000000000e+08
9.759999955913537306e+00 1.739778560000000000e+08
9.799999955732856094e+00 1.777345200000000000e+07
9.839999955552174882e+00 1.496409600000000000e+07
9.879999955371491893e+00 5.375981200000000000e+07
9.919999955190810681e+00 8.217312000000000000e+07
9.959999955010125916e+00 8.623358400000000000e+07
9.999999954829444704e+00 9.853437600000000000e+07
1.003999995464876349e+01 1.666929760000000000e+08
1.007999995446808050e+01 3.181219520000000000e+08
1.011999995428739929e+01 5.141945920000000000e+08
1.015999995410671808e+01 7.730285440000000000e+08
1.019999995392603331e+01 1.192829824000000000e+09
1.023999995374535210e+01 1.949000576000000000e+09
1.027999995356466911e+01 3.228177152000000000e+09
1.031999995338398790e+01 4.968405504000000000e+09
1.035999995320330669e+01 7.128317440000000000e+09
1.039999995302262192e+01 9.783969792000000000e+09
1.043999995284194071e+01 1.287810252800000000e+10
1.047999995266125772e+01 1.609302425600000000e+10
1.051999995248057651e+01 1.846799564800000000e+10
1.055999995229989530e+01 1.917743718400000000e+10
1.059999995211921409e+01 1.764470579200000000e+10
1.063999995193852932e+01 1.464818176000000000e+10
1.067999995175784633e+01 1.120588492800000000e+10
1.071999995157716512e+01 8.118079488000000000e+09
1.075999995139648391e+01 5.631874560000000000e+09
1.079999995121580270e+01 3.805150720000000000e+09
1.083999995103511793e+01 2.494065152000000000e+09
1.087999995085443672e+01 1.529457920000000000e+09
1.091999995067375373e+01 8.209332480000000000e+08
1.095999995049307252e+01 3.338753600000000000e+08
1.099999995031239131e+01 8.450620000000000000e+07
1.103999995013170654e+01 1.022161680000000000e+08
1.107999994995102533e+01 4.104372160000000000e+08
1.111999994977034234e+01 1.020479488000000000e+09
1.115999994958966113e+01 1.860700288000000000e+09
1.119999994940897992e+01 2.866764288000000000e+09
1.123999994922829870e+01 3.915481600000000000e+09
1.127999994904761394e+01 4.855129088000000000e+09
1.131999994886693095e+01 5.581681152000000000e+09
1.135999994868624974e+01 6.048114688000000000e+09
1.139999994850556853e+01 6.189301760000000000e+09
1.143999994832488731e+01 6.127944704000000000e+09
1.147999994814420255e+01 5.944686080000000000e+09
1.151999994796351956e+01 5.651990016000000000e+09
1.155999994778283835e+01 5.431037952000000000e+09
1.159999994760215714e+01 5.189301248000000000e+09
1.163999994742147592e+01 4.973476864000000000e+09
1.167999994724079293e+01 4.841545216000000000e+09
1.171999994706010817e+01 4.683295232000000000e+09
1.175999994687942696e+01 4.541353984000000000e+09
1.179999994669874575e+01 4.423137792000000000e+09
1.183999994651806453e+01 4.256771072000000000e+09
1.187999994633738332e+01 4.120612096000000000e+09
1.191999994615669856e+01 4.001189888000000000e+09
1.195999994597601557e+01 3.933603072000000000e+09
1.199999994579533436e+01 3.968619776000000000e+09
1.203999994561465314e+01 4.070070272000000000e+09
1.207999994543397193e+01 4.259605504000000000e+09
1.211999994525328717e+01 4.496859136000000000e+09
1.215999994507260418e+01 4.706906112000000000e+09
1.219999994489192296e+01 4.870879744000000000e+09
1.223999994471124175e+01 4.934592512000000000e+09
1.227999994453056054e+01 4.894932480000000000e+09
1.231999994434987755e+01 4.752207360000000000e+09
1.235999994416919279e+01 4.509303808000000000e+09
1.239999994398851157e+01 4.169988864000000000e+09
1.243999994380783036e+01 3.749993728000000000e+09
1.247999994362714915e+01 3.278479104000000000e+09
1.251999994344646616e+01 2.772291072000000000e+09
1.255999994326578140e+01 2.285312000000000000e+09
