# x = Time (fs); y = Power (W)
-1.187999994633738332e+01 1.674067072000000000e+09
-1.183999994651806631e+01 1.802243840000000000e+09
-1.179999994669874752e+01 1.884108800000000000e+09
-1.175999994687943051e+01 1.881074176000000000e+09
-1.171999994706011172e+01 1.756261888000000000e+09
-1.167999994724079293e+01 1.504751360000000000e+09
-1.163999994742147770e+01 1.186689152000000000e+09
-1.159999994760215891e+01 8.826186880000000000e+08
-1.155999994778284012e+01 6.638487680000000000e+08
-1.151999994796352311e+01 5.373816320000000000e+08
-1.147999994814420432e+01 4.849688000000000000e+08
-1.143999994832488731e+01 4.836335680000000000e+08
-1.139999994850557030e+01 5.073617280000000000e+08
-1.135999994868625151e+01 5.563663360000000000e+08
-1.131999994886693450e+01 6.200864640000000000e+08
-1.127999994904761571e+01 6.957923840000000000e+08
-1.123999994922829870e+01 7.884149120000000000e+08
-1.119999994940898169e+01 8.999310080000000000e+08
-1.115999994958966290e+01 1.039970240000000000e+09
-1.111999994977034589e+01 1.213827584000000000e+09
-1.107999994995102711e+01 1.433784192000000000e+09
-1.103999995013171009e+01 1.694083968000000000e+09
-1.099999995031239131e+01 2.023120384000000000e+09
-1.095999995049307429e+01 2.406971392000000000e+09
-1.091999995067375551e+01 2.847025152000000000e+09
-1.087999995085443850e+01 3.297529088000000000e+09
-1.083999995103512148e+01 3.769404928000000000e+09
-1.079999995121580270e+01 4.255384576000000000e+09
-1.075999995139648568e+01 4.682746368000000000e+09
-1.071999995157716690e+01 5.063685632000000000e+09
-1.067999995175784989e+01 5.390484992000000000e+09
-1.063999995193853110e+01 5.664419328000000000e+09
-1.059999995211921409e+01 5.895601152000000000e+09
-1.055999995229989707e+01 6.031902720000000000e+09
-1.051999995248057829e+01 5.904186368000000000e+09
-1.047999995266126128e+01 5.286276608000000000e+09
-1.043999995284194249e+01 4.196367104000000000e+09
-1.039999995302262548e+01 3.060225536000000000e+09
-1.035999995320330669e+01 2.089666688000000000e+09
-1.031999995338398968e+01 1.393917824000000000e+09
-1.027999995356467089e+01 9.110362240000000000e+08
-1.023999995374535388e+01 5.775770240000000000e+08
-1.019999995392603687e+01 3.575666560000000000e+08
-1.015999995410671808e+01 2.271396800000000000e+08
-1.011999995428740107e+01 1.510836960000000000e+08
-1.007999995446808228e+01 1.156649600000000000e+08
-1.003999995464876527e+01 1.158282080000000000e+08
-9.999999954829448257e+00 1.357889120000000000e+08
-9.959999955010129469e+00 1.752139200000000000e+08
-9.919999955190810681e+00 2.402742080000000000e+08
-9.879999955371493670e+00 3.208223680000000000e+08
-9.839999955552174882e+00 4.007854400000000000e+08
-9.799999955732859647e+00 4.792785920000000000e+08
-9.759999955913540859e+00 6.208119040000000000e+08
-9.719999956094222071e+00 1.018392384000000000e+09
-9.679999956274905060e+00 1.745172352000000000e+09
-9.639999956455586272e+00 2.762347264000000000e+09
-9.599999956636269260e+00 3.975475456000000000e+09
-9.559999956816952249e+00 5.231510016000000000e+09
-9.519999956997633461e+00 6.198156288000000000e+09
-9.479999957178316450e+00 6.545570816000000000e+09
-9.439999957358997662e+00 5.899259392000000000e+09
-9.399999957539680651e+00 4.449971712000000000e+09
-9.359999957720363639e+00 2.719717888000000000e+09
-9.319999957901044851e+00 1.302659712000000000e+09
-9.279999958081726064e+00 4.795750400000000000e+08
-9.239999958262409052e+00 2.241803520000000000e+08
-9.199999958443092041e+00 4.841869440000000000e+08
-9.159999958623775029e+00 1.096124032000000000e+09
-9.119999958804456242e+00 1.723090176000000000e+09
-9.079999958985137454e+00 2.805700864000000000e+09
-9.039999959165818666e+00 5.242000384000000000e+09
-8.999999959346501655e+00 8.908430336000000000e+09
-8.959999959527186419e+00 1.316689920000000000e+10
-8.919999959707867632e+00 1.711487795200000000e+10
-8.879999959888548844e+00 1.931539046400000000e+10
-8.839999960069230056e+00 1.828306739200000000e+10
-8.799999960249913045e+00 1.496376832000000000e+10
-8.759999960430597810e+00 1.018204160000000000e+10
-8.719999960611279022e+00 7.018291712000000000e+09
-8.679999960791960234e+00 5.107366400000000000e+09
-8.639999960972641446e+00 3.914912768000000000e+09
-8.599999961153324435e+00 3.205312512000000000e+09
-8.559999961334007423e+00 2.609550592000000000e+09
-8.519999961514690412e+00 1.958632320000000000e+09
-8.479999961695371624e+00 1.249233664000000000e+09
-8.439999961876052836e+00 6.030865280000000000e+08
-8.399999962056734049e+00 2.044322400000000000e+08
-8.359999962237418814e+00 5.485270400000000000e+07
-8.319999962418101802e+00 2.235113600000000000e+07
-8.279999962598783014e+00 1.566412000000000000e+07
-8.239999962779464227e+00 7.931805600000000000e+07
-8.199999962960145439e+00 4.464190400000000000e+08
-8.159999963140828427e+00 1.455734912000000000e+09
-8.119999963321513192e+00 2.732283904000000000e+09
-8.079999963502194404e+00 3.262549760000000000e+09
-8.039999963682875617e+00 2.861116672000000000e+09
-7.999999963863557717e+00 3.008030720000000000e+09
-7.959999964044240706e+00 4.593828864000000000e+09
-7.919999964224921918e+00 8.044420096000000000e+09
-7.879999964405605795e+00 1.458719129600000000e+10
-7.839999964586287007e+00 2.363855872000000000e+10
-7.799999964766968219e+00 2.915273523200000000e+10
-7.759999964947650319e+00 2.703419801600000000e+10
-7.719999965128333308e+00 1.998511104000000000e+10
-7.679999965309016297e+00 1.144916992000000000e+10
-7.639999965489698397e+00 4.620986880000000000e+09
-7.599999965670379609e+00 1.052631168000000000e+09
-7.559999965851061710e+00 9.231426400000000000e+07
-7.519999966031744698e+00 1.474809920000000000e+08
-7.479999966212426799e+00 5.102853760000000000e+08
-7.439999966393109787e+00 9.956595200000000000e+08
-7.399999966573790999e+00 1.346801152000000000e+09
-7.359999966754473100e+00 1.735538944000000000e+09
-7.319999966935154312e+00 3.931101696000000000e+09
-7.279999967115837300e+00 9.191305216000000000e+09
-7.239999967296521177e+00 1.743890432000000000e+10
-7.199999967477202389e+00 2.434194022400000000e+10
-7.159999967657884490e+00 2.507716198400000000e+10
-7.119999967838565702e+00 1.953548492800000000e+10
-7.079999968019248691e+00 1.236151808000000000e+10
-7.039999968199931679e+00 6.675187200000000000e+09
-6.999999968380612891e+00 3.015755776000000000e+09
-6.959999968561295880e+00 1.231628032000000000e+09
-6.919999968741977980e+00 6.049657600000000000e+08
-6.879999968922660081e+00 4.818585280000000000e+08
-6.839999969103342181e+00 4.490826240000000000e+08
-6.799999969284024282e+00 3.579025280000000000e+08
-6.759999969464706382e+00 1.779784000000000000e+08
-6.719999969645389370e+00 4.442194800000000000e+07
-6.679999969826070583e+00 3.377526720000000000e+08
-6.639999970006753571e+00 1.276514944000000000e+09
-6.599999970187435672e+00 3.034038016000000000e+09
-6.559999970368116884e+00 6.557821952000000000e+09
-6.519999970548799872e+00 1.263716761600000000e+10
-6.479999970729481973e+00 1.896976384000000000e+10
-6.439999970910164961e+00 2.247844659200000000e+10
-6.399999971090846174e+00 2.229797273600000000e+10
-6.359999971271528274e+00 1.995834368000000000e+10
-6.319999971452211263e+00 1.630699110400000000e+10
-6.279999971632893363e+00 1.276872089600000000e+10
-6.239999971813575463e+00 9.890974720000000000e+09
-6.199999971994257564e+00 7.250322944000000000e+09
-6.159999972174939664e+00 5.029041664000000000e+09
-6.119999972355622653e+00 3.733473792000000000e+09
-6.079999972536303865e+00 5.071901696000000000e+09
-6.039999972716985965e+00 1.064368128000000000e+10
-5.999999972897668954e+00 1.867345305600000000e+10
-5.959999973078351054e+00 2.577781964800000000e+10
-5.919999973259033155e+00 2.622946508800000000e+10
-5.879999973439715255e+00 1.747731456000000000e+10
-5.839999973620396467e+00 9.787975680000000000e+09
-5.799999973801080344e+00 4.312849408000000000e+09
-5.759999973981761556e+00 2.343239680000000000e+09
-5.719999974162444545e+00 3.266940416000000000e+09
-5.679999974343126645e+00 2.723918080000000000e+09
-5.639999974523807857e+00 1.443123584000000000e+09
-5.599999974704491734e+00 7.161754880000000000e+08
-5.559999974885172946e+00 4.311816704000000000e+09
-5.519999975065855047e+00 1.142925107200000000e+10
-5.479999975246538035e+00 1.762014822400000000e+10
-5.439999975427219248e+00 1.917836697600000000e+10
-5.399999975607903124e+00 1.730645196800000000e+10
-5.359999975788584337e+00 1.380783104000000000e+10
-5.319999975969265549e+00 1.481301811200000000e+10
-5.279999976149949426e+00 1.648972800000000000e+10
-5.239999976330630638e+00 1.648707993600000000e+10
-5.199999976511312738e+00 8.878333952000000000e+09
-5.159999976691995727e+00 3.353658112000000000e+09
-5.119999976872676939e+00 2.176897280000000000e+09
-5.079999977053359039e+00 3.322380032000000000e+09
-5.039999977234042028e+00 3.316773632000000000e+09
-4.999999977414724128e+00 2.643949056000000000e+09
-4.959999977595407117e+00 7.411395584000000000e+09
-4.919999977776088329e+00 1.441317888000000000e+10
-4.879999977956770429e+00 1.418152960000000000e+10
-4.839999978137453418e+00 1.087746764800000000e+10
-4.799999978318134630e+00 1.150276608000000000e+10
-4.759999978498816731e+00 1.834941235200000000e+10
-4.719999978679499719e+00 3.472540876800000000e+10
-4.679999978860181820e+00 6.212984012800000000e+10
-4.639999979040864808e+00 7.291023360000000000e+10
-4.599999979221546020e+00 5.827605708800000000e+10
-4.559999979402228121e+00 3.597918208000000000e+10
-4.519999979582911109e+00 1.926782771200000000e+10
-4.479999979763593210e+00 8.665438208000000000e+09
-4.439999979944274422e+00 4.445203968000000000e+09
-4.399999980124957411e+00 4.523694592000000000e+09
-4.359999980305639511e+00 7.590826496000000000e+09
-4.319999980486322499e+00 1.428257280000000000e+10
-4.279999980667003712e+00 2.118319104000000000e+10
-4.239999980847685812e+00 2.375414579200000000e+10
-4.199999981028368801e+00 2.276417740800000000e+10
-4.159999981209050901e+00 1.835741593600000000e+10
-4.119999981389732113e+00 1.539141529600000000e+10
-4.079999981570415102e+00 1.610798284800000000e+10
-4.039999981751097202e+00 1.529043456000000000e+10
-3.999999981931778859e+00 1.021697024000000000e+10
-3.959999982112461847e+00 4.201471232000000000e+09
-3.919999982293143503e+00 1.387962112000000000e+09
-3.879999982473826936e+00 1.863424896000000000e+09
-3.839999982654508148e+00 2.036650624000000000e+09
-3.799999982835189805e+00 1.929593600000000000e+09
-3.759999983015873237e+00 9.050573824000000000e+09
-3.719999983196554894e+00 2.701143859200000000e+10
-3.679999983377236550e+00 4.572881305600000000e+10
-3.639999983557919538e+00 6.139648409600000000e+10
-3.599999983738601195e+00 6.119680819200000000e+10
-3.559999983919284627e+00 4.529236787200000000e+10
-3.519999984099966284e+00 3.326453760000000000e+10
-3.479999984280647940e+00 2.595554713600000000e+10
-3.439999984461330929e+00 2.243820339200000000e+10
-3.399999984642012585e+00 1.536073932800000000e+10
-3.359999984822694241e+00 9.522046976000000000e+09
-3.319999985003377230e+00 5.615725568000000000e+09
-3.279999985184058886e+00 7.096947200000000000e+08
-3.239999985364742319e+00 9.657234560000000000e+08
-3.199999985545423975e+00 2.762137344000000000e+09
-3.159999985726105631e+00 6.357015552000000000e+09
-3.119999985906788620e+00 2.954370048000000000e+09
-3.079999986087470276e+00 6.308409344000000000e+09
-3.039999986268151932e+00 2.860467404800000000e+10
-2.999999986448835365e+00 4.230234931200000000e+10
-2.959999986629517021e+00 5.713274470400000000e+10
-2.919999986810200010e+00 7.107200614400000000e+10
-2.879999986990881666e+00 5.701930188800000000e+10
-2.839999987171563323e+00 2.491009843200000000e+10
-2.799999987352246311e+00 1.183815782400000000e+10
-2.759999987532927967e+00 8.708125696000000000e+09
-2.719999987713609624e+00 1.476902195200000000e+10
-2.679999987894293056e+00 3.307825561600000000e+10
-2.639999988074974713e+00 5.682369331200000000e+10
-2.599999988255656369e+00 7.550252646400000000e+10
-2.559999988436339358e+00 6.387956940800000000e+10
-2.519999988617021014e+00 4.657059430400000000e+10
-2.479999988797704447e+00 3.201688985600000000e+10
-2.439999988978386103e+00 1.388635955200000000e+10
-2.399999989159067315e+00 1.385969664000000000e+09
-2.359999989339750748e+00 8.142647296000000000e+09
-2.319999989520432404e+00 2.659104972800000000e+10
-2.279999989701114060e+00 4.059146240000000000e+10
-2.239999989881797049e+00 3.931513241600000000e+10
-2.199999990062478705e+00 3.082085785600000000e+10
-2.159999990243162138e+00 2.104557772800000000e+10
-2.119999990423843794e+00 1.408321945600000000e+10
-2.079999990604525451e+00 1.072338227200000000e+10
-2.039999990785208439e+00 8.668426240000000000e+09
-1.999999990965890095e+00 7.482889728000000000e+09
-1.959999991146571752e+00 1.439007129600000000e+10
-1.919999991327254962e+00 3.082882457600000000e+10
-1.879999991507936619e+00 4.779816960000000000e+10
-1.839999991688619829e+00 6.522303283200000000e+10
-1.799999991869301486e+00 6.980131225600000000e+10
-1.759999992049983142e+00 5.008929177600000000e+10
-1.719999992230666352e+00 2.339581952000000000e+10
-1.679999992411347787e+00 7.024925184000000000e+09
-1.639999992592029443e+00 1.706260992000000000e+09
-1.599999992772712654e+00 1.275773600000000000e+08
-1.559999992953394310e+00 4.506973184000000000e+09
-1.519999993134077521e+00 1.475848908800000000e+10
-1.479999993314759177e+00 2.951501824000000000e+10
-1.439999993495440833e+00 2.801529651200000000e+10
-1.399999993676124044e+00 1.144979660800000000e+10
-1.359999993856805700e+00 5.480382080000000000e+08
-1.319999994037487356e+00 4.034591488000000000e+09
-1.279999994218170567e+00 6.850237952000000000e+09
-1.239999994398852223e+00 1.004381798400000000e+10
-1.199999994579533658e+00 2.962567168000000000e+10
-1.159999994760216868e+00 6.283739136000000000e+10
-1.119999994940898524e+00 5.094928384000000000e+10
-1.079999995121581735e+00 1.216528384000000000e+09
-1.039999995302263391e+00 4.495865446400000000e+10
-9.999999954829450477e-01 1.253108776960000000e+11
-9.599999956636282583e-01 1.414478397440000000e+11
-9.199999958443099146e-01 1.132231147520000000e+11
-8.799999960249915709e-01 6.954081484800000000e+10
-8.399999962056747815e-01 3.574038937600000000e+10
-7.999999963863563268e-01 1.935102976000000000e+10
-7.599999965670395374e-01 9.714485248000000000e+09
-7.199999967477211937e-01 3.159490816000000000e+09
-6.799999969284028500e-01 5.995651200000000000e+08
-6.399999971090860607e-01 3.802578688000000000e+09
-5.999999972897677170e-01 1.488311193600000000e+10
-5.599999974704492622e-01 3.382494617600000000e+10
-5.199999976511324729e-01 5.701615616000000000e+10
-4.799999978318141292e-01 6.257755750400000000e+10
-4.399999980124973398e-01 4.378018611200000000e+10
-3.999999981931789961e-01 1.737860505600000000e+10
-3.599999983738605969e-01 5.602809856000000000e+09
-3.199999985545438075e-01 1.747044147200000000e+10
-2.799999987352254638e-01 4.131553689600000000e+10
-2.399999989159070646e-01 6.431741132800000000e+10
-1.999999990965902752e-01 7.119654092800000000e+10
-1.599999992772719037e-01 5.039848243200000000e+10
-1.199999994579535323e-01 1.677160960000000000e+10
-7.999999963863674290e-02 8.089779840000000000e+08
-3.999999981931837145e-02 6.305788928000000000e+09
-1.577721810442023611e-15 1.703255142400000000e+10
3.999999981931678938e-02 1.923548569600000000e+10
7.999999963863516084e-02 2.574099046400000000e+10
1.199999994579519502e-01 3.239472947200000000e+10
1.599999992772703217e-01 2.282649190400000000e+10
1.999999990965886931e-01 2.595563520000000000e+10
2.399999989159054825e-01 7.351812096000000000e+10
2.799999987352238540e-01 1.345405091840000000e+11
3.199999985545406433e-01 1.525993963520000000e+11
3.599999983738590426e-01 1.184794132480000000e+11
3.999999981931773863e-01 8.363723161600000000e+10
4.399999980124941756e-01 5.259051008000000000e+10
4.799999978318125748e-01 2.665380044800000000e+10
5.199999976511309185e-01 1.169806848000000000e+10
5.599999974704477079e-01 7.317232128000000000e+09
5.999999972897660516e-01 1.434754355200000000e+10
6.399999971090828410e-01 3.375417753600000000e+10
6.799999969284012957e-01 5.015424204800000000e+10
7.199999967477196394e-01 5.275671756800000000e+10
7.599999965670364288e-01 3.707413708800000000e+10
7.999999963863547725e-01 1.864916787200000000e+10
8.399999962056731162e-01 9.683044352000000000e+09
8.799999960249899056e-01 1.041399808000000000e+10
9.199999958443083603e-01 1.704962355200000000e+10
9.599999956636251497e-01 2.133529395200000000e+10
9.999999954829434934e-01 1.812318208000000000e+10
1.039999995302261837e+00 1.405051904000000000e+10
1.079999995121578626e+00 1.475168768000000000e+10
1.119999994940896970e+00 2.079801139200000000e+10
1.159999994760215314e+00 1.960697241600000000e+10
1.199999994579532103e+00 1.128788582400000000e+10
1.239999994398850447e+00 3.374652672000000000e+09
1.279999994218169013e+00 9.794477440000000000e+08
1.319999994037487356e+00 4.837096960000000000e+09
1.359999993856802591e+00 8.614547456000000000e+09
1.399999993676120935e+00 5.522077696000000000e+09
1.439999993495439279e+00 9.843607552000000000e+09
1.479999993314757623e+00 2.323689676800000000e+10
1.519999993134075966e+00 2.485150924800000000e+10
1.559999992953391201e+00 9.842631680000000000e+09
1.599999992772709545e+00 2.917879552000000000e+09
1.639999992592027889e+00 8.875246592000000000e+09
1.679999992411346232e+00 1.920320512000000000e+10
1.719999992230664798e+00 2.608246579200000000e+10
1.759999992049983142e+00 4.093905715200000000e+10
1.799999991869298377e+00 6.797760512000000000e+10
1.839999991688616721e+00 7.193604096000000000e+10
1.879999991507935064e+00 3.614353408000000000e+10
1.919999991327253408e+00 4.141965056000000000e+09
1.959999991146571752e+00 6.418123264000000000e+09
1.999999990965886987e+00 2.430379417600000000e+10
2.039999990785205330e+00 4.931823616000000000e+10
2.079999990604523674e+00 5.216318668800000000e+10
2.119999990423842018e+00 5.252621926400000000e+10
2.159999990243160362e+00 9.606636339200000000e+10
2.199999990062475597e+00 1.449845227520000000e+11
2.239999989881793940e+00 1.551292989440000000e+11
2.279999989701112284e+00 1.377779056640000000e+11
2.319999989520430628e+00 9.064832204800000000e+10
2.359999989339748971e+00 4.217161728000000000e+10
2.399999989159067315e+00 6.932318208000000000e+09
2.439999988978382550e+00 1.979406080000000000e+09
2.479999988797700894e+00 8.354233344000000000e+09
2.519999988617019682e+00 1.275915161600000000e+10
2.559999988436338025e+00 2.052027596800000000e+10
2.599999988255656369e+00 3.859840204800000000e+10
2.639999988074971604e+00 4.989970432000000000e+10
2.679999987894289948e+00 3.467608883200000000e+10
2.719999987713608292e+00 1.193086668800000000e+10
2.759999987532926635e+00 1.055941120000000000e+10
2.799999987352244979e+00 2.387834880000000000e+10
2.839999987171563323e+00 3.614227660800000000e+10
2.879999986990878558e+00 4.457974579200000000e+10
2.919999986810196901e+00 3.717395660800000000e+10
2.959999986629515245e+00 2.074601881600000000e+10
2.999999986448833589e+00 1.142584012800000000e+10
3.039999986268151932e+00 3.038022246400000000e+10
3.079999986087467168e+00 4.938198630400000000e+10
3.119999985906785511e+00 4.096188825600000000e+10
3.159999985726103855e+00 2.476701696000000000e+10
3.199999985545422199e+00 8.925656064000000000e+09
3.239999985364740542e+00 1.522330496000000000e+09
3.279999985184055777e+00 6.561894912000000000e+09
3.319999985003374121e+00 1.139047321600000000e+10
3.359999984822692465e+00 8.707515392000000000e+09
3.399999984642010808e+00 7.595581440000000000e+09
3.439999984461329596e+00 1.153242521600000000e+10
3.479999984280647940e+00 1.732541440000000000e+10
3.519999984099963175e+00 3.734071296000000000e+10
3.559999983919281519e+00 7.010316288000000000e+10
3.599999983738599862e+00 1.016663982080000000e+11
3.639999983557918206e+00 1.207165173760000000e+11
3.679999983377236550e+00 1.139924746240000000e+11
3.719999983196551785e+00 7.144052326400000000e+10
3.759999983015870129e+00 3.263011225600000000e+10
3.799999982835188472e+00 1.027048038400000000e+10
3.839999982654506816e+00 5.038162432000000000e+09
3.879999982473825160e+00 5.558958080000000000e+09
3.919999982293143503e+00 5.812077056000000000e+09
3.959999982112458738e+00 5.553650176000000000e+09
3.999999981931777082e+00 7.025907712000000000e+09
4.039999981751095426e+00 1.061885952000000000e+10
4.079999981570414214e+00 1.250362060800000000e+10
4.119999981389732113e+00 1.122585497600000000e+10
4.159999981209047348e+00 6.142599168000000000e+09
4.199999981028366136e+00 1.465796224000000000e+09
4.239999980847684036e+00 3.257711400000000000e+07
4.279999980667002824e+00 1.428594688000000000e+09
4.319999980486320723e+00 6.422068224000000000e+09
4.359999980305635958e+00 9.385466880000000000e+09
4.399999980124954746e+00 1.080298905600000000e+10
4.439999979944272646e+00 1.297922764800000000e+10
4.479999979763591433e+00 1.878644940800000000e+10
4.519999979582909333e+00 2.539990220800000000e+10
4.559999979402228121e+00 3.585436057600000000e+10
4.599999979221543356e+00 5.158710886400000000e+10
4.639999979040861255e+00 5.525306572800000000e+10
4.679999978860180043e+00 4.288964198400000000e+10
4.719999978679497943e+00 2.739122995200000000e+10
4.759999978498816731e+00 2.204938240000000000e+10
4.799999978318131966e+00 1.952489881600000000e+10
4.839999978137449865e+00 1.212814028800000000e+10
4.879999977956768653e+00 1.088214835200000000e+10
4.919999977776087441e+00 1.521063219200000000e+10
4.959999977595405340e+00 1.020285030400000000e+10
4.999999977414724128e+00 1.275619328000000000e+10
5.039999977234039363e+00 2.584324300800000000e+10
5.079999977053357263e+00 5.434775961600000000e+10
5.119999976872676051e+00 9.632104448000000000e+10
5.159999976691993950e+00 1.134323466240000000e+11
5.199999976511312738e+00 8.584045363200000000e+10
5.239999976330627973e+00 4.874116710400000000e+10
5.279999976149945873e+00 2.451030835200000000e+10
5.319999975969264661e+00 1.367206809600000000e+10
5.359999975788582560e+00 7.135217664000000000e+09
5.399999975607901348e+00 4.036737792000000000e+09
5.439999975427216583e+00 2.783825664000000000e+09
5.479999975246534483e+00 2.947785216000000000e+09
5.519999975065853270e+00 3.913095424000000000e+09
5.559999974885171170e+00 6.746166272000000000e+09
5.599999974704489958e+00 1.085997568000000000e+10
5.639999974523807857e+00 9.172438016000000000e+09
5.679999974343123093e+00 5.554634240000000000e+09
5.719999974162441880e+00 5.267565568000000000e+09
5.759999973981759780e+00 9.547816320000000000e+08
5.799999973801078568e+00 3.912076544000000000e+09
5.839999973620396467e+00 1.768535244800000000e+10
5.879999973439711702e+00 2.480662528000000000e+10
5.919999973259030490e+00 2.987668070400000000e+10
5.959999973078349278e+00 4.660225638400000000e+10
5.999999972897667178e+00 6.874941849600000000e+10
6.039999972716985965e+00 7.726172569600000000e+10
6.079999972536301200e+00 6.103387750400000000e+10
6.119999972355619100e+00 3.909568512000000000e+10
6.159999972174937888e+00 2.240753868800000000e+10
6.199999971994255787e+00 1.226262732800000000e+10
6.239999971813574575e+00 8.060123136000000000e+09
6.279999971632892475e+00 9.831229440000000000e+09
6.319999971452207710e+00 1.312046080000000000e+10
6.359999971271526498e+00 1.760123084800000000e+10
6.399999971090844397e+00 2.638415667200000000e+10
6.439999970910163185e+00 3.745068646400000000e+10
6.479999970729481085e+00 4.492929024000000000e+10
6.519999970548796320e+00 4.886038118400000000e+10
6.559999970368115108e+00 5.005191168000000000e+10
6.599999970187433007e+00 4.533493760000000000e+10
6.639999970006751795e+00 3.070608179200000000e+10
6.679999969826069695e+00 1.430010982400000000e+10
6.719999969645388482e+00 3.979845632000000000e+09
6.759999969464703717e+00 2.241108224000000000e+09
6.799999969284021617e+00 6.800599552000000000e+09
6.839999969103340405e+00 1.343863603200000000e+10
6.879999968922659193e+00 1.983753216000000000e+10
6.919999968741977092e+00 2.117951692800000000e+10
6.959999968561292327e+00 1.646212608000000000e+10
6.999999968380611115e+00 9.746955264000000000e+09
7.039999968199929015e+00 4.235503104000000000e+09
7.079999968019247802e+00 2.809060864000000000e+09
7.119999967838565702e+00 3.175923456000000000e+09
7.159999967657880937e+00 5.007698944000000000e+09
7.199999967477199725e+00 6.284199936000000000e+09
7.239999967296517625e+00 8.891931648000000000e+09
7.279999967115836412e+00 1.563407974400000000e+10
7.319999966935154312e+00 2.272581836800000000e+10
7.359999966754473100e+00 2.497566310400000000e+10
7.399999966573788335e+00 2.137846374400000000e+10
7.439999966393106234e+00 1.127659212800000000e+10
7.479999966212425022e+00 2.415805952000000000e+09
7.519999966031742922e+00 1.219077200000000000e+08
7.559999965851061710e+00 2.152865792000000000e+09
7.599999965670376945e+00 3.514571008000000000e+09
7.639999965489694844e+00 4.762002432000000000e+09
7.679999965309013632e+00 6.925295104000000000e+09
7.719999965128331532e+00 8.871779328000000000e+09
7.759999964947650319e+00 1.006188748800000000e+10
7.799999964766968219e+00 1.540429414400000000e+10
7.839999964586283454e+00 2.543949004800000000e+10
7.879999964405602242e+00 3.163686912000000000e+10
7.919999964224921030e+00 3.039006105600000000e+10
7.959999964044238929e+00 2.502447923200000000e+10
7.999999963863557717e+00 2.001871257600000000e+10
8.039999963682872064e+00 1.748493721600000000e+10
8.079999963502190852e+00 1.624949248000000000e+10
8.119999963321509640e+00 1.430899507200000000e+10
8.159999963140828427e+00 1.115856793600000000e+10
8.199999962960145439e+00 9.705039872000000000e+09
8.239999962779460674e+00 1.068544102400000000e+10
8.279999962598779462e+00 1.256839372800000000e+10
8.319999962418098249e+00 1.429977600000000000e+10
8.359999962237417037e+00 1.749842124800000000e+10
8.399999962056734049e+00 2.334586060800000000e+10
8.439999961876052836e+00 2.602958643200000000e+10
8.479999961695368071e+00 2.275741286400000000e+10
8.519999961514686859e+00 1.644684083200000000e+10
8.559999961334005647e+00 1.204841369600000000e+10
8.599999961153322658e+00 8.699329536000000000e+09
8.639999960972641446e+00 6.133660672000000000e+09
8.679999960791956681e+00 2.786615040000000000e+09
8.719999960611275469e+00 8.707351680000000000e+08
8.759999960430594257e+00 1.344433408000000000e+09
8.799999960249911268e+00 4.179799040000000000e+09
8.839999960069230056e+00 7.957274112000000000e+09
8.879999959888548844e+00 1.117704601600000000e+10
8.919999959707864079e+00 1.269125427200000000e+10
8.959999959527182867e+00 1.420802048000000000e+10
8.999999959346501655e+00 1.805180313600000000e+10
9.039999959165818666e+00 2.438663577600000000e+10
9.079999958985137454e+00 3.097382297600000000e+10
9.119999958804452689e+00 3.264624025600000000e+10
9.159999958623771477e+00 2.706585804800000000e+10
9.199999958443090264e+00 1.917360128000000000e+10
9.239999958262407276e+00 1.205911552000000000e+10
9.279999958081726064e+00 7.088619520000000000e+09
9.319999957901041299e+00 3.979872768000000000e+09
9.359999957720360086e+00 2.254269440000000000e+09
9.399999957539678874e+00 1.660171008000000000e+09
9.439999957358995886e+00 2.016496256000000000e+09
9.479999957178314673e+00 3.327233024000000000e+09
9.519999956997633461e+00 5.467409408000000000e+09
9.559999956816948696e+00 8.019708928000000000e+09
9.599999956636267484e+00 1.000084992000000000e+10
9.639999956455584496e+00 1.066778726400000000e+10
9.679999956274903283e+00 9.895045120000000000e+09
9.719999956094222071e+00 8.301656064000000000e+09
9.759999955913537306e+00 6.379980288000000000e+09
9.799999955732856094e+00 4.561113600000000000e+09
9.839999955552174882e+00 3.032806144000000000e+09
9.879999955371491893e+00 1.811078016000000000e+09
9.919999955190810681e+00 9.821962240000000000e+08
9.959999955010125916e+00 4.764796800000000000e+08
9.999999954829444704e+00 1.965142240000000000e+08
1.003999995464876349e+01 6.547944000000000000e+07
1.007999995446808050e+01 5.674230000000000000e+07
1.011999995428739929e+01 2.663823360000000000e+08
1.015999995410671808e+01 8.971349120000000000e+08
1.019999995392603331e+01 2.115457280000000000e+09
1.023999995374535210e+01 3.927983616000000000e+09
1.027999995356466911e+01 6.147214336000000000e+09
1.031999995338398790e+01 8.239499264000000000e+09
1.035999995320330669e+01 9.578785792000000000e+09
1.039999995302262192e+01 9.927306240000000000e+09
1.043999995284194071e+01 9.241960448000000000e+09
1.047999995266125772e+01 8.061305856000000000e+09
1.051999995248057651e+01 6.794051072000000000e+09
1.055999995229989530e+01 5.580533760000000000e+09
1.059999995211921409e+01 4.572817408000000000e+09
1.063999995193852932e+01 3.823268608000000000e+09
1.067999995175784633e+01 3.368229120000000000e+09
1.071999995157716512e+01 3.237633024000000000e+09
1.075999995139648391e+01 3.287735808000000000e+09
1.079999995121580270e+01 3.305994752000000000e+09
1.083999995103511793e+01 3.169807872000000000e+09
1.087999995085443672e+01 2.907939328000000000e+09
1.091999995067375373e+01 2.656244224000000000e+09
1.095999995049307252e+01 2.516396800000000000e+09
1.099999995031239131e+01 2.607179264000000000e+09
1.103999995013170654e+01 2.942106368000000000e+09
1.107999994995102533e+01 3.582337792000000000e+09
1.111999994977034234e+01 4.508327936000000000e+09
1.115999994958966113e+01 5.427346944000000000e+09
1.119999994940897992e+01 6.133989376000000000e+09
1.123999994922829870e+01 6.398884352000000000e+09
1.127999994904761394e+01 6.115338752000000000e+09
1.131999994886693095e+01 5.434555392000000000e+09
1.135999994868624974e+01 4.689743872000000000e+09
1.139999994850556853e+01 3.980759552000000000e+09
1.143999994832488731e+01 3.434912256000000000e+09
1.147999994814420255e+01 3.113846016000000000e+09
1.151999994796351956e+01 2.967201280000000000e+09
1.155999994778283835e+01 3.047981056000000000e+09
1.159999994760215714e+01 3.380351232000000000e+09
1.163999994742147592e+01 3.947565824000000000e+09
1.167999994724079293e+01 4.810850304000000000e+09
1.171999994706010817e+01 5.903890432000000000e+09
1.175999994687942696e+01 7.096987136000000000e+09
1.179999994669874575e+01 8.272425472000000000e+09
1.183999994651806453e+01 9.013177344000000000e+09
1.187999994633738332e+01 8.974393344000000000e+09
1.191999994615669856e+01 8.081720832000000000e+09
1.195999994597601557e+01 6.497420800000000000e+09
1.199999994579533436e+01 4.725681664000000000e+09
1.203999994561465314e+01 3.219382272000000000e+09
1.207999994543397193e+01 2.118812160000000000e+09
1.211999994525328717e+01 1.463087232000000000e+09
1.215999994507260418e+01 1.146817280000000000e+09
1.219999994489192296e+01 1.047033728000000000e+09
1.223999994471124175e+01 1.100464768000000000e+09
1.227999994453056054e+01 1.238036736000000000e+09
1.231999994434987755e+01 1.431910784000000000e+09
1.235999994416919279e+01 1.666479360000000000e+09
1.239999994398851157e+01 1.926463872000000000e+09
1.243999994380783036e+01 2.180753920000000000e+09
1.247999994362714915e+01 2.430864384000000000e+09
1.251999994344646616e+01 2.642072576000000000e+09
1.255999994326578140e+01 2.782444800000000000e+09
1.259999994308510018e+01 2.844978688000000000e+09
1.263999994290441897e+01 2.802601472000000000e+09
1.267999994272373776e+01 2.642665472000000000e+09
1.271999994254305477e+01 2.422278144000000000e+09
1.275999994236237356e+01 2.146537216000000000e+09
1.279999994218168879e+01 1.858153472000000000e+09
