# x = Time (fs); y = Power (W)
-1.123999994922829870e+01 1.880108288000000000e+09
-1.119999994940898169e+01 1.817907712000000000e+09
-1.115999994958966290e+01 1.648616448000000000e+09
-1.111999994977034589e+01 1.382914304000000000e+09
-1.107999994995102711e+01 1.052695424000000000e+09
-1.103999995013171009e+01 7.661448960000000000e+08
-1.099999995031239131e+01 5.352137280000000000e+08
-1.095999995049307429e+01 3.728140160000000000e+08
-1.091999995067375551e+01 2.920976000000000000e+08
-1.087999995085443850e+01 2.650520640000000000e+08
-1.083999995103512148e+01 2.827009280000000000e+08
-1.079999995121580270e+01 3.394459520000000000e+08
-1.075999995139648568e+01 4.232039040000000000e+08
-1.071999995157716690e+01 5.330338560000000000e+08
-1.067999995175784989e+01 6.859236480000000000e+08
-1.063999995193853110e+01 8.533646080000000000e+08
-1.059999995211921409e+01 1.060075776000000000e+09
-1.055999995229989707e+01 1.322545920000000000e+09
-1.051999995248057829e+01 1.651733120000000000e+09
-1.047999995266126128e+01 2.081789696000000000e+09
-1.043999995284194249e+01 2.690499840000000000e+09
-1.039999995302262548e+01 3.440602624000000000e+09
-1.035999995320330669e+01 4.290384128000000000e+09
-1.031999995338398968e+01 5.118471680000000000e+09
-1.027999995356467089e+01 5.603218432000000000e+09
-1.023999995374535388e+01 5.507458560000000000e+09
-1.019999995392603687e+01 4.920217088000000000e+09
-1.015999995410671808e+01 4.011603968000000000e+09
-1.011999995428740107e+01 3.193554688000000000e+09
-1.007999995446808228e+01 2.707104768000000000e+09
-1.003999995464876527e+01 2.668561664000000000e+09
-9.999999954829448257e+00 3.255958784000000000e+09
-9.959999955010129469e+00 4.412752384000000000e+09
-9.919999955190810681e+00 5.589881344000000000e+09
-9.879999955371493670e+00 6.022672384000000000e+09
-9.839999955552174882e+00 5.676814336000000000e+09
-9.799999955732859647e+00 4.855750144000000000e+09
-9.759999955913540859e+00 3.931782656000000000e+09
-9.719999956094222071e+00 3.184926464000000000e+09
-9.679999956274905060e+00 2.592399616000000000e+09
-9.639999956455586272e+00 2.132102912000000000e+09
-9.599999956636269260e+00 1.807465984000000000e+09
-9.559999956816952249e+00 1.571011072000000000e+09
-9.519999956997633461e+00 1.373055616000000000e+09
-9.479999957178316450e+00 1.156210176000000000e+09
-9.439999957358997662e+00 9.110776960000000000e+08
-9.399999957539680651e+00 1.340744320000000000e+09
-9.359999957720363639e+00 2.971284480000000000e+09
-9.319999957901044851e+00 5.519986688000000000e+09
-9.279999958081726064e+00 8.322073600000000000e+09
-9.239999958262409052e+00 1.096606208000000000e+10
-9.199999958443092041e+00 1.302003200000000000e+10
-9.159999958623775029e+00 1.430360166400000000e+10
-9.119999958804456242e+00 1.449182208000000000e+10
-9.079999958985137454e+00 1.288655667200000000e+10
-9.039999959165818666e+00 1.062093414400000000e+10
-8.999999959346501655e+00 7.814365696000000000e+09
-8.959999959527186419e+00 4.855230464000000000e+09
-8.919999959707867632e+00 2.758569216000000000e+09
-8.879999959888548844e+00 1.902562176000000000e+09
-8.839999960069230056e+00 2.261037312000000000e+09
-8.799999960249913045e+00 3.490551808000000000e+09
-8.759999960430597810e+00 5.109644288000000000e+09
-8.719999960611279022e+00 6.928635904000000000e+09
-8.679999960791960234e+00 8.541260288000000000e+09
-8.639999960972641446e+00 9.298500608000000000e+09
-8.599999961153324435e+00 8.311632896000000000e+09
-8.559999961334007423e+00 6.079873024000000000e+09
-8.519999961514690412e+00 3.730515456000000000e+09
-8.479999961695371624e+00 1.928195072000000000e+09
-8.439999961876052836e+00 8.704229120000000000e+08
-8.399999962056734049e+00 3.597017280000000000e+08
-8.359999962237418814e+00 1.984049920000000000e+08
-8.319999962418101802e+00 2.725089280000000000e+08
-8.279999962598783014e+00 4.846721280000000000e+08
-8.239999962779464227e+00 7.321944320000000000e+08
-8.199999962960145439e+00 9.193482880000000000e+08
-8.159999963140828427e+00 9.528779520000000000e+08
-8.119999963321513192e+00 8.514096000000000000e+08
-8.079999963502194404e+00 6.914892160000000000e+08
-8.039999963682875617e+00 6.079331840000000000e+08
-7.999999963863557717e+00 7.634952320000000000e+08
-7.959999964044240706e+00 1.340323712000000000e+09
-7.919999964224921918e+00 2.495112960000000000e+09
-7.879999964405605795e+00 4.074541312000000000e+09
-7.839999964586287007e+00 5.807117312000000000e+09
-7.799999964766968219e+00 7.551734784000000000e+09
-7.759999964947650319e+00 9.817335808000000000e+09
-7.719999965128333308e+00 1.356546662400000000e+10
-7.679999965309016297e+00 1.890459033600000000e+10
-7.639999965489698397e+00 2.245924454400000000e+10
-7.599999965670379609e+00 2.018165145600000000e+10
-7.559999965851061710e+00 1.679329894400000000e+10
-7.519999966031744698e+00 1.342234624000000000e+10
-7.479999966212426799e+00 1.213475020800000000e+10
-7.439999966393109787e+00 9.908433920000000000e+09
-7.399999966573790999e+00 5.675775488000000000e+09
-7.359999966754473100e+00 1.694760576000000000e+09
-7.319999966935154312e+00 2.288833280000000000e+08
-7.279999967115837300e+00 2.132033408000000000e+09
-7.239999967296521177e+00 6.256053248000000000e+09
-7.199999967477202389e+00 9.633190912000000000e+09
-7.159999967657884490e+00 1.175636582400000000e+10
-7.119999967838565702e+00 1.421118361600000000e+10
-7.079999968019248691e+00 2.192929382400000000e+10
-7.039999968199931679e+00 3.124523417600000000e+10
-6.999999968380612891e+00 3.472217702400000000e+10
-6.959999968561295880e+00 2.950585753600000000e+10
-6.919999968741977980e+00 2.339967180800000000e+10
-6.879999968922660081e+00 1.886171545600000000e+10
-6.839999969103342181e+00 1.494759424000000000e+10
-6.799999969284024282e+00 1.116936704000000000e+10
-6.759999969464706382e+00 7.439851008000000000e+09
-6.719999969645389370e+00 4.183379712000000000e+09
-6.679999969826070583e+00 1.832925824000000000e+09
-6.639999970006753571e+00 1.128706688000000000e+09
-6.599999970187435672e+00 2.108685824000000000e+09
-6.559999970368116884e+00 4.141206784000000000e+09
-6.519999970548799872e+00 6.409063424000000000e+09
-6.479999970729481973e+00 9.465117696000000000e+09
-6.439999970910164961e+00 1.425556070400000000e+10
-6.399999971090846174e+00 2.060636160000000000e+10
-6.359999971271528274e+00 2.584727756800000000e+10
-6.319999971452211263e+00 2.771186892800000000e+10
-6.279999971632893363e+00 2.390542950400000000e+10
-6.239999971813575463e+00 1.727328256000000000e+10
-6.199999971994257564e+00 1.114837299200000000e+10
-6.159999972174939664e+00 6.913405440000000000e+09
-6.119999972355622653e+00 4.377869312000000000e+09
-6.079999972536303865e+00 2.555140864000000000e+09
-6.039999972716985965e+00 1.450049792000000000e+09
-5.999999972897668954e+00 1.021036544000000000e+09
-5.959999973078351054e+00 4.849840960000000000e+08
-5.919999973259033155e+00 3.417711040000000000e+08
-5.879999973439715255e+00 3.519918080000000000e+08
-5.839999973620396467e+00 2.128920800000000000e+08
-5.799999973801080344e+00 1.709398080000000000e+08
-5.759999973981761556e+00 2.124709280000000000e+08
-5.719999974162444545e+00 7.631949600000000000e+07
-5.679999974343126645e+00 4.607775200000000000e+07
-5.639999974523807857e+00 3.047803200000000000e+08
-5.599999974704491734e+00 4.375947520000000000e+08
-5.559999974885172946e+00 7.710354560000000000e+08
-5.519999975065855047e+00 5.358066688000000000e+09
-5.479999975246538035e+00 1.129852518400000000e+10
-5.439999975427219248e+00 9.728321536000000000e+09
-5.399999975607903124e+00 9.731241984000000000e+09
-5.359999975788584337e+00 1.271231180800000000e+10
-5.319999975969265549e+00 1.710272409600000000e+10
-5.279999976149949426e+00 3.047542988800000000e+10
-5.239999976330630638e+00 5.572955750400000000e+10
-5.199999976511312738e+00 6.889647308800000000e+10
-5.159999976691995727e+00 5.506127462400000000e+10
-5.119999976872676939e+00 3.419029504000000000e+10
-5.079999977053359039e+00 1.717257011200000000e+10
-5.039999977234042028e+00 7.228017152000000000e+09
-4.999999977414724128e+00 3.428635904000000000e+09
-4.959999977595407117e+00 2.631265280000000000e+09
-4.919999977776088329e+00 2.845565184000000000e+09
-4.879999977956770429e+00 3.933136640000000000e+09
-4.839999978137453418e+00 4.485279232000000000e+09
-4.799999978318134630e+00 6.723680768000000000e+09
-4.759999978498816731e+00 8.595510272000000000e+09
-4.719999978679499719e+00 8.663448576000000000e+09
-4.679999978860181820e+00 1.863989452800000000e+10
-4.639999979040864808e+00 3.249732403200000000e+10
-4.599999979221546020e+00 4.237379584000000000e+10
-4.559999979402228121e+00 4.615045939200000000e+10
-4.519999979582911109e+00 4.835508224000000000e+10
-4.479999979763593210e+00 3.852461260800000000e+10
-4.439999979944274422e+00 2.531592601600000000e+10
-4.399999980124957411e+00 1.178125312000000000e+10
-4.359999980305639511e+00 2.241069568000000000e+09
-4.319999980486322499e+00 1.799844480000000000e+09
-4.279999980667003712e+00 6.834622976000000000e+09
-4.239999980847685812e+00 3.927423488000000000e+09
-4.199999981028368801e+00 1.022552678400000000e+10
-4.159999981209050901e+00 4.871244595200000000e+10
-4.119999981389732113e+00 7.915623219200000000e+10
-4.079999981570415102e+00 7.308070092800000000e+10
-4.039999981751097202e+00 4.923318272000000000e+10
-3.999999981931778859e+00 2.979302809600000000e+10
-3.959999982112461847e+00 2.122527539200000000e+10
-3.919999982293143503e+00 1.776789913600000000e+10
-3.879999982473826936e+00 1.467224473600000000e+10
-3.839999982654508148e+00 1.275440537600000000e+10
-3.799999982835189805e+00 9.865445376000000000e+09
-3.759999983015873237e+00 4.597907456000000000e+09
-3.719999983196554894e+00 2.144045824000000000e+09
-3.679999983377236550e+00 8.650693120000000000e+08
-3.639999983557919538e+00 1.740354688000000000e+09
-3.599999983738601195e+00 2.519773696000000000e+09
-3.559999983919284627e+00 3.870775808000000000e+09
-3.519999984099966284e+00 4.332399616000000000e+09
-3.479999984280647940e+00 5.549873664000000000e+09
-3.439999984461330929e+00 6.625268224000000000e+09
-3.399999984642012585e+00 5.495320064000000000e+09
-3.359999984822694241e+00 6.045852672000000000e+09
-3.319999985003377230e+00 4.009258752000000000e+09
-3.279999985184058886e+00 3.869369600000000000e+09
-3.239999985364742319e+00 1.067635814400000000e+10
-3.199999985545423975e+00 2.315709644800000000e+10
-3.159999985726105631e+00 3.606088908800000000e+10
-3.119999985906788620e+00 3.838693785600000000e+10
-3.079999986087470276e+00 3.133595648000000000e+10
-3.039999986268151932e+00 1.687618662400000000e+10
-2.999999986448835365e+00 9.603901440000000000e+09
-2.959999986629517021e+00 1.126437273600000000e+10
-2.919999986810200010e+00 1.412264243200000000e+10
-2.879999986990881666e+00 1.007365734400000000e+10
-2.839999987171563323e+00 6.120720896000000000e+09
-2.799999987352246311e+00 1.543542476800000000e+10
-2.759999987532927967e+00 2.568037376000000000e+10
-2.719999987713609624e+00 3.234884608000000000e+10
-2.679999987894293056e+00 3.114565632000000000e+10
-2.639999988074974713e+00 2.606558617600000000e+10
-2.599999988255656369e+00 2.308181811200000000e+10
-2.559999988436339358e+00 1.787720499200000000e+10
-2.519999988617021014e+00 1.180163379200000000e+10
-2.479999988797704447e+00 1.468358758400000000e+10
-2.439999988978386103e+00 1.831938662400000000e+10
-2.399999989159067315e+00 1.837348864000000000e+10
-2.359999989339750748e+00 1.795628236800000000e+10
-2.319999989520432404e+00 1.718695936000000000e+10
-2.279999989701114060e+00 8.626231296000000000e+09
-2.239999989881797049e+00 1.388911872000000000e+09
-2.199999990062478705e+00 2.088689868800000000e+10
-2.159999990243162138e+00 6.421318451200000000e+10
-2.119999990423843794e+00 8.633605324800000000e+10
-2.079999990604525451e+00 5.895692697600000000e+10
-2.039999990785208439e+00 3.323696947200000000e+10
-1.999999990965890095e+00 3.090725068800000000e+10
-1.959999991146571752e+00 4.019593625600000000e+10
-1.919999991327254962e+00 3.647206195200000000e+10
-1.879999991507936619e+00 2.118781337600000000e+10
-1.839999991688619829e+00 1.333816012800000000e+10
-1.799999991869301486e+00 9.816126464000000000e+09
-1.759999992049983142e+00 7.728898048000000000e+09
-1.719999992230666352e+00 4.403766784000000000e+09
-1.679999992411347787e+00 3.197985792000000000e+09
-1.639999992592029443e+00 2.131273344000000000e+09
-1.599999992772712654e+00 1.075955072000000000e+09
-1.559999992953394310e+00 4.407474240000000000e+08
-1.519999993134077521e+00 3.323213760000000000e+08
-1.479999993314759177e+00 1.694049280000000000e+08
-1.439999993495440833e+00 8.456757760000000000e+08
-1.399999993676124044e+00 3.102944000000000000e+09
-1.359999993856805700e+00 3.519639552000000000e+09
-1.319999994037487356e+00 1.021848268800000000e+10
-1.279999994218170567e+00 2.943057510400000000e+10
-1.239999994398852223e+00 6.171899084800000000e+10
-1.199999994579533658e+00 9.219458662400000000e+10
-1.159999994760216868e+00 9.973765734400000000e+10
-1.119999994940898524e+00 7.826241126400000000e+10
-1.079999995121581735e+00 5.309418291200000000e+10
-1.039999995302263391e+00 3.224445542400000000e+10
-9.999999954829450477e-01 1.274416947200000000e+10
-9.599999956636282583e-01 2.165184512000000000e+09
-9.199999958443099146e-01 3.747446784000000000e+09
-8.799999960249915709e-01 1.182168473600000000e+10
-8.399999962056747815e-01 1.905329971200000000e+10
-7.999999963863563268e-01 1.694159155200000000e+10
-7.599999965670395374e-01 1.690829209600000000e+10
-7.199999967477211937e-01 3.235980902400000000e+10
-6.799999969284028500e-01 5.732295065600000000e+10
-6.399999971090860607e-01 7.886195916800000000e+10
-5.999999972897677170e-01 8.987421900800000000e+10
-5.599999974704492622e-01 8.265779609600000000e+10
-5.199999976511324729e-01 4.792902860800000000e+10
-4.799999978318141292e-01 1.615514726400000000e+10
-4.399999980124973398e-01 3.401054976000000000e+09
-3.999999981931789961e-01 8.145399296000000000e+09
-3.599999983738605969e-01 1.468872806400000000e+10
-3.199999985545438075e-01 1.150988697600000000e+10
-2.799999987352254638e-01 1.287299584000000000e+10
-2.399999989159070646e-01 3.899472691200000000e+10
-1.999999990965902752e-01 7.807314329600000000e+10
-1.599999992772719037e-01 9.826794700800000000e+10
-1.199999994579535323e-01 8.498499584000000000e+10
-7.999999963863674290e-02 5.476121395200000000e+10
-3.999999981931837145e-02 2.344817459200000000e+10
-1.577721810442023611e-15 1.396730675200000000e+10
3.999999981931678938e-02 2.282953932800000000e+10
7.999999963863516084e-02 4.117051801600000000e+10
1.199999994579519502e-01 4.344529715200000000e+10
1.599999992772703217e-01 3.479605657600000000e+10
1.999999990965886931e-01 3.455263539200000000e+10
2.399999989159054825e-01 2.437222604800000000e+10
2.799999987352238540e-01 5.593533952000000000e+09
3.199999985545406433e-01 9.874003968000000000e+09
3.599999983738590426e-01 4.894328012800000000e+10
3.999999981931773863e-01 5.667182592000000000e+10
4.399999980124941756e-01 4.832734003200000000e+10
4.799999978318125748e-01 8.634745651200000000e+10
5.199999976511309185e-01 1.285785845760000000e+11
5.599999974704477079e-01 1.496144936960000000e+11
5.999999972897660516e-01 1.352082472960000000e+11
6.399999971090828410e-01 9.186444902400000000e+10
6.799999969284012957e-01 5.087429427200000000e+10
7.199999967477196394e-01 2.566771712000000000e+10
7.599999965670364288e-01 1.452662272000000000e+10
7.999999963863547725e-01 9.627994112000000000e+09
8.399999962056731162e-01 9.294371840000000000e+09
8.799999960249899056e-01 1.427494604800000000e+10
9.199999958443083603e-01 1.271666176000000000e+10
9.599999956636251497e-01 1.023506227200000000e+10
9.999999954829434934e-01 8.913510400000000000e+09
1.039999995302261837e+00 3.628426752000000000e+09
1.079999995121578626e+00 6.603474432000000000e+09
1.119999994940896970e+00 1.972143104000000000e+09
1.159999994760215314e+00 8.206190080000000000e+09
1.199999994579532103e+00 3.165235520000000000e+08
1.239999994398850447e+00 4.713165619200000000e+10
1.279999994218169013e+00 1.754656276480000000e+11
1.319999994037487356e+00 1.848217600000000000e+11
1.359999993856802591e+00 1.153983528960000000e+11
1.399999993676120935e+00 5.114279116800000000e+10
1.439999993495439279e+00 1.257775206400000000e+10
1.479999993314757623e+00 2.683531776000000000e+09
1.519999993134075966e+00 1.527989657600000000e+10
1.559999992953391201e+00 2.400452198400000000e+10
1.599999992772709545e+00 3.038962483200000000e+10
1.639999992592027889e+00 3.087504179200000000e+10
1.679999992411346232e+00 3.117433036800000000e+10
1.719999992230664798e+00 1.094285209600000000e+10
1.759999992049983142e+00 2.870057216000000000e+09
1.799999991869298377e+00 6.271863296000000000e+09
1.839999991688616721e+00 1.830030745600000000e+10
1.879999991507935064e+00 1.713746329600000000e+10
1.919999991327253408e+00 1.062788300800000000e+10
1.959999991146571752e+00 5.215864832000000000e+10
1.999999990965886987e+00 9.308445900800000000e+10
2.039999990785205330e+00 9.331768524800000000e+10
2.079999990604523674e+00 8.356133273600000000e+10
2.119999990423842018e+00 9.231919513600000000e+10
2.159999990243160362e+00 1.025094123520000000e+11
2.199999990062475597e+00 6.732519424000000000e+10
2.239999989881793940e+00 2.396826828800000000e+10
2.279999989701112284e+00 5.716252160000000000e+09
2.319999989520430628e+00 3.714049024000000000e+09
2.359999989339748971e+00 2.340064768000000000e+09
2.399999989159067315e+00 3.064815104000000000e+09
2.439999988978382550e+00 1.550412902400000000e+10
2.479999988797700894e+00 3.620921344000000000e+10
2.519999988617019682e+00 5.409914470400000000e+10
2.559999988436338025e+00 5.908202291200000000e+10
2.599999988255656369e+00 5.148589260800000000e+10
2.639999988074971604e+00 3.796744601600000000e+10
2.679999987894289948e+00 2.590591180800000000e+10
2.719999987713608292e+00 1.808201728000000000e+10
2.759999987532926635e+00 1.662109081600000000e+10
2.799999987352244979e+00 1.650854912000000000e+10
2.839999987171563323e+00 1.941060403200000000e+10
2.879999986990878558e+00 2.336138854400000000e+10
2.919999986810196901e+00 2.771496960000000000e+10
2.959999986629515245e+00 2.613362483200000000e+10
2.999999986448833589e+00 2.229973811200000000e+10
3.039999986268151932e+00 1.847861862400000000e+10
3.079999986087467168e+00 1.436472934400000000e+10
3.119999985906785511e+00 1.112139264000000000e+10
3.159999985726103855e+00 1.402557747200000000e+10
3.199999985545422199e+00 2.069670912000000000e+10
3.239999985364740542e+00 2.465737728000000000e+10
3.279999985184055777e+00 2.828496281600000000e+10
3.319999985003374121e+00 1.757929881600000000e+10
3.359999984822692465e+00 4.986850816000000000e+09
3.399999984642010808e+00 2.422910464000000000e+09
3.439999984461329596e+00 8.803160064000000000e+09
3.479999984280647940e+00 2.244833280000000000e+10
3.519999984099963175e+00 2.106918092800000000e+10
3.559999983919281519e+00 3.483192320000000000e+09
3.599999983738599862e+00 3.772374080000000000e+08
3.639999983557918206e+00 4.002761216000000000e+09
3.679999983377236550e+00 2.965022515200000000e+10
3.719999983196551785e+00 5.149186457600000000e+10
3.759999983015870129e+00 3.291794022400000000e+10
3.799999982835188472e+00 9.183055872000000000e+09
3.839999982654506816e+00 1.246497484800000000e+10
3.879999982473825160e+00 4.292538368000000000e+10
3.919999982293143503e+00 9.269741977600000000e+10
3.959999982112458738e+00 1.179879833600000000e+11
3.999999981931777082e+00 1.011827916800000000e+11
4.039999981751095426e+00 7.381091123200000000e+10
4.079999981570414214e+00 5.620961689600000000e+10
4.119999981389732113e+00 4.558284800000000000e+10
4.159999981209047348e+00 3.394394521600000000e+10
4.199999981028366136e+00 2.205344972800000000e+10
4.239999980847684036e+00 1.169006796800000000e+10
4.279999980667002824e+00 6.657628672000000000e+09
4.319999980486320723e+00 9.162926080000000000e+09
4.359999980305635958e+00 1.640630579200000000e+10
4.399999980124954746e+00 2.140537651200000000e+10
4.439999979944272646e+00 2.042936115200000000e+10
4.479999979763591433e+00 1.709552537600000000e+10
4.519999979582909333e+00 1.718852812800000000e+10
4.559999979402228121e+00 1.837566976000000000e+10
4.599999979221543356e+00 1.603116339200000000e+10
4.639999979040861255e+00 9.394472960000000000e+09
4.679999978860180043e+00 6.235953664000000000e+09
4.719999978679497943e+00 7.930340352000000000e+09
4.759999978498816731e+00 1.095301324800000000e+10
4.799999978318131966e+00 1.735285760000000000e+10
4.839999978137449865e+00 3.092094156800000000e+10
4.879999977956768653e+00 4.858533888000000000e+10
4.919999977776087441e+00 5.604257792000000000e+10
4.959999977595405340e+00 4.341191884800000000e+10
4.999999977414724128e+00 3.138198528000000000e+10
5.039999977234039363e+00 4.280857395200000000e+10
5.079999977053357263e+00 4.929693696000000000e+10
5.119999976872676051e+00 3.518868275200000000e+10
5.159999976691993950e+00 1.534741708800000000e+10
5.199999976511312738e+00 1.320380160000000000e+09
5.239999976330627973e+00 3.089230080000000000e+09
5.279999976149945873e+00 1.390400512000000000e+10
5.319999975969264661e+00 1.677021081600000000e+10
5.359999975788582560e+00 1.307094323200000000e+10
5.399999975607901348e+00 9.616803840000000000e+09
5.439999975427216583e+00 9.624296448000000000e+09
5.479999975246534483e+00 8.646129664000000000e+09
5.519999975065853270e+00 4.132937216000000000e+09
5.559999974885171170e+00 2.247273472000000000e+09
5.599999974704489958e+00 3.185508864000000000e+09
5.639999974523807857e+00 3.336492800000000000e+09
5.679999974343123093e+00 1.976030336000000000e+09
5.719999974162441880e+00 2.414523200000000000e+08
5.759999973981759780e+00 9.749467136000000000e+09
5.799999973801078568e+00 3.494946406400000000e+10
5.839999973620396467e+00 5.456335257600000000e+10
5.879999973439711702e+00 5.353834905600000000e+10
5.919999973259030490e+00 4.130859008000000000e+10
5.959999973078349278e+00 2.983823974400000000e+10
5.999999972897667178e+00 2.008843059200000000e+10
6.039999972716985965e+00 1.020820377600000000e+10
6.079999972536301200e+00 8.096146432000000000e+09
6.119999972355619100e+00 2.248754176000000000e+10
6.159999972174937888e+00 4.691436748800000000e+10
6.199999971994255787e+00 5.760364953600000000e+10
6.239999971813574575e+00 4.787989299200000000e+10
6.279999971632892475e+00 3.039541452800000000e+10
6.319999971452207710e+00 1.984664371200000000e+10
6.359999971271526498e+00 1.702580019200000000e+10
6.399999971090844397e+00 1.831077683200000000e+10
6.439999970910163185e+00 2.010989568000000000e+10
6.479999970729481085e+00 1.736151449600000000e+10
6.519999970548796320e+00 1.013609984000000000e+10
6.559999970368115108e+00 4.993895424000000000e+09
6.599999970187433007e+00 1.765013760000000000e+09
6.639999970006751795e+00 6.080457600000000000e+08
6.679999969826069695e+00 6.331793920000000000e+09
6.719999969645388482e+00 1.582996992000000000e+10
6.759999969464703717e+00 2.597102182400000000e+10
6.799999969284021617e+00 5.529324748800000000e+10
6.839999969103340405e+00 9.040896819200000000e+10
6.879999968922659193e+00 1.004117114880000000e+11
6.919999968741977092e+00 8.668441804800000000e+10
6.959999968561292327e+00 6.042791116800000000e+10
6.999999968380611115e+00 3.219481804800000000e+10
7.039999968199929015e+00 1.299958784000000000e+10
7.079999968019247802e+00 4.712010240000000000e+09
7.119999967838565702e+00 2.871073024000000000e+09
7.159999967657880937e+00 2.091956224000000000e+09
7.199999967477199725e+00 8.184090240000000000e+08
7.239999967296517625e+00 1.189143680000000000e+08
7.279999967115836412e+00 2.017252224000000000e+09
7.319999966935154312e+00 4.311860736000000000e+09
7.359999966754473100e+00 2.901690368000000000e+09
7.399999966573788335e+00 2.823905280000000000e+08
7.439999966393106234e+00 2.384443200000000000e+08
7.479999966212425022e+00 9.197422080000000000e+08
7.519999966031742922e+00 6.181990912000000000e+09
7.559999965851061710e+00 6.915066368000000000e+09
7.599999965670376945e+00 7.115290112000000000e+09
7.639999965489694844e+00 3.746457600000000000e+10
7.679999965309013632e+00 9.664812646400000000e+10
7.719999965128331532e+00 1.249575239680000000e+11
7.759999964947650319e+00 9.982252646400000000e+10
7.799999964766968219e+00 5.930983014400000000e+10
7.839999964586283454e+00 3.155763404800000000e+10
7.879999964405602242e+00 1.572033638400000000e+10
7.919999964224921030e+00 7.329951744000000000e+09
7.959999964044238929e+00 3.098328320000000000e+09
7.999999963863557717e+00 8.886211840000000000e+08
8.039999963682872064e+00 7.008014080000000000e+08
8.079999963502190852e+00 2.369510400000000000e+09
8.119999963321509640e+00 4.417773056000000000e+09
8.159999963140828427e+00 5.537603584000000000e+09
8.199999962960145439e+00 5.185636864000000000e+09
8.239999962779460674e+00 4.353609216000000000e+09
8.279999962598779462e+00 3.894962176000000000e+09
8.319999962418098249e+00 3.894766080000000000e+09
8.359999962237417037e+00 4.193805056000000000e+09
8.399999962056734049e+00 4.340954112000000000e+09
8.439999961876052836e+00 4.223071744000000000e+09
8.479999961695368071e+00 3.958869504000000000e+09
8.519999961514686859e+00 3.557656064000000000e+09
8.559999961334005647e+00 3.259346176000000000e+09
8.599999961153322658e+00 2.950513408000000000e+09
8.639999960972641446e+00 3.288105216000000000e+09
8.679999960791956681e+00 4.658748416000000000e+09
8.719999960611275469e+00 6.797689856000000000e+09
8.759999960430594257e+00 9.938714624000000000e+09
8.799999960249911268e+00 1.417741824000000000e+10
8.839999960069230056e+00 2.018629427200000000e+10
8.879999959888548844e+00 2.747018035200000000e+10
8.919999959707864079e+00 3.407047680000000000e+10
8.959999959527182867e+00 3.885240729600000000e+10
8.999999959346501655e+00 3.975809843200000000e+10
9.039999959165818666e+00 3.590561382400000000e+10
9.079999958985137454e+00 2.900860313600000000e+10
9.119999958804452689e+00 2.083844915200000000e+10
9.159999958623771477e+00 1.378416947200000000e+10
9.199999958443090264e+00 8.029096448000000000e+09
9.239999958262407276e+00 3.878414336000000000e+09
9.279999958081726064e+00 1.595400832000000000e+09
9.319999957901041299e+00 6.067633920000000000e+08
9.359999957720360086e+00 2.430503360000000000e+08
9.399999957539678874e+00 1.484592160000000000e+08
9.439999957358995886e+00 1.174387520000000000e+08
9.479999957178314673e+00 1.235933280000000000e+08
9.519999956997633461e+00 1.786771200000000000e+08
9.559999956816948696e+00 2.593484000000000000e+08
9.599999956636267484e+00 4.258341120000000000e+08
9.639999956455584496e+00 7.353179520000000000e+08
9.679999956274903283e+00 1.200975744000000000e+09
9.719999956094222071e+00 1.859161856000000000e+09
9.759999955913537306e+00 2.631907072000000000e+09
9.799999955732856094e+00 3.703466240000000000e+09
9.839999955552174882e+00 5.377968128000000000e+09
9.879999955371491893e+00 8.513395200000000000e+09
9.919999955190810681e+00 1.396956057600000000e+10
9.959999955010125916e+00 2.067144294400000000e+10
9.999999954829444704e+00 2.676838604800000000e+10
1.003999995464876349e+01 2.993024819200000000e+10
1.007999995446808050e+01 2.867457638400000000e+10
1.011999995428739929e+01 2.323652198400000000e+10
1.015999995410671808e+01 1.577851084800000000e+10
1.019999995392603331e+01 9.254457344000000000e+09
1.023999995374535210e+01 4.825509888000000000e+09
1.027999995356466911e+01 2.293145856000000000e+09
1.031999995338398790e+01 1.074518400000000000e+09
1.035999995320330669e+01 6.914383360000000000e+08
1.039999995302262192e+01 8.178371840000000000e+08
1.043999995284194071e+01 1.281924608000000000e+09
1.047999995266125772e+01 1.883821184000000000e+09
1.051999995248057651e+01 2.584677888000000000e+09
1.055999995229989530e+01 3.354614016000000000e+09
1.059999995211921409e+01 4.118700544000000000e+09
1.063999995193852932e+01 4.730381312000000000e+09
1.067999995175784633e+01 5.122368512000000000e+09
1.071999995157716512e+01 5.216702976000000000e+09
1.075999995139648391e+01 4.975442432000000000e+09
1.079999995121580270e+01 4.567692288000000000e+09
1.083999995103511793e+01 4.088187904000000000e+09
1.087999995085443672e+01 3.568353536000000000e+09
1.091999995067375373e+01 3.107782144000000000e+09
1.095999995049307252e+01 2.639882240000000000e+09
1.099999995031239131e+01 2.177318144000000000e+09
1.103999995013170654e+01 1.765212544000000000e+09
1.107999994995102533e+01 1.458945152000000000e+09
1.111999994977034234e+01 1.302231552000000000e+09
1.115999994958966113e+01 1.329252864000000000e+09
1.119999994940897992e+01 1.588514560000000000e+09
1.123999994922829870e+01 2.093534976000000000e+09
1.127999994904761394e+01 2.873982464000000000e+09
1.131999994886693095e+01 3.876606720000000000e+09
1.135999994868624974e+01 4.979838976000000000e+09
1.139999994850556853e+01 5.931364352000000000e+09
1.143999994832488731e+01 6.513458176000000000e+09
1.147999994814420255e+01 6.613677568000000000e+09
1.151999994796351956e+01 6.221765632000000000e+09
1.155999994778283835e+01 5.574392320000000000e+09
1.159999994760215714e+01 4.892727808000000000e+09
1.163999994742147592e+01 4.309055488000000000e+09
1.167999994724079293e+01 3.969034496000000000e+09
1.171999994706010817e+01 3.942742784000000000e+09
1.175999994687942696e+01 4.177807104000000000e+09
1.179999994669874575e+01 4.661058048000000000e+09
1.183999994651806453e+01 5.309994496000000000e+09
1.187999994633738332e+01 6.028267008000000000e+09
1.191999994615669856e+01 6.788619776000000000e+09
1.195999994597601557e+01 7.466740736000000000e+09
1.199999994579533436e+01 7.891095552000000000e+09
1.203999994561465314e+01 7.826434048000000000e+09
1.207999994543397193e+01 6.987331584000000000e+09
1.211999994525328717e+01 5.434918400000000000e+09
1.215999994507260418e+01 3.633318400000000000e+09
1.219999994489192296e+01 2.060814336000000000e+09
1.223999994471124175e+01 9.452682240000000000e+08
1.227999994453056054e+01 2.980421760000000000e+08
1.231999994434987755e+01 2.744408200000000000e+07
1.235999994416919279e+01 3.348188800000000000e+07
1.239999994398851157e+01 2.210466560000000000e+08
1.243999994380783036e+01 5.198977920000000000e+08
1.247999994362714915e+01 8.718386560000000000e+08
1.251999994344646616e+01 1.230137344000000000e+09
1.255999994326578140e+01 1.569438848000000000e+09
1.259999994308510018e+01 1.854389888000000000e+09
1.263999994290441897e+01 2.050417408000000000e+09
1.267999994272373776e+01 2.169865984000000000e+09
1.271999994254305477e+01 2.191320832000000000e+09
1.275999994236237356e+01 2.149684992000000000e+09
1.279999994218168879e+01 2.030506880000000000e+09
