# x = Time (fs); y = Power (W)
-1.143999994832488731e+01 1.906939392000000000e+09
-1.139999994850557030e+01 2.193784832000000000e+09
-1.135999994868625151e+01 2.513307648000000000e+09
-1.131999994886693450e+01 2.809387776000000000e+09
-1.127999994904761571e+01 2.998662656000000000e+09
-1.123999994922829870e+01 3.043173120000000000e+09
-1.119999994940898169e+01 2.909783552000000000e+09
-1.115999994958966290e+01 2.672255744000000000e+09
-1.111999994977034589e+01 2.449459200000000000e+09
-1.107999994995102711e+01 2.268911616000000000e+09
-1.103999995013171009e+01 2.199098880000000000e+09
-1.099999995031239131e+01 2.247324672000000000e+09
-1.095999995049307429e+01 2.445201920000000000e+09
-1.091999995067375551e+01 2.786075904000000000e+09
-1.087999995085443850e+01 3.282207232000000000e+09
-1.083999995103512148e+01 3.901586432000000000e+09
-1.079999995121580270e+01 4.601256448000000000e+09
-1.075999995139648568e+01 5.196019712000000000e+09
-1.071999995157716690e+01 5.402672128000000000e+09
-1.067999995175784989e+01 4.878433792000000000e+09
-1.063999995193853110e+01 3.803522304000000000e+09
-1.059999995211921409e+01 2.723030272000000000e+09
-1.055999995229989707e+01 1.852730496000000000e+09
-1.051999995248057829e+01 1.239901824000000000e+09
-1.047999995266126128e+01 8.298948480000000000e+08
-1.043999995284194249e+01 5.527584640000000000e+08
-1.039999995302262548e+01 3.643574080000000000e+08
-1.035999995320330669e+01 2.284060160000000000e+08
-1.031999995338398968e+01 1.521236160000000000e+08
-1.027999995356467089e+01 1.615424480000000000e+08
-1.023999995374535388e+01 4.025060160000000000e+08
-1.019999995392603687e+01 1.106646656000000000e+09
-1.015999995410671808e+01 2.391650816000000000e+09
-1.011999995428740107e+01 4.200667136000000000e+09
-1.007999995446808228e+01 6.038502912000000000e+09
-1.003999995464876527e+01 7.275402752000000000e+09
-9.999999954829448257e+00 7.808590848000000000e+09
-9.959999955010129469e+00 7.594569216000000000e+09
-9.919999955190810681e+00 7.138073088000000000e+09
-9.879999955371493670e+00 6.695275008000000000e+09
-9.839999955552174882e+00 6.262769152000000000e+09
-9.799999955732859647e+00 5.924159488000000000e+09
-9.759999955913540859e+00 5.587850752000000000e+09
-9.719999956094222071e+00 5.359068160000000000e+09
-9.679999956274905060e+00 5.190845952000000000e+09
-9.639999956455586272e+00 4.729921024000000000e+09
-9.599999956636269260e+00 4.018862336000000000e+09
-9.559999956816952249e+00 3.413357568000000000e+09
-9.519999956997633461e+00 2.932129280000000000e+09
-9.479999957178316450e+00 2.738638080000000000e+09
-9.439999957358997662e+00 2.557443840000000000e+09
-9.399999957539680651e+00 2.228854528000000000e+09
-9.359999957720363639e+00 1.683407744000000000e+09
-9.319999957901044851e+00 1.072876672000000000e+09
-9.279999958081726064e+00 5.409411840000000000e+08
-9.239999958262409052e+00 1.936418240000000000e+08
-9.199999958443092041e+00 1.047361120000000000e+08
-9.159999958623775029e+00 2.970324160000000000e+08
-9.119999958804456242e+00 6.951602560000000000e+08
-9.079999958985137454e+00 1.127345408000000000e+09
-9.039999959165818666e+00 1.472680064000000000e+09
-8.999999959346501655e+00 1.697363456000000000e+09
-8.959999959527186419e+00 1.847175424000000000e+09
-8.919999959707867632e+00 1.926101504000000000e+09
-8.879999959888548844e+00 2.101511168000000000e+09
-8.839999960069230056e+00 2.486288384000000000e+09
-8.799999960249913045e+00 3.250991360000000000e+09
-8.759999960430597810e+00 4.706395136000000000e+09
-8.719999960611279022e+00 7.141221376000000000e+09
-8.679999960791960234e+00 1.039106969600000000e+10
-8.639999960972641446e+00 1.360197427200000000e+10
-8.599999961153324435e+00 1.574576230400000000e+10
-8.559999961334007423e+00 1.612945817600000000e+10
-8.519999961514690412e+00 1.464929587200000000e+10
-8.479999961695371624e+00 1.196956262400000000e+10
-8.439999961876052836e+00 8.814054400000000000e+09
-8.399999962056734049e+00 5.824954368000000000e+09
-8.359999962237418814e+00 3.466199808000000000e+09
-8.319999962418101802e+00 1.855884928000000000e+09
-8.279999962598783014e+00 9.287615360000000000e+08
-8.239999962779464227e+00 4.732128960000000000e+08
-8.199999962960145439e+00 3.197064000000000000e+08
-8.159999963140828427e+00 3.807457600000000000e+08
-8.119999963321513192e+00 6.207808640000000000e+08
-8.079999963502194404e+00 1.073875328000000000e+09
-8.039999963682875617e+00 1.767818880000000000e+09
-7.999999963863557717e+00 2.751024128000000000e+09
-7.959999964044240706e+00 4.073079296000000000e+09
-7.919999964224921918e+00 6.230047232000000000e+09
-7.879999964405605795e+00 9.901412352000000000e+09
-7.839999964586287007e+00 1.426770227200000000e+10
-7.799999964766968219e+00 1.545125580800000000e+10
-7.759999964947650319e+00 1.418992230400000000e+10
-7.719999965128333308e+00 1.070524006400000000e+10
-7.679999965309016297e+00 7.307184640000000000e+09
-7.639999965489698397e+00 4.203702272000000000e+09
-7.599999965670379609e+00 2.201143808000000000e+09
-7.559999965851061710e+00 1.813278080000000000e+09
-7.519999966031744698e+00 2.731195136000000000e+09
-7.479999966212426799e+00 3.412019712000000000e+09
-7.439999966393109787e+00 3.257114880000000000e+09
-7.399999966573790999e+00 2.509752320000000000e+09
-7.359999966754473100e+00 2.190269184000000000e+09
-7.319999966935154312e+00 2.542232320000000000e+09
-7.279999967115837300e+00 3.202864384000000000e+09
-7.239999967296521177e+00 2.903893760000000000e+09
-7.199999967477202389e+00 1.965625856000000000e+09
-7.159999967657884490e+00 1.336549376000000000e+09
-7.119999967838565702e+00 8.258595200000000000e+08
-7.079999968019248691e+00 5.295008640000000000e+08
-7.039999968199931679e+00 2.533769920000000000e+08
-6.999999968380612891e+00 6.314682880000000000e+08
-6.959999968561295880e+00 2.447329280000000000e+09
-6.919999968741977980e+00 5.937317376000000000e+09
-6.879999968922660081e+00 1.164149555200000000e+10
-6.839999969103342181e+00 2.010408345600000000e+10
-6.799999969284024282e+00 2.750294425600000000e+10
-6.759999969464706382e+00 3.377252352000000000e+10
-6.719999969645389370e+00 3.781562368000000000e+10
-6.679999969826070583e+00 3.730690457600000000e+10
-6.639999970006753571e+00 3.207439974400000000e+10
-6.599999970187435672e+00 2.416905216000000000e+10
-6.559999970368116884e+00 1.576500224000000000e+10
-6.519999970548799872e+00 1.145837260800000000e+10
-6.479999970729481973e+00 9.374243840000000000e+09
-6.439999970910164961e+00 7.972835840000000000e+09
-6.399999971090846174e+00 7.115622912000000000e+09
-6.359999971271528274e+00 5.965201920000000000e+09
-6.319999971452211263e+00 4.299917312000000000e+09
-6.279999971632893363e+00 3.091700224000000000e+09
-6.239999971813575463e+00 2.193605376000000000e+09
-6.199999971994257564e+00 1.745981568000000000e+09
-6.159999972174939664e+00 1.448283264000000000e+09
-6.119999972355622653e+00 1.184492032000000000e+09
-6.079999972536303865e+00 9.587150720000000000e+08
-6.039999972716985965e+00 6.125506560000000000e+08
-5.999999972897668954e+00 2.018838240000000000e+08
-5.959999973078351054e+00 6.206593280000000000e+08
-5.919999973259033155e+00 2.323112448000000000e+09
-5.879999973439715255e+00 4.741283840000000000e+09
-5.839999973620396467e+00 6.921260032000000000e+09
-5.799999973801080344e+00 7.670576128000000000e+09
-5.759999973981761556e+00 6.345224192000000000e+09
-5.719999974162444545e+00 4.577687552000000000e+09
-5.679999974343126645e+00 3.556765184000000000e+09
-5.639999974523807857e+00 4.953484800000000000e+09
-5.599999974704491734e+00 7.651416576000000000e+09
-5.559999974885172946e+00 9.073341440000000000e+09
-5.519999975065855047e+00 6.867430912000000000e+09
-5.479999975246538035e+00 3.849792000000000000e+09
-5.439999975427219248e+00 3.986486016000000000e+09
-5.399999975607903124e+00 7.435083264000000000e+09
-5.359999975788584337e+00 1.438075494400000000e+10
-5.319999975969265549e+00 2.443149107200000000e+10
-5.279999976149949426e+00 3.591960576000000000e+10
-5.239999976330630638e+00 4.404647936000000000e+10
-5.199999976511312738e+00 4.478767104000000000e+10
-5.159999976691995727e+00 4.354617753600000000e+10
-5.119999976872676939e+00 3.527242956800000000e+10
-5.079999977053359039e+00 2.644758732800000000e+10
-5.039999977234042028e+00 2.024252825600000000e+10
-4.999999977414724128e+00 1.368339353600000000e+10
-4.959999977595407117e+00 6.709447168000000000e+09
-4.919999977776088329e+00 2.618748672000000000e+09
-4.879999977956770429e+00 2.954530304000000000e+09
-4.839999978137453418e+00 8.248145920000000000e+09
-4.799999978318134630e+00 1.027212390400000000e+10
-4.759999978498816731e+00 5.115969024000000000e+09
-4.719999978679499719e+00 2.921743104000000000e+09
-4.679999978860181820e+00 6.147548160000000000e+08
-4.639999979040864808e+00 6.801459712000000000e+09
-4.599999979221546020e+00 3.786404659200000000e+10
-4.559999979402228121e+00 7.376785408000000000e+10
-4.519999979582911109e+00 7.235764224000000000e+10
-4.479999979763593210e+00 4.434483200000000000e+10
-4.439999979944274422e+00 2.040030412800000000e+10
-4.399999980124957411e+00 8.710389760000000000e+09
-4.359999980305639511e+00 4.834435072000000000e+09
-4.319999980486322499e+00 5.371631104000000000e+09
-4.279999980667003712e+00 4.586746368000000000e+09
-4.239999980847685812e+00 7.459934080000000000e+08
-4.199999981028368801e+00 3.328435712000000000e+09
-4.159999981209050901e+00 1.674786406400000000e+10
-4.119999981389732113e+00 3.909440716800000000e+10
-4.079999981570415102e+00 6.553230540800000000e+10
-4.039999981751097202e+00 8.762729267200000000e+10
-3.999999981931778859e+00 8.869474304000000000e+10
-3.959999982112461847e+00 7.199021465600000000e+10
-3.919999982293143503e+00 4.150071296000000000e+10
-3.879999982473826936e+00 2.174104371200000000e+10
-3.839999982654508148e+00 7.368004608000000000e+09
-3.799999982835189805e+00 1.482126080000000000e+09
-3.759999983015873237e+00 4.348316672000000000e+09
-3.719999983196554894e+00 1.339783782400000000e+10
-3.679999983377236550e+00 1.718010265600000000e+10
-3.639999983557919538e+00 1.496842240000000000e+10
-3.599999983738601195e+00 2.328844492800000000e+10
-3.559999983919284627e+00 4.292291379200000000e+10
-3.519999984099966284e+00 4.366445772800000000e+10
-3.479999984280647940e+00 3.292499968000000000e+10
-3.439999984461330929e+00 1.735468236800000000e+10
-3.399999984642012585e+00 7.459009024000000000e+09
-3.359999984822694241e+00 3.341758208000000000e+09
-3.319999985003377230e+00 4.985270784000000000e+09
-3.279999985184058886e+00 4.893569536000000000e+09
-3.239999985364742319e+00 1.466226176000000000e+09
-3.199999985545423975e+00 5.953035264000000000e+09
-3.159999985726105631e+00 2.813982924800000000e+10
-3.119999985906788620e+00 4.906184704000000000e+10
-3.079999986087470276e+00 4.865428684800000000e+10
-3.039999986268151932e+00 3.759443968000000000e+10
-2.999999986448835365e+00 3.890326732800000000e+10
-2.959999986629517021e+00 4.489718579200000000e+10
-2.919999986810200010e+00 3.234662195200000000e+10
-2.879999986990881666e+00 9.258890240000000000e+09
-2.839999987171563323e+00 3.578413120000000000e+08
-2.799999987352246311e+00 9.884668928000000000e+09
-2.759999987532927967e+00 2.715964006400000000e+10
-2.719999987713609624e+00 3.950009958400000000e+10
-2.679999987894293056e+00 3.452503654400000000e+10
-2.639999988074974713e+00 2.156748800000000000e+10
-2.599999988255656369e+00 1.673337241600000000e+10
-2.559999988436339358e+00 1.507286937600000000e+10
-2.519999988617021014e+00 1.365607424000000000e+10
-2.479999988797704447e+00 5.910348288000000000e+09
-2.439999988978386103e+00 8.350568320000000000e+08
-2.399999989159067315e+00 9.686016640000000000e+08
-2.359999989339750748e+00 8.226880000000000000e+09
-2.319999989520432404e+00 2.568788172800000000e+10
-2.279999989701114060e+00 4.534769664000000000e+10
-2.239999989881797049e+00 3.825010688000000000e+10
-2.199999990062478705e+00 2.981907456000000000e+10
-2.159999990243162138e+00 4.853397504000000000e+10
-2.119999990423843794e+00 5.383494041600000000e+10
-2.079999990604525451e+00 4.434590515200000000e+10
-2.039999990785208439e+00 3.673672908800000000e+10
-1.999999990965890095e+00 1.799772774400000000e+10
-1.959999991146571752e+00 3.003355955200000000e+10
-1.919999991327254962e+00 6.225234329600000000e+10
-1.879999991507936619e+00 1.071026503680000000e+11
-1.839999991688619829e+00 1.341078159360000000e+11
-1.799999991869301486e+00 1.047831429120000000e+11
-1.759999992049983142e+00 5.725309747200000000e+10
-1.719999992230666352e+00 2.964558643200000000e+10
-1.679999992411347787e+00 1.958107955200000000e+10
-1.639999992592029443e+00 1.598785126400000000e+10
-1.599999992772712654e+00 1.163730636800000000e+10
-1.559999992953394310e+00 8.848590848000000000e+09
-1.519999993134077521e+00 5.514617344000000000e+09
-1.479999993314759177e+00 1.665732352000000000e+09
-1.439999993495440833e+00 4.077652224000000000e+09
-1.399999993676124044e+00 1.878333235200000000e+10
-1.359999993856805700e+00 3.473127424000000000e+10
-1.319999994037487356e+00 2.812870656000000000e+10
-1.279999994218170567e+00 1.269212364800000000e+10
-1.239999994398852223e+00 9.330603008000000000e+09
-1.199999994579533658e+00 1.339891507200000000e+10
-1.159999994760216868e+00 9.480111104000000000e+09
-1.119999994940898524e+00 4.123466240000000000e+09
-1.079999995121581735e+00 6.222059520000000000e+09
-1.039999995302263391e+00 1.122989158400000000e+10
-9.999999954829450477e-01 1.677123891200000000e+10
-9.599999956636282583e-01 1.912843468800000000e+10
-9.199999958443099146e-01 1.759976857600000000e+10
-8.799999960249915709e-01 2.301973504000000000e+10
-8.399999962056747815e-01 2.475792998400000000e+10
-7.999999963863563268e-01 5.256339968000000000e+09
-7.599999965670395374e-01 7.512879104000000000e+09
-7.199999967477211937e-01 4.795782758400000000e+10
-6.799999969284028500e-01 5.894879641600000000e+10
-6.399999971090860607e-01 4.110466252800000000e+10
-5.999999972897677170e-01 4.345606144000000000e+10
-5.599999974704492622e-01 5.975251353600000000e+10
-5.199999976511324729e-01 7.104870809600000000e+10
-4.799999978318141292e-01 9.558232268800000000e+10
-4.399999980124973398e-01 8.702678630400000000e+10
-3.999999981931789961e-01 5.080189337600000000e+10
-3.599999983738605969e-01 1.800882585600000000e+10
-3.199999985545438075e-01 8.369539072000000000e+09
-2.799999987352254638e-01 2.350355046400000000e+10
-2.399999989159070646e-01 3.973332992000000000e+10
-1.999999990965902752e-01 3.046069657600000000e+10
-1.599999992772719037e-01 1.604065894400000000e+10
-1.199999994579535323e-01 2.962606489600000000e+10
-7.999999963863674290e-02 5.487665152000000000e+10
-3.999999981931837145e-02 6.088284569600000000e+10
-1.577721810442023611e-15 3.291423948800000000e+10
3.999999981931678938e-02 8.398075904000000000e+09
7.999999963863516084e-02 9.611510784000000000e+09
1.199999994579519502e-01 3.367642880000000000e+09
1.599999992772703217e-01 9.121068032000000000e+09
1.999999990965886931e-01 5.588403814400000000e+10
2.399999989159054825e-01 1.035618877440000000e+11
2.799999987352238540e-01 1.165088440320000000e+11
3.199999985545406433e-01 1.120133120000000000e+11
3.599999983738590426e-01 9.903087616000000000e+10
3.999999981931773863e-01 8.013456998400000000e+10
4.399999980124941756e-01 5.651989299200000000e+10
4.799999978318125748e-01 4.011849318400000000e+10
5.199999976511309185e-01 2.458608435200000000e+10
5.599999974704477079e-01 1.408765030400000000e+10
5.999999972897660516e-01 6.910609408000000000e+09
6.399999971090828410e-01 3.920437760000000000e+09
6.799999969284012957e-01 6.353323008000000000e+09
7.199999967477196394e-01 7.438540800000000000e+09
7.599999965670364288e-01 3.623099392000000000e+09
7.999999963863547725e-01 1.256561408000000000e+09
8.399999962056731162e-01 5.252756480000000000e+09
8.799999960249899056e-01 7.774046208000000000e+09
9.199999958443083603e-01 4.279679744000000000e+09
9.599999956636251497e-01 9.735832576000000000e+09
9.999999954829434934e-01 2.464309452800000000e+10
1.039999995302261837e+00 3.887048704000000000e+10
1.079999995121578626e+00 5.087542067200000000e+10
1.119999994940896970e+00 6.203511603200000000e+10
1.159999994760215314e+00 5.276726067200000000e+10
1.199999994579532103e+00 3.693196492800000000e+10
1.239999994398850447e+00 2.909759078400000000e+10
1.279999994218169013e+00 4.425615769600000000e+10
1.319999994037487356e+00 6.186500915200000000e+10
1.359999993856802591e+00 5.840192716800000000e+10
1.399999993676120935e+00 3.420178022400000000e+10
1.439999993495439279e+00 1.838764236800000000e+10
1.479999993314757623e+00 1.302830182400000000e+10
1.519999993134075966e+00 9.389646848000000000e+09
1.559999992953391201e+00 6.691316736000000000e+09
1.599999992772709545e+00 3.902816768000000000e+09
1.639999992592027889e+00 1.255697280000000000e+09
1.679999992411346232e+00 6.568215552000000000e+09
1.719999992230664798e+00 1.537585561600000000e+10
1.759999992049983142e+00 2.407381401600000000e+10
1.799999991869298377e+00 6.592377241600000000e+10
1.839999991688616721e+00 1.436738682880000000e+11
1.879999991507935064e+00 1.848510873600000000e+11
1.919999991327253408e+00 1.460238581760000000e+11
1.959999991146571752e+00 7.654418022400000000e+10
1.999999990965886987e+00 2.224536985600000000e+10
2.039999990785205330e+00 9.437678592000000000e+09
2.079999990604523674e+00 1.621477376000000000e+10
2.119999990423842018e+00 2.254168678400000000e+10
2.159999990243160362e+00 1.735048806400000000e+10
2.199999990062475597e+00 6.609618944000000000e+09
2.239999989881793940e+00 9.551406720000000000e+08
2.279999989701112284e+00 4.238330368000000000e+09
2.319999989520430628e+00 6.686504448000000000e+09
2.359999989339748971e+00 6.062598656000000000e+09
2.399999989159067315e+00 1.343992832000000000e+10
2.439999988978382550e+00 1.910354739200000000e+10
2.479999988797700894e+00 2.203425996800000000e+10
2.519999988617019682e+00 4.575256166400000000e+10
2.559999988436338025e+00 7.906638233600000000e+10
2.599999988255656369e+00 1.052601466880000000e+11
2.639999988074971604e+00 1.112528158720000000e+11
2.679999987894289948e+00 8.588174950400000000e+10
2.719999987713608292e+00 4.738810675200000000e+10
2.759999987532926635e+00 1.141567385600000000e+10
2.799999987352244979e+00 2.068664320000000000e+09
2.839999987171563323e+00 1.421360537600000000e+10
2.879999986990878558e+00 3.673285888000000000e+09
2.919999986810196901e+00 1.337721139200000000e+10
2.959999986629515245e+00 6.915005644800000000e+10
2.999999986448833589e+00 8.640637337600000000e+10
3.039999986268151932e+00 5.593579929600000000e+10
3.079999986087467168e+00 2.614801408000000000e+10
3.119999985906785511e+00 9.497475072000000000e+09
3.159999985726103855e+00 3.572725504000000000e+09
3.199999985545422199e+00 2.391478016000000000e+09
3.239999985364740542e+00 3.659022848000000000e+09
3.279999985184055777e+00 6.563845632000000000e+09
3.319999985003374121e+00 3.789563904000000000e+09
3.359999984822692465e+00 2.004491904000000000e+09
3.399999984642010808e+00 6.598854144000000000e+09
3.439999984461329596e+00 6.717979136000000000e+09
3.479999984280647940e+00 6.139622912000000000e+09
3.519999984099963175e+00 6.817178112000000000e+09
3.559999983919281519e+00 5.901507072000000000e+09
3.599999983738599862e+00 2.381568819200000000e+10
3.639999983557918206e+00 6.213817548800000000e+10
3.679999983377236550e+00 1.279995084800000000e+11
3.719999983196551785e+00 1.743922790400000000e+11
3.759999983015870129e+00 1.299647447040000000e+11
3.799999982835188472e+00 6.159993241600000000e+10
3.839999982654506816e+00 2.359134412800000000e+10
3.879999982473825160e+00 1.958240460800000000e+10
3.919999982293143503e+00 2.246053273600000000e+10
3.959999982112458738e+00 1.637032345600000000e+10
3.999999981931777082e+00 8.387961344000000000e+09
4.039999981751095426e+00 5.308859392000000000e+09
4.079999981570414214e+00 2.536006144000000000e+09
4.119999981389732113e+00 1.528692992000000000e+09
4.159999981209047348e+00 1.103705497600000000e+10
4.199999981028366136e+00 2.549470208000000000e+10
4.239999980847684036e+00 3.143355187200000000e+10
4.279999980667002824e+00 5.311570329600000000e+10
4.319999980486320723e+00 9.922482995200000000e+10
4.359999980305635958e+00 1.341446635520000000e+11
4.399999980124954746e+00 1.212219801600000000e+11
4.439999979944272646e+00 7.202821734400000000e+10
4.479999979763591433e+00 3.065392742400000000e+10
4.519999979582909333e+00 8.775431168000000000e+09
4.559999979402228121e+00 2.126831360000000000e+09
4.599999979221543356e+00 3.727580672000000000e+09
4.639999979040861255e+00 7.923095040000000000e+09
4.679999978860180043e+00 9.913417728000000000e+09
4.719999978679497943e+00 9.181902848000000000e+09
4.759999978498816731e+00 8.911602688000000000e+09
4.799999978318131966e+00 1.246127718400000000e+10
4.839999978137449865e+00 1.984561971200000000e+10
4.879999977956768653e+00 2.866723840000000000e+10
4.919999977776087441e+00 2.573122764800000000e+10
4.959999977595405340e+00 1.684527411200000000e+10
4.999999977414724128e+00 1.461860761600000000e+10
5.039999977234039363e+00 5.144509440000000000e+09
5.079999977053357263e+00 3.496700160000000000e+09
5.119999976872676051e+00 3.788294144000000000e+10
5.159999976691993950e+00 6.132078182400000000e+10
5.199999976511312738e+00 4.017052467200000000e+10
5.239999976330627973e+00 2.613683404800000000e+10
5.279999976149945873e+00 3.514109952000000000e+10
5.319999975969264661e+00 5.587203276800000000e+10
5.359999975788582560e+00 6.555182284800000000e+10
5.399999975607901348e+00 4.867305881600000000e+10
5.439999975427216583e+00 2.386445107200000000e+10
5.479999975246534483e+00 1.074249216000000000e+10
5.519999975065853270e+00 7.495344128000000000e+09
5.559999974885171170e+00 1.131986227200000000e+10
5.599999974704489958e+00 2.191595520000000000e+10
5.639999974523807857e+00 3.174491750400000000e+10
5.679999974343123093e+00 3.219574988800000000e+10
5.719999974162441880e+00 2.523598643200000000e+10
5.759999973981759780e+00 1.548254515200000000e+10
5.799999973801078568e+00 7.563261440000000000e+09
5.839999973620396467e+00 3.245193216000000000e+09
5.879999973439711702e+00 3.363458048000000000e+09
5.919999973259030490e+00 7.064886272000000000e+09
5.959999973078349278e+00 5.426021888000000000e+09
5.999999972897667178e+00 7.841724800000000000e+08
6.039999972716985965e+00 1.271445811200000000e+10
6.079999972536301200e+00 3.633028300800000000e+10
6.119999972355619100e+00 4.291954688000000000e+10
6.159999972174937888e+00 3.384735539200000000e+10
6.199999971994255787e+00 2.286548582400000000e+10
6.239999971813574575e+00 1.847997644800000000e+10
6.279999971632892475e+00 1.915475763200000000e+10
6.319999971452207710e+00 2.167452876800000000e+10
6.359999971271526498e+00 2.062534451200000000e+10
6.399999971090844397e+00 1.535626854400000000e+10
6.439999970910163185e+00 1.043516825600000000e+10
6.479999970729481085e+00 6.856490496000000000e+09
6.519999970548796320e+00 3.402846976000000000e+09
6.559999970368115108e+00 8.444590720000000000e+08
6.599999970187433007e+00 2.402081440000000000e+08
6.639999970006751795e+00 2.558993920000000000e+09
6.679999969826069695e+00 8.220282368000000000e+09
6.719999969645388482e+00 1.679867494400000000e+10
6.759999969464703717e+00 2.366432870400000000e+10
6.799999969284021617e+00 3.761298227200000000e+10
6.839999969103340405e+00 4.895875891200000000e+10
6.879999968922659193e+00 5.173024768000000000e+10
6.919999968741977092e+00 4.465286348800000000e+10
6.959999968561292327e+00 3.234451865600000000e+10
6.999999968380611115e+00 1.770685235200000000e+10
7.039999968199929015e+00 9.293905920000000000e+09
7.079999968019247802e+00 1.260520755200000000e+10
7.119999967838565702e+00 2.058294476800000000e+10
7.159999967657880937e+00 2.305963622400000000e+10
7.199999967477199725e+00 1.958200115200000000e+10
7.239999967296517625e+00 1.488600064000000000e+10
7.279999967115836412e+00 1.078613913600000000e+10
7.319999966935154312e+00 7.532153344000000000e+09
7.359999966754473100e+00 5.993269760000000000e+09
7.399999966573788335e+00 7.240217600000000000e+09
7.439999966393106234e+00 1.005483929600000000e+10
7.479999966212425022e+00 1.281365299200000000e+10
7.519999966031742922e+00 1.391314739200000000e+10
7.559999965851061710e+00 1.580690739200000000e+10
7.599999965670376945e+00 1.761537228800000000e+10
7.639999965489694844e+00 1.926203392000000000e+10
7.679999965309013632e+00 2.049565900800000000e+10
7.719999965128331532e+00 2.171865702400000000e+10
7.759999964947650319e+00 2.247276339200000000e+10
7.799999964766968219e+00 2.081312768000000000e+10
7.839999964586283454e+00 1.667070566400000000e+10
7.879999964405602242e+00 1.229516492800000000e+10
7.919999964224921030e+00 9.415004160000000000e+09
7.959999964044238929e+00 8.119600128000000000e+09
7.999999963863557717e+00 7.607679488000000000e+09
8.039999963682872064e+00 6.651061248000000000e+09
8.079999963502190852e+00 5.477719040000000000e+09
8.119999963321509640e+00 5.144883200000000000e+09
8.159999963140828427e+00 5.437834752000000000e+09
8.199999962960145439e+00 9.424737280000000000e+09
8.239999962779460674e+00 2.023403724800000000e+10
8.279999962598779462e+00 3.661262848000000000e+10
8.319999962418098249e+00 5.204393984000000000e+10
8.359999962237417037e+00 5.652111769600000000e+10
8.399999962056734049e+00 4.605056204800000000e+10
8.439999961876052836e+00 2.910977433600000000e+10
8.479999961695368071e+00 1.458811904000000000e+10
8.519999961514686859e+00 5.490712576000000000e+09
8.559999961334005647e+00 1.157119104000000000e+09
8.599999961153322658e+00 2.421564960000000000e+08
8.639999960972641446e+00 1.262910208000000000e+09
8.679999960791956681e+00 3.457921024000000000e+09
8.719999960611275469e+00 6.385123328000000000e+09
8.759999960430594257e+00 9.798813696000000000e+09
8.799999960249911268e+00 1.319612416000000000e+10
8.839999960069230056e+00 1.556926156800000000e+10
8.879999959888548844e+00 1.604589363200000000e+10
8.919999959707864079e+00 1.418224537600000000e+10
8.959999959527182867e+00 1.072931430400000000e+10
8.999999959346501655e+00 7.277517824000000000e+09
9.039999959165818666e+00 4.598608384000000000e+09
9.079999958985137454e+00 2.964362752000000000e+09
9.119999958804452689e+00 2.050093696000000000e+09
9.159999958623771477e+00 1.624748544000000000e+09
9.199999958443090264e+00 1.500903552000000000e+09
9.239999958262407276e+00 1.577265792000000000e+09
9.279999958081726064e+00 1.777556480000000000e+09
9.319999957901041299e+00 2.053899392000000000e+09
9.359999957720360086e+00 2.394771200000000000e+09
9.399999957539678874e+00 2.587582720000000000e+09
9.439999957358995886e+00 2.627902720000000000e+09
9.479999957178314673e+00 2.515709184000000000e+09
9.519999956997633461e+00 2.219264768000000000e+09
9.559999956816948696e+00 1.945039488000000000e+09
9.599999956636267484e+00 1.869293568000000000e+09
9.639999956455584496e+00 2.295158016000000000e+09
9.679999956274903283e+00 3.641112320000000000e+09
9.719999956094222071e+00 6.622945792000000000e+09
9.759999955913537306e+00 1.170416742400000000e+10
9.799999955732856094e+00 1.770830438400000000e+10
9.839999955552174882e+00 2.360345190400000000e+10
9.879999955371491893e+00 2.790249472000000000e+10
9.919999955190810681e+00 2.946790195200000000e+10
9.959999955010125916e+00 2.696253849600000000e+10
9.999999954829444704e+00 2.155346944000000000e+10
1.003999995464876349e+01 1.447357440000000000e+10
1.007999995446808050e+01 8.947219456000000000e+09
1.011999995428739929e+01 5.193876480000000000e+09
1.015999995410671808e+01 2.817473024000000000e+09
1.019999995392603331e+01 1.496112896000000000e+09
1.023999995374535210e+01 7.765562880000000000e+08
1.027999995356466911e+01 4.348121280000000000e+08
1.031999995338398790e+01 2.676441120000000000e+08
1.035999995320330669e+01 1.756318880000000000e+08
1.039999995302262192e+01 1.262127040000000000e+08
1.043999995284194071e+01 9.187004000000000000e+07
1.047999995266125772e+01 9.009486400000000000e+07
1.051999995248057651e+01 1.357354560000000000e+08
1.055999995229989530e+01 2.569626080000000000e+08
1.059999995211921409e+01 5.543223680000000000e+08
1.063999995193852932e+01 1.241553792000000000e+09
1.067999995175784633e+01 2.667070720000000000e+09
1.071999995157716512e+01 5.356877312000000000e+09
1.075999995139648391e+01 9.533896704000000000e+09
1.079999995121580270e+01 1.481235763200000000e+10
1.083999995103511793e+01 1.938686361600000000e+10
1.087999995085443672e+01 2.101352038400000000e+10
1.091999995067375373e+01 1.921384652800000000e+10
1.095999995049307252e+01 1.523252326400000000e+10
1.099999995031239131e+01 1.086034636800000000e+10
1.103999995013170654e+01 7.084083200000000000e+09
1.107999994995102533e+01 4.241610752000000000e+09
1.111999994977034234e+01 2.314301696000000000e+09
1.115999994958966113e+01 1.062571456000000000e+09
1.119999994940897992e+01 3.375896640000000000e+08
1.123999994922829870e+01 8.355639200000000000e+07
1.127999994904761394e+01 2.850226240000000000e+08
1.131999994886693095e+01 1.021391168000000000e+09
1.135999994868624974e+01 2.418822144000000000e+09
1.139999994850556853e+01 4.539558912000000000e+09
1.143999994832488731e+01 7.330244608000000000e+09
1.147999994814420255e+01 1.043798220800000000e+10
1.151999994796351956e+01 1.312228454400000000e+10
1.155999994778283835e+01 1.463158784000000000e+10
1.159999994760215714e+01 1.422560972800000000e+10
1.163999994742147592e+01 1.220336640000000000e+10
1.167999994724079293e+01 9.442172928000000000e+09
1.171999994706010817e+01 6.788318208000000000e+09
1.175999994687942696e+01 4.775850496000000000e+09
1.179999994669874575e+01 3.424920832000000000e+09
1.183999994651806453e+01 2.582488064000000000e+09
1.187999994633738332e+01 2.080137216000000000e+09
1.191999994615669856e+01 1.794056576000000000e+09
1.195999994597601557e+01 1.661873024000000000e+09
1.199999994579533436e+01 1.611774592000000000e+09
1.203999994561465314e+01 1.640915840000000000e+09
1.207999994543397193e+01 1.761489664000000000e+09
1.211999994525328717e+01 1.955147264000000000e+09
1.215999994507260418e+01 2.203876608000000000e+09
1.219999994489192296e+01 2.525124352000000000e+09
1.223999994471124175e+01 2.870939904000000000e+09
1.227999994453056054e+01 3.233989120000000000e+09
1.231999994434987755e+01 3.572664064000000000e+09
1.235999994416919279e+01 3.842817024000000000e+09
1.239999994398851157e+01 4.036355328000000000e+09
1.243999994380783036e+01 4.127469568000000000e+09
1.247999994362714915e+01 4.091077632000000000e+09
1.251999994344646616e+01 3.996643072000000000e+09
1.255999994326578140e+01 3.813705472000000000e+09
1.259999994308510018e+01 3.566927616000000000e+09
1.263999994290441897e+01 3.284480512000000000e+09
1.267999994272373776e+01 2.953582336000000000e+09
1.271999994254305477e+01 2.588654336000000000e+09
