# x = Time (fs); y = Power (W)
-1.127999994904761571e+01 1.972289408000000000e+09
-1.123999994922829870e+01 2.508210688000000000e+09
-1.119999994940898169e+01 3.113293568000000000e+09
-1.115999994958966290e+01 3.640138752000000000e+09
-1.111999994977034589e+01 3.942653952000000000e+09
-1.107999994995102711e+01 3.796421120000000000e+09
-1.103999995013171009e+01 3.059819008000000000e+09
-1.099999995031239131e+01 1.991756032000000000e+09
-1.095999995049307429e+01 1.033115456000000000e+09
-1.091999995067375551e+01 3.912807360000000000e+08
-1.087999995085443850e+01 7.753256800000000000e+07
-1.083999995103512148e+01 3.584114500000000000e+06
-1.079999995121580270e+01 5.421676000000000000e+07
-1.075999995139648568e+01 1.402368960000000000e+08
-1.071999995157716690e+01 2.061583520000000000e+08
-1.067999995175784989e+01 2.366145600000000000e+08
-1.063999995193853110e+01 2.365780320000000000e+08
-1.059999995211921409e+01 2.140987360000000000e+08
-1.055999995229989707e+01 1.767448960000000000e+08
-1.051999995248057829e+01 1.488607360000000000e+08
-1.047999995266126128e+01 1.319277760000000000e+08
-1.043999995284194249e+01 1.395956320000000000e+08
-1.039999995302262548e+01 1.929176320000000000e+08
-1.035999995320330669e+01 3.014768000000000000e+08
-1.031999995338398968e+01 4.643120000000000000e+08
-1.027999995356467089e+01 6.964993280000000000e+08
-1.023999995374535388e+01 9.557479680000000000e+08
-1.019999995392603687e+01 1.191411840000000000e+09
-1.015999995410671808e+01 1.378886528000000000e+09
-1.011999995428740107e+01 1.494041600000000000e+09
-1.007999995446808228e+01 1.530903296000000000e+09
-1.003999995464876527e+01 1.560932480000000000e+09
-9.999999954829448257e+00 1.614249216000000000e+09
-9.959999955010129469e+00 1.712949632000000000e+09
-9.919999955190810681e+00 1.976552960000000000e+09
-9.879999955371493670e+00 2.570775552000000000e+09
-9.839999955552174882e+00 3.953100032000000000e+09
-9.799999955732859647e+00 6.431075840000000000e+09
-9.759999955913540859e+00 9.753411584000000000e+09
-9.719999956094222071e+00 1.280196608000000000e+10
-9.679999956274905060e+00 1.398352896000000000e+10
-9.639999956455586272e+00 1.258273894400000000e+10
-9.599999956636269260e+00 9.490506752000000000e+09
-9.559999956816952249e+00 6.248509952000000000e+09
-9.519999956997633461e+00 3.827134464000000000e+09
-9.479999957178316450e+00 2.525948672000000000e+09
-9.439999957358997662e+00 2.442718720000000000e+09
-9.399999957539680651e+00 3.425455616000000000e+09
-9.359999957720363639e+00 4.516210688000000000e+09
-9.319999957901044851e+00 4.936383488000000000e+09
-9.279999958081726064e+00 4.583719936000000000e+09
-9.239999958262409052e+00 3.680756224000000000e+09
-9.199999958443092041e+00 2.907857920000000000e+09
-9.159999958623775029e+00 2.205921536000000000e+09
-9.119999958804456242e+00 1.707589504000000000e+09
-9.079999958985137454e+00 1.458058112000000000e+09
-9.039999959165818666e+00 1.313158528000000000e+09
-8.999999959346501655e+00 1.189465856000000000e+09
-8.959999959527186419e+00 1.087330432000000000e+09
-8.919999959707867632e+00 1.054319104000000000e+09
-8.879999959888548844e+00 1.739840896000000000e+09
-8.839999960069230056e+00 4.162220288000000000e+09
-8.799999960249913045e+00 8.138453504000000000e+09
-8.759999960430597810e+00 1.265665228800000000e+10
-8.719999960611279022e+00 1.574113177600000000e+10
-8.679999960791960234e+00 1.667576422400000000e+10
-8.639999960972641446e+00 1.409243750400000000e+10
-8.599999961153324435e+00 9.361644544000000000e+09
-8.559999961334007423e+00 4.740382720000000000e+09
-8.519999961514690412e+00 1.631299968000000000e+09
-8.479999961695371624e+00 5.685663360000000000e+08
-8.439999961876052836e+00 7.133893760000000000e+08
-8.399999962056734049e+00 1.168385280000000000e+09
-8.359999962237418814e+00 1.434690432000000000e+09
-8.319999962418101802e+00 1.357223040000000000e+09
-8.279999962598783014e+00 1.154440832000000000e+09
-8.239999962779464227e+00 9.183663360000000000e+08
-8.199999962960145439e+00 7.532279680000000000e+08
-8.159999963140828427e+00 7.228583680000000000e+08
-8.119999963321513192e+00 7.887792000000000000e+08
-8.079999963502194404e+00 8.644110720000000000e+08
-8.039999963682875617e+00 8.944838400000000000e+08
-7.999999963863557717e+00 9.261322240000000000e+08
-7.959999964044240706e+00 9.813357440000000000e+08
-7.919999964224921918e+00 1.072702336000000000e+09
-7.879999964405605795e+00 1.178447744000000000e+09
-7.839999964586287007e+00 1.395983232000000000e+09
-7.799999964766968219e+00 1.868024320000000000e+09
-7.759999964947650319e+00 2.728536064000000000e+09
-7.719999965128333308e+00 4.009910528000000000e+09
-7.679999965309016297e+00 4.970562560000000000e+09
-7.639999965489698397e+00 4.781231616000000000e+09
-7.599999965670379609e+00 3.824346880000000000e+09
-7.559999965851061710e+00 2.904561920000000000e+09
-7.519999966031744698e+00 2.515988992000000000e+09
-7.479999966212426799e+00 2.029069056000000000e+09
-7.439999966393109787e+00 1.214248576000000000e+09
-7.399999966573790999e+00 1.037092800000000000e+09
-7.359999966754473100e+00 3.246234880000000000e+09
-7.319999966935154312e+00 8.852804608000000000e+09
-7.279999967115837300e+00 1.762527232000000000e+10
-7.239999967296521177e+00 2.612961075200000000e+10
-7.199999967477202389e+00 3.091049062400000000e+10
-7.159999967657884490e+00 3.084348211200000000e+10
-7.119999967838565702e+00 2.577317683200000000e+10
-7.079999968019248691e+00 1.922825830400000000e+10
-7.039999968199931679e+00 1.525563084800000000e+10
-6.999999968380612891e+00 1.209568972800000000e+10
-6.959999968561295880e+00 9.692322816000000000e+09
-6.919999968741977980e+00 8.316969984000000000e+09
-6.879999968922660081e+00 7.382309888000000000e+09
-6.839999969103342181e+00 5.411634688000000000e+09
-6.799999969284024282e+00 2.719448832000000000e+09
-6.759999969464706382e+00 1.352319232000000000e+09
-6.719999969645389370e+00 1.988660736000000000e+09
-6.679999969826070583e+00 1.655259776000000000e+09
-6.639999970006753571e+00 5.811794560000000000e+08
-6.599999970187435672e+00 1.040414400000000000e+09
-6.559999970368116884e+00 2.846119424000000000e+09
-6.519999970548799872e+00 5.130199552000000000e+09
-6.479999970729481973e+00 8.258866176000000000e+09
-6.439999970910164961e+00 1.328472576000000000e+10
-6.399999971090846174e+00 1.923188736000000000e+10
-6.359999971271528274e+00 2.427060428800000000e+10
-6.319999971452211263e+00 2.644102553600000000e+10
-6.279999971632893363e+00 2.226877235200000000e+10
-6.239999971813575463e+00 1.424108851200000000e+10
-6.199999971994257564e+00 8.286551552000000000e+09
-6.159999972174939664e+00 3.865990144000000000e+09
-6.119999972355622653e+00 4.983965120000000000e+08
-6.079999972536303865e+00 4.358980480000000000e+08
-6.039999972716985965e+00 4.636783104000000000e+09
-5.999999972897668954e+00 1.552771686400000000e+10
-5.959999973078351054e+00 3.027898982400000000e+10
-5.919999973259033155e+00 3.768058675200000000e+10
-5.879999973439715255e+00 2.950501785600000000e+10
-5.839999973620396467e+00 1.569270681600000000e+10
-5.799999973801080344e+00 6.130233856000000000e+09
-5.759999973981761556e+00 2.889623296000000000e+09
-5.719999974162444545e+00 2.334234880000000000e+09
-5.679999974343126645e+00 3.419298304000000000e+09
-5.639999974523807857e+00 6.903278080000000000e+09
-5.599999974704491734e+00 1.096981913600000000e+10
-5.559999974885172946e+00 1.022451712000000000e+10
-5.519999975065855047e+00 2.410872832000000000e+09
-5.479999975246538035e+00 3.202819840000000000e+09
-5.439999975427219248e+00 1.720397619200000000e+10
-5.399999975607903124e+00 2.578531123200000000e+10
-5.359999975788584337e+00 3.717493964800000000e+10
-5.319999975969265549e+00 5.059061760000000000e+10
-5.279999976149949426e+00 5.761847296000000000e+10
-5.239999976330630638e+00 5.255741849600000000e+10
-5.199999976511312738e+00 4.362291609600000000e+10
-5.159999976691995727e+00 2.746341376000000000e+10
-5.119999976872676939e+00 1.614221721600000000e+10
-5.079999977053359039e+00 1.233585459200000000e+10
-5.039999977234042028e+00 1.073237913600000000e+10
-4.999999977414724128e+00 7.743795200000000000e+09
-4.959999977595407117e+00 4.916811264000000000e+09
-4.919999977776088329e+00 2.486611200000000000e+09
-4.879999977956770429e+00 2.011848320000000000e+09
-4.839999978137453418e+00 1.240360448000000000e+09
-4.799999978318134630e+00 1.298599040000000000e+09
-4.759999978498816731e+00 6.176351360000000000e+08
-4.719999978679499719e+00 1.366528320000000000e+08
-4.679999978860181820e+00 7.428048640000000000e+08
-4.639999979040864808e+00 2.105962240000000000e+09
-4.599999979221546020e+00 2.748185600000000000e+09
-4.559999979402228121e+00 8.015071360000000000e+08
-4.519999979582911109e+00 4.442323840000000000e+08
-4.479999979763593210e+00 8.247105536000000000e+09
-4.439999979944274422e+00 2.379224268800000000e+10
-4.399999980124957411e+00 3.877551718400000000e+10
-4.359999980305639511e+00 4.572173926400000000e+10
-4.319999980486322499e+00 3.423911731200000000e+10
-4.279999980667003712e+00 1.909120409600000000e+10
-4.239999980847685812e+00 1.566338355200000000e+10
-4.199999981028368801e+00 2.210037555200000000e+10
-4.159999981209050901e+00 2.898863513600000000e+10
-4.119999981389732113e+00 2.163500032000000000e+10
-4.079999981570415102e+00 8.129122816000000000e+09
-4.039999981751097202e+00 9.938669440000000000e+08
-3.999999981931778859e+00 3.994707840000000000e+08
-3.959999982112461847e+00 1.907171840000000000e+09
-3.919999982293143503e+00 8.491488640000000000e+08
-3.879999982473826936e+00 4.844315648000000000e+09
-3.839999982654508148e+00 2.171730534400000000e+10
-3.799999982835189805e+00 1.729912422400000000e+10
-3.759999983015873237e+00 1.828901068800000000e+10
-3.719999983196554894e+00 6.777171558400000000e+10
-3.679999983377236550e+00 1.505765785600000000e+11
-3.639999983557919538e+00 1.793752268800000000e+11
-3.599999983738601195e+00 1.312185630720000000e+11
-3.559999983919284627e+00 5.213708697600000000e+10
-3.519999984099966284e+00 1.007365017600000000e+10
-3.479999984280647940e+00 2.398230528000000000e+09
-3.439999984461330929e+00 7.970760704000000000e+09
-3.399999984642012585e+00 1.285936332800000000e+10
-3.359999984822694241e+00 1.212507955200000000e+10
-3.319999985003377230e+00 5.179831296000000000e+09
-3.279999985184058886e+00 7.244311680000000000e+08
-3.239999985364742319e+00 1.114501427200000000e+10
-3.199999985545423975e+00 3.660400230400000000e+10
-3.159999985726105631e+00 4.972088115200000000e+10
-3.119999985906788620e+00 4.969449881600000000e+10
-3.079999986087470276e+00 4.145751244800000000e+10
-3.039999986268151932e+00 3.155557171200000000e+10
-2.999999986448835365e+00 2.166590464000000000e+10
-2.959999986629517021e+00 8.157666304000000000e+09
-2.919999986810200010e+00 2.185873408000000000e+09
-2.879999986990881666e+00 2.804931520000000000e+08
-2.839999987171563323e+00 6.406864896000000000e+09
-2.799999987352246311e+00 1.799903232000000000e+10
-2.759999987532927967e+00 3.139315302400000000e+10
-2.719999987713609624e+00 3.620929126400000000e+10
-2.679999987894293056e+00 2.807286579200000000e+10
-2.639999988074974713e+00 2.460268953600000000e+10
-2.599999988255656369e+00 2.915533824000000000e+10
-2.559999988436339358e+00 2.620654387200000000e+10
-2.519999988617021014e+00 8.127108608000000000e+09
-2.479999988797704447e+00 1.732315648000000000e+09
-2.439999988978386103e+00 1.734395084800000000e+10
-2.399999989159067315e+00 3.255935795200000000e+10
-2.359999989339750748e+00 3.299591168000000000e+10
-2.319999989520432404e+00 3.432948121600000000e+10
-2.279999989701114060e+00 3.145021030400000000e+10
-2.239999989881797049e+00 4.032106496000000000e+10
-2.199999990062478705e+00 4.901704908800000000e+10
-2.159999990243162138e+00 2.720913408000000000e+10
-2.119999990423843794e+00 6.743187456000000000e+09
-2.079999990604525451e+00 1.248299110400000000e+10
-2.039999990785208439e+00 1.461913600000000000e+10
-1.999999990965890095e+00 1.191401267200000000e+10
-1.959999991146571752e+00 2.725089894400000000e+10
-1.919999991327254962e+00 4.868771020800000000e+10
-1.879999991507936619e+00 4.862612684800000000e+10
-1.839999991688619829e+00 3.085220044800000000e+10
-1.799999991869301486e+00 2.153698304000000000e+10
-1.759999992049983142e+00 2.086915276800000000e+10
-1.719999992230666352e+00 1.894978764800000000e+10
-1.679999992411347787e+00 9.907912704000000000e+09
-1.639999992592029443e+00 6.958796800000000000e+09
-1.599999992772712654e+00 2.951945625600000000e+10
-1.559999992953394310e+00 4.458597580800000000e+10
-1.519999993134077521e+00 4.372673740800000000e+10
-1.479999993314759177e+00 2.289106124800000000e+10
-1.439999993495440833e+00 7.124814848000000000e+09
-1.399999993676124044e+00 9.848715520000000000e+08
-1.359999993856805700e+00 8.237086720000000000e+08
-1.319999994037487356e+00 4.979094016000000000e+09
-1.279999994218170567e+00 1.309391360000000000e+10
-1.239999994398852223e+00 2.000179609600000000e+10
-1.199999994579533658e+00 2.577328128000000000e+10
-1.159999994760216868e+00 2.163635609600000000e+10
-1.119999994940898524e+00 3.571751168000000000e+09
-1.079999995121581735e+00 7.445354880000000000e+08
-1.039999995302263391e+00 7.814999040000000000e+08
-9.999999954829450477e-01 6.165137408000000000e+09
-9.599999956636282583e-01 1.818602496000000000e+10
-9.199999958443099146e-01 8.492168192000000000e+09
-8.799999960249915709e-01 1.832139366400000000e+10
-8.399999962056747815e-01 3.544681267200000000e+10
-7.999999963863563268e-01 4.362686873600000000e+10
-7.599999965670395374e-01 7.938837708800000000e+10
-7.199999967477211937e-01 1.424081879040000000e+11
-6.799999969284028500e-01 1.733169807360000000e+11
-6.399999971090860607e-01 1.057656176640000000e+11
-5.999999972897677170e-01 5.316462182400000000e+10
-5.599999974704492622e-01 2.398238310400000000e+10
-5.199999976511324729e-01 9.147707392000000000e+09
-4.799999978318141292e-01 7.658572800000000000e+09
-4.399999980124973398e-01 1.098765312000000000e+10
-3.999999981931789961e-01 6.501053952000000000e+09
-3.599999983738605969e-01 5.162759168000000000e+09
-3.199999985545438075e-01 1.334921318400000000e+10
-2.799999987352254638e-01 2.480976281600000000e+10
-2.399999989159070646e-01 3.309278617600000000e+10
-1.999999990965902752e-01 4.440914739200000000e+10
-1.599999992772719037e-01 5.495222681600000000e+10
-1.199999994579535323e-01 5.011302809600000000e+10
-7.999999963863674290e-02 2.387551436800000000e+10
-3.999999981931837145e-02 2.440710144000000000e+09
-1.577721810442023611e-15 4.743766016000000000e+09
3.999999981931678938e-02 2.621251584000000000e+10
7.999999963863516084e-02 5.310413619200000000e+10
1.199999994579519502e-01 6.914568192000000000e+10
1.599999992772703217e-01 6.722385920000000000e+10
1.999999990965886931e-01 9.811001344000000000e+10
2.399999989159054825e-01 1.363635322880000000e+11
2.799999987352238540e-01 1.407976734720000000e+11
3.199999985545406433e-01 1.139453706240000000e+11
3.599999983738590426e-01 8.087132569600000000e+10
3.999999981931773863e-01 4.019572736000000000e+10
4.399999980124941756e-01 1.357838233600000000e+10
4.799999978318125748e-01 5.710005760000000000e+09
5.199999976511309185e-01 3.903290368000000000e+09
5.599999974704477079e-01 1.946743680000000000e+09
5.999999972897660516e-01 1.878713440000000000e+08
6.399999971090828410e-01 4.825450496000000000e+09
6.799999969284012957e-01 8.670150656000000000e+09
7.199999967477196394e-01 1.857680640000000000e+09
7.599999965670364288e-01 4.715582464000000000e+09
7.999999963863547725e-01 3.208432025600000000e+10
8.399999962056731162e-01 5.346686566400000000e+10
8.799999960249899056e-01 4.730309836800000000e+10
9.199999958443083603e-01 2.985811353600000000e+10
9.599999956636251497e-01 8.624994304000000000e+09
9.999999954829434934e-01 1.475820928000000000e+09
1.039999995302261837e+00 2.901074176000000000e+09
1.079999995121578626e+00 3.101430080000000000e+08
1.119999994940896970e+00 1.250446336000000000e+10
1.159999994760215314e+00 2.468493516800000000e+10
1.199999994579532103e+00 1.148257484800000000e+10
1.239999994398850447e+00 1.140686560000000000e+08
1.279999994218169013e+00 1.226912563200000000e+10
1.319999994037487356e+00 4.220614656000000000e+10
1.359999993856802591e+00 7.955091456000000000e+10
1.399999993676120935e+00 1.116490711040000000e+11
1.439999993495439279e+00 8.667481702400000000e+10
1.479999993314757623e+00 2.981980569600000000e+10
1.519999993134075966e+00 1.884369510400000000e+10
1.559999992953391201e+00 2.774195609600000000e+10
1.599999992772709545e+00 1.534319411200000000e+10
1.639999992592027889e+00 1.383756492800000000e+10
1.679999992411346232e+00 1.273402368000000000e+10
1.719999992230664798e+00 1.674362880000000000e+10
1.759999992049983142e+00 3.329268531200000000e+10
1.799999991869298377e+00 5.639457996800000000e+10
1.839999991688616721e+00 6.769559961600000000e+10
1.879999991507935064e+00 6.165406105600000000e+10
1.919999991327253408e+00 3.607362355200000000e+10
1.959999991146571752e+00 1.406036480000000000e+10
1.999999990965886987e+00 7.699593728000000000e+09
2.039999990785205330e+00 1.487203123200000000e+10
2.079999990604523674e+00 2.678788915200000000e+10
2.119999990423842018e+00 3.238847897600000000e+10
2.159999990243160362e+00 2.483841228800000000e+10
2.199999990062475597e+00 1.074847027200000000e+10
2.239999989881793940e+00 1.947841536000000000e+09
2.279999989701112284e+00 1.091299712000000000e+09
2.319999989520430628e+00 9.127360512000000000e+09
2.359999989339748971e+00 2.392211251200000000e+10
2.399999989159067315e+00 4.344544051200000000e+10
2.439999988978382550e+00 4.621807616000000000e+10
2.479999988797700894e+00 4.866094284800000000e+10
2.519999988617019682e+00 5.625204736000000000e+10
2.559999988436338025e+00 4.953142886400000000e+10
2.599999988255656369e+00 3.557571379200000000e+10
2.639999988074971604e+00 1.606099353600000000e+10
2.679999987894289948e+00 1.318291353600000000e+10
2.719999987713608292e+00 3.011924377600000000e+10
2.759999987532926635e+00 5.237054259200000000e+10
2.799999987352244979e+00 6.260625817600000000e+10
2.839999987171563323e+00 5.856492339200000000e+10
2.879999986990878558e+00 4.279153459200000000e+10
2.919999986810196901e+00 2.577685504000000000e+10
2.959999986629515245e+00 1.906473779200000000e+10
2.999999986448833589e+00 2.339135897600000000e+10
3.039999986268151932e+00 2.016632832000000000e+10
3.079999986087467168e+00 1.627776512000000000e+10
3.119999985906785511e+00 1.147936870400000000e+10
3.159999985726103855e+00 7.266294784000000000e+09
3.199999985545422199e+00 1.380276992000000000e+09
3.239999985364740542e+00 2.949543424000000000e+09
3.279999985184055777e+00 1.087392870400000000e+10
3.319999985003374121e+00 1.535858688000000000e+10
3.359999984822692465e+00 1.245953331200000000e+10
3.399999984642010808e+00 6.843071488000000000e+09
3.439999984461329596e+00 4.058521856000000000e+09
3.479999984280647940e+00 1.106651136000000000e+10
3.519999984099963175e+00 2.150561792000000000e+10
3.559999983919281519e+00 2.883368960000000000e+10
3.599999983738599862e+00 2.445832192000000000e+10
3.639999983557918206e+00 2.451680256000000000e+10
3.679999983377236550e+00 6.946578432000000000e+10
3.719999983196551785e+00 1.182758010880000000e+11
3.759999983015870129e+00 1.017968476160000000e+11
3.799999982835188472e+00 5.835123507200000000e+10
3.839999982654506816e+00 4.357899059200000000e+10
3.879999982473825160e+00 2.797053952000000000e+10
3.919999982293143503e+00 7.254699008000000000e+09
3.959999982112458738e+00 1.151902976000000000e+09
3.999999981931777082e+00 2.125056000000000000e+10
4.039999981751095426e+00 4.885624422400000000e+10
4.079999981570414214e+00 5.496310579200000000e+10
4.119999981389732113e+00 4.261866291200000000e+10
4.159999981209047348e+00 3.021594009600000000e+10
4.199999981028366136e+00 2.112611123200000000e+10
4.239999980847684036e+00 1.254533632000000000e+10
4.279999980667002824e+00 8.235920384000000000e+09
4.319999980486320723e+00 5.569194496000000000e+09
4.359999980305635958e+00 3.303348736000000000e+09
4.399999980124954746e+00 1.704552243200000000e+10
4.439999979944272646e+00 4.343328358400000000e+10
4.479999979763591433e+00 4.637974937600000000e+10
4.519999979582909333e+00 2.454763315200000000e+10
4.559999979402228121e+00 6.199726080000000000e+09
4.599999979221543356e+00 3.349616128000000000e+09
4.639999979040861255e+00 6.452307968000000000e+09
4.679999978860180043e+00 2.943179008000000000e+09
4.719999978679497943e+00 4.620730880000000000e+09
4.759999978498816731e+00 3.585855078400000000e+10
4.799999978318131966e+00 7.950553907200000000e+10
4.839999978137449865e+00 1.060419665920000000e+11
4.879999977956768653e+00 9.805163724800000000e+10
4.919999977776087441e+00 6.395975270400000000e+10
4.959999977595405340e+00 3.000693760000000000e+10
4.999999977414724128e+00 1.244944076800000000e+10
5.039999977234039363e+00 8.246869504000000000e+09
5.079999977053357263e+00 1.316029747200000000e+10
5.119999976872676051e+00 2.178347827200000000e+10
5.159999976691993950e+00 3.037750886400000000e+10
5.199999976511312738e+00 4.090441728000000000e+10
5.239999976330627973e+00 5.120776601600000000e+10
5.279999976149945873e+00 5.513945088000000000e+10
5.319999975969264661e+00 5.153594982400000000e+10
5.359999975788582560e+00 4.658785075200000000e+10
5.399999975607901348e+00 4.090189824000000000e+10
5.439999975427216583e+00 3.620596531200000000e+10
5.479999975246534483e+00 2.751082700800000000e+10
5.519999975065853270e+00 1.475083571200000000e+10
5.559999974885171170e+00 4.095426048000000000e+09
5.599999974704489958e+00 3.500424704000000000e+09
5.639999974523807857e+00 1.125790720000000000e+10
5.679999974343123093e+00 1.771605196800000000e+10
5.719999974162441880e+00 1.230045900800000000e+10
5.759999973981759780e+00 3.702555136000000000e+09
5.799999973801078568e+00 5.055172160000000000e+08
5.839999973620396467e+00 5.833808384000000000e+09
5.879999973439711702e+00 1.726836326400000000e+10
5.919999973259030490e+00 2.853629337600000000e+10
5.959999973078349278e+00 2.947659366400000000e+10
5.999999972897667178e+00 3.177539174400000000e+10
6.039999972716985965e+00 3.676530688000000000e+10
6.079999972536301200e+00 3.934993203200000000e+10
6.119999972355619100e+00 3.926315417600000000e+10
6.159999972174937888e+00 3.121179443200000000e+10
6.199999971994255787e+00 2.471215308800000000e+10
6.239999971813574575e+00 3.123602432000000000e+10
6.279999971632892475e+00 3.687868006400000000e+10
6.319999971452207710e+00 3.532797132800000000e+10
6.359999971271526498e+00 2.730661478400000000e+10
6.399999971090844397e+00 2.366161715200000000e+10
6.439999970910163185e+00 3.024884736000000000e+10
6.479999970729481085e+00 4.255669043200000000e+10
6.519999970548796320e+00 5.289165209600000000e+10
6.559999970368115108e+00 5.286634700800000000e+10
6.599999970187433007e+00 4.228808704000000000e+10
6.639999970006751795e+00 2.777507430400000000e+10
6.679999969826069695e+00 1.564120268800000000e+10
6.719999969645388482e+00 7.531126272000000000e+09
6.759999969464703717e+00 3.229534208000000000e+09
6.799999969284021617e+00 1.927330432000000000e+09
6.839999969103340405e+00 1.598683776000000000e+09
6.879999968922659193e+00 7.904327040000000000e+08
6.919999968741977092e+00 2.709150080000000000e+08
6.959999968561292327e+00 1.046368000000000000e+09
6.999999968380611115e+00 3.259933184000000000e+09
7.039999968199929015e+00 4.851454976000000000e+09
7.079999968019247802e+00 3.318629120000000000e+09
7.119999967838565702e+00 5.035704320000000000e+08
7.159999967657880937e+00 1.131250688000000000e+09
7.199999967477199725e+00 2.755901440000000000e+09
7.239999967296517625e+00 4.806147072000000000e+09
7.279999967115836412e+00 7.830366720000000000e+09
7.319999966935154312e+00 1.403695411200000000e+10
7.359999966754473100e+00 2.483058278400000000e+10
7.399999966573788335e+00 3.720828928000000000e+10
7.439999966393106234e+00 4.661866905600000000e+10
7.479999966212425022e+00 4.471198515200000000e+10
7.519999966031742922e+00 3.739918745600000000e+10
7.559999965851061710e+00 3.103969689600000000e+10
7.599999965670376945e+00 2.865264435200000000e+10
7.639999965489694844e+00 2.467561676800000000e+10
7.679999965309013632e+00 1.746885632000000000e+10
7.719999965128331532e+00 8.472502784000000000e+09
7.759999964947650319e+00 2.891556608000000000e+09
7.799999964766968219e+00 1.068400512000000000e+09
7.839999964586283454e+00 8.665946880000000000e+08
7.879999964405602242e+00 9.791112960000000000e+08
7.919999964224921030e+00 1.028024640000000000e+09
7.959999964044238929e+00 1.039619008000000000e+09
7.999999963863557717e+00 1.570945280000000000e+09
8.039999963682872064e+00 3.102419456000000000e+09
8.079999963502190852e+00 5.130167808000000000e+09
8.119999963321509640e+00 5.687467008000000000e+09
8.159999963140828427e+00 5.074016256000000000e+09
8.199999962960145439e+00 5.966709248000000000e+09
8.239999962779460674e+00 1.003585536000000000e+10
8.279999962598779462e+00 1.694299545600000000e+10
8.319999962418098249e+00 2.521035776000000000e+10
8.359999962237417037e+00 3.157719449600000000e+10
8.399999962056734049e+00 3.401642393600000000e+10
8.439999961876052836e+00 3.116024627200000000e+10
8.479999961695368071e+00 2.621368524800000000e+10
8.519999961514686859e+00 2.168744960000000000e+10
8.559999961334005647e+00 1.737190604800000000e+10
8.599999961153322658e+00 1.282297856000000000e+10
8.639999960972641446e+00 8.400564736000000000e+09
8.679999960791956681e+00 5.325240320000000000e+09
8.719999960611275469e+00 4.467595264000000000e+09
8.759999960430594257e+00 6.006373888000000000e+09
8.799999960249911268e+00 7.752536064000000000e+09
8.839999960069230056e+00 8.316493312000000000e+09
8.879999959888548844e+00 6.967306752000000000e+09
8.919999959707864079e+00 5.331449344000000000e+09
8.959999959527182867e+00 3.627531008000000000e+09
8.999999959346501655e+00 2.922117120000000000e+09
9.039999959165818666e+00 3.564576256000000000e+09
9.079999958985137454e+00 4.379803136000000000e+09
9.119999958804452689e+00 4.374484480000000000e+09
9.159999958623771477e+00 5.024987648000000000e+09
9.199999958443090264e+00 8.044428800000000000e+09
9.239999958262407276e+00 1.226535628800000000e+10
9.279999958081726064e+00 1.565660160000000000e+10
9.319999957901041299e+00 1.754126131200000000e+10
9.359999957720360086e+00 1.809228390400000000e+10
9.399999957539678874e+00 1.697796812800000000e+10
9.439999957358995886e+00 1.475674521600000000e+10
9.479999957178314673e+00 1.110586880000000000e+10
9.519999956997633461e+00 7.897809408000000000e+09
9.559999956816948696e+00 5.641133568000000000e+09
9.599999956636267484e+00 4.436735488000000000e+09
9.639999956455584496e+00 3.761956096000000000e+09
9.679999956274903283e+00 3.569459968000000000e+09
9.719999956094222071e+00 3.591115776000000000e+09
9.759999955913537306e+00 3.660826624000000000e+09
9.799999955732856094e+00 3.492722176000000000e+09
9.839999955552174882e+00 2.773799168000000000e+09
9.879999955371491893e+00 2.569481984000000000e+09
9.919999955190810681e+00 5.481254912000000000e+09
9.959999955010125916e+00 1.362237747200000000e+10
9.999999954829444704e+00 2.614826188800000000e+10
1.003999995464876349e+01 3.819064524800000000e+10
1.007999995446808050e+01 4.169899212800000000e+10
1.011999995428739929e+01 3.338627891200000000e+10
1.015999995410671808e+01 2.019470131200000000e+10
1.019999995392603331e+01 9.735824384000000000e+09
1.023999995374535210e+01 4.091457280000000000e+09
1.027999995356466911e+01 1.614425856000000000e+09
1.031999995338398790e+01 7.576126720000000000e+08
1.035999995320330669e+01 5.746184320000000000e+08
1.039999995302262192e+01 6.009719680000000000e+08
1.043999995284194071e+01 7.017742720000000000e+08
1.047999995266125772e+01 8.706347520000000000e+08
1.051999995248057651e+01 1.214605184000000000e+09
1.055999995229989530e+01 2.022050944000000000e+09
1.059999995211921409e+01 3.588481536000000000e+09
1.063999995193852932e+01 6.254891008000000000e+09
1.067999995175784633e+01 9.917215744000000000e+09
1.071999995157716512e+01 1.342027366400000000e+10
1.075999995139648391e+01 1.529999360000000000e+10
1.079999995121580270e+01 1.463878348800000000e+10
1.083999995103511793e+01 1.225900134400000000e+10
1.087999995085443672e+01 9.087821824000000000e+09
1.091999995067375373e+01 5.859067904000000000e+09
1.095999995049307252e+01 3.154452224000000000e+09
1.099999995031239131e+01 1.232513536000000000e+09
1.103999995013170654e+01 2.162779040000000000e+08
1.107999994995102533e+01 2.242796320000000000e+08
1.111999994977034234e+01 1.341384064000000000e+09
1.115999994958966113e+01 3.440182784000000000e+09
1.119999994940897992e+01 5.903683072000000000e+09
1.123999994922829870e+01 7.926436864000000000e+09
1.127999994904761394e+01 8.786205696000000000e+09
1.131999994886693095e+01 8.334279168000000000e+09
1.135999994868624974e+01 6.965530112000000000e+09
1.139999994850556853e+01 5.272763392000000000e+09
1.143999994832488731e+01 3.701093120000000000e+09
1.147999994814420255e+01 2.445423104000000000e+09
1.151999994796351956e+01 1.560818816000000000e+09
1.155999994778283835e+01 9.612453120000000000e+08
1.159999994760215714e+01 6.087603840000000000e+08
1.163999994742147592e+01 4.461838400000000000e+08
1.167999994724079293e+01 4.708788160000000000e+08
1.171999994706010817e+01 7.106416000000000000e+08
1.175999994687942696e+01 1.191073920000000000e+09
1.179999994669874575e+01 1.959840768000000000e+09
1.183999994651806453e+01 2.998140416000000000e+09
1.187999994633738332e+01 4.229482752000000000e+09
1.191999994615669856e+01 5.517730304000000000e+09
1.195999994597601557e+01 6.604557312000000000e+09
1.199999994579533436e+01 7.290255360000000000e+09
1.203999994561465314e+01 7.507374080000000000e+09
1.207999994543397193e+01 7.271013376000000000e+09
1.211999994525328717e+01 6.730335232000000000e+09
1.215999994507260418e+01 6.086282240000000000e+09
1.219999994489192296e+01 5.326482944000000000e+09
1.223999994471124175e+01 4.383252480000000000e+09
1.227999994453056054e+01 3.395790336000000000e+09
1.231999994434987755e+01 2.498013952000000000e+09
1.235999994416919279e+01 1.748660608000000000e+09
1.239999994398851157e+01 1.221386112000000000e+09
1.243999994380783036e+01 8.992910720000000000e+08
1.247999994362714915e+01 7.239323520000000000e+08
1.251999994344646616e+01 6.819215360000000000e+08
1.255999994326578140e+01 7.584668160000000000e+08
1.259999994308510018e+01 9.062904320000000000e+08
1.263999994290441897e+01 1.103215744000000000e+09
1.267999994272373776e+01 1.349739904000000000e+09
1.271999994254305477e+01 1.589363712000000000e+09
1.275999994236237356e+01 1.798363136000000000e+09
1.279999994218168879e+01 1.958488448000000000e+09
1.283999994200100758e+01 2.053904896000000000e+09
1.287999994182032637e+01 2.072123136000000000e+09
1.291999994163964516e+01 2.043625344000000000e+09
1.295999994145896217e+01 1.956361728000000000e+09
