# x = Time (fs); y = Power (W)
-1.191999994615670033e+01 1.440219392000000000e+09
-1.187999994633738332e+01 1.677003008000000000e+09
-1.183999994651806631e+01 1.896422912000000000e+09
-1.179999994669874752e+01 2.135033088000000000e+09
-1.175999994687943051e+01 2.343239168000000000e+09
-1.171999994706011172e+01 2.506322944000000000e+09
-1.167999994724079293e+01 2.627047424000000000e+09
-1.163999994742147770e+01 2.642238464000000000e+09
-1.159999994760215891e+01 2.598522880000000000e+09
-1.155999994778284012e+01 2.477738752000000000e+09
-1.151999994796352311e+01 2.247017984000000000e+09
-1.147999994814420432e+01 1.979009792000000000e+09
-1.143999994832488731e+01 1.658837248000000000e+09
-1.139999994850557030e+01 1.283653760000000000e+09
-1.135999994868625151e+01 9.252507520000000000e+08
-1.131999994886693450e+01 5.824634880000000000e+08
-1.127999994904761571e+01 3.017215680000000000e+08
-1.123999994922829870e+01 1.170371440000000000e+08
-1.119999994940898169e+01 3.952744000000000000e+07
-1.115999994958966290e+01 7.803176800000000000e+07
-1.111999994977034589e+01 2.122235360000000000e+08
-1.107999994995102711e+01 4.220465920000000000e+08
-1.103999995013171009e+01 6.584670080000000000e+08
-1.099999995031239131e+01 8.230968960000000000e+08
-1.095999995049307429e+01 8.744085760000000000e+08
-1.091999995067375551e+01 8.307226240000000000e+08
-1.087999995085443850e+01 7.319770240000000000e+08
-1.083999995103512148e+01 6.644312960000000000e+08
-1.079999995121580270e+01 6.538581760000000000e+08
-1.075999995139648568e+01 7.116641920000000000e+08
-1.071999995157716690e+01 8.672431360000000000e+08
-1.067999995175784989e+01 1.155133184000000000e+09
-1.063999995193853110e+01 1.613743872000000000e+09
-1.059999995211921409e+01 2.274955776000000000e+09
-1.055999995229989707e+01 3.112532736000000000e+09
-1.051999995248057829e+01 3.863377408000000000e+09
-1.047999995266126128e+01 4.287296256000000000e+09
-1.043999995284194249e+01 4.311294976000000000e+09
-1.039999995302262548e+01 4.036040704000000000e+09
-1.035999995320330669e+01 3.677061120000000000e+09
-1.031999995338398968e+01 3.361779712000000000e+09
-1.027999995356467089e+01 3.180661504000000000e+09
-1.023999995374535388e+01 3.158702336000000000e+09
-1.019999995392603687e+01 3.303364608000000000e+09
-1.015999995410671808e+01 3.545610752000000000e+09
-1.011999995428740107e+01 3.763426816000000000e+09
-1.007999995446808228e+01 3.803632896000000000e+09
-1.003999995464876527e+01 3.485546752000000000e+09
-9.999999954829448257e+00 2.912946176000000000e+09
-9.959999955010129469e+00 2.243671040000000000e+09
-9.919999955190810681e+00 1.576309120000000000e+09
-9.879999955371493670e+00 1.047284288000000000e+09
-9.839999955552174882e+00 6.671219840000000000e+08
-9.799999955732859647e+00 3.952458240000000000e+08
-9.759999955913540859e+00 2.394354080000000000e+08
-9.719999956094222071e+00 1.556005120000000000e+08
-9.679999956274905060e+00 1.143672240000000000e+08
-9.639999956455586272e+00 1.117338240000000000e+08
-9.599999956636269260e+00 1.452138400000000000e+08
-9.559999956816952249e+00 2.151978240000000000e+08
-9.519999956997633461e+00 3.178940800000000000e+08
-9.479999957178316450e+00 5.060784960000000000e+08
-9.439999957358997662e+00 1.101608832000000000e+09
-9.399999957539680651e+00 2.685394944000000000e+09
-9.359999957720363639e+00 5.667409920000000000e+09
-9.319999957901044851e+00 1.004284518400000000e+10
-9.279999958081726064e+00 1.430730240000000000e+10
-9.239999958262409052e+00 1.660798054400000000e+10
-9.199999958443092041e+00 1.635145932800000000e+10
-9.159999958623775029e+00 1.348384358400000000e+10
-9.119999958804456242e+00 9.933307904000000000e+09
-9.079999958985137454e+00 7.066975232000000000e+09
-9.039999959165818666e+00 4.818036224000000000e+09
-8.999999959346501655e+00 3.465775360000000000e+09
-8.959999959527186419e+00 2.731768320000000000e+09
-8.919999959707867632e+00 2.151352064000000000e+09
-8.879999959888548844e+00 1.738281856000000000e+09
-8.839999960069230056e+00 1.431431424000000000e+09
-8.799999960249913045e+00 1.108852608000000000e+09
-8.759999960430597810e+00 8.183467520000000000e+08
-8.719999960611279022e+00 6.576757120000000000e+08
-8.679999960791960234e+00 7.459432320000000000e+08
-8.639999960972641446e+00 1.190758272000000000e+09
-8.599999961153324435e+00 1.585482752000000000e+09
-8.559999961334007423e+00 1.591297024000000000e+09
-8.519999961514690412e+00 1.713405056000000000e+09
-8.479999961695371624e+00 3.332886016000000000e+09
-8.439999961876052836e+00 6.447205376000000000e+09
-8.399999962056734049e+00 9.739399168000000000e+09
-8.359999962237418814e+00 1.258184089600000000e+10
-8.319999962418101802e+00 1.522358681600000000e+10
-8.279999962598783014e+00 1.628248064000000000e+10
-8.239999962779464227e+00 1.474142412800000000e+10
-8.199999962960145439e+00 1.178081484800000000e+10
-8.159999963140828427e+00 8.080646144000000000e+09
-8.119999963321513192e+00 5.689634304000000000e+09
-8.079999963502194404e+00 4.491010048000000000e+09
-8.039999963682875617e+00 4.268681216000000000e+09
-7.999999963863557717e+00 4.493760512000000000e+09
-7.959999964044240706e+00 4.883698176000000000e+09
-7.919999964224921918e+00 5.665657344000000000e+09
-7.879999964405605795e+00 7.060595712000000000e+09
-7.839999964586287007e+00 8.636777472000000000e+09
-7.799999964766968219e+00 1.000044646400000000e+10
-7.759999964947650319e+00 1.101447987200000000e+10
-7.719999965128333308e+00 1.116992921600000000e+10
-7.679999965309016297e+00 1.035595059200000000e+10
-7.639999965489698397e+00 8.738992128000000000e+09
-7.599999965670379609e+00 6.842511872000000000e+09
-7.559999965851061710e+00 5.122659328000000000e+09
-7.519999966031744698e+00 3.914606336000000000e+09
-7.479999966212426799e+00 3.632503808000000000e+09
-7.439999966393109787e+00 4.412592128000000000e+09
-7.399999966573790999e+00 6.344266752000000000e+09
-7.359999966754473100e+00 9.042974720000000000e+09
-7.319999966935154312e+00 1.138129203200000000e+10
-7.279999967115837300e+00 1.347774156800000000e+10
-7.239999967296521177e+00 1.481762099200000000e+10
-7.199999967477202389e+00 1.469868851200000000e+10
-7.159999967657884490e+00 1.308498432000000000e+10
-7.119999967838565702e+00 1.007997235200000000e+10
-7.079999968019248691e+00 6.699606016000000000e+09
-7.039999968199931679e+00 3.947446016000000000e+09
-6.999999968380612891e+00 2.788891392000000000e+09
-6.959999968561295880e+00 2.922411008000000000e+09
-6.919999968741977980e+00 3.331870720000000000e+09
-6.879999968922660081e+00 3.354490880000000000e+09
-6.839999969103342181e+00 2.646290432000000000e+09
-6.799999969284024282e+00 1.284501248000000000e+09
-6.759999969464706382e+00 9.169130240000000000e+08
-6.719999969645389370e+00 3.051537920000000000e+09
-6.679999969826070583e+00 7.967712256000000000e+09
-6.639999970006753571e+00 1.620904038400000000e+10
-6.599999970187435672e+00 2.571218739200000000e+10
-6.559999970368116884e+00 3.334393651200000000e+10
-6.519999970548799872e+00 3.247502336000000000e+10
-6.479999970729481973e+00 2.550314598400000000e+10
-6.439999970910164961e+00 1.758647910400000000e+10
-6.399999971090846174e+00 1.111747379200000000e+10
-6.359999971271528274e+00 5.869582848000000000e+09
-6.319999971452211263e+00 2.433019392000000000e+09
-6.279999971632893363e+00 1.046861760000000000e+09
-6.239999971813575463e+00 2.132312064000000000e+09
-6.199999971994257564e+00 5.685019136000000000e+09
-6.159999972174939664e+00 1.001380147200000000e+10
-6.119999972355622653e+00 1.567391744000000000e+10
-6.079999972536303865e+00 2.170995302400000000e+10
-6.039999972716985965e+00 2.820058726400000000e+10
-5.999999972897668954e+00 3.285804646400000000e+10
-5.959999973078351054e+00 3.019589222400000000e+10
-5.919999973259033155e+00 2.114086912000000000e+10
-5.879999973439715255e+00 1.237780275200000000e+10
-5.839999973620396467e+00 6.987593728000000000e+09
-5.799999973801080344e+00 4.197604864000000000e+09
-5.759999973981761556e+00 2.378385408000000000e+09
-5.719999974162444545e+00 1.978817152000000000e+09
-5.679999974343126645e+00 3.795595520000000000e+09
-5.639999974523807857e+00 5.695464448000000000e+09
-5.599999974704491734e+00 5.670940160000000000e+09
-5.559999974885172946e+00 4.877220864000000000e+09
-5.519999975065855047e+00 4.383719936000000000e+09
-5.479999975246538035e+00 4.289258752000000000e+09
-5.439999975427219248e+00 5.473867264000000000e+09
-5.399999975607903124e+00 5.749533184000000000e+09
-5.359999975788584337e+00 4.166667776000000000e+09
-5.319999975969265549e+00 2.267721216000000000e+09
-5.279999976149949426e+00 7.359654400000000000e+08
-5.239999976330630638e+00 3.707166720000000000e+08
-5.199999976511312738e+00 2.087851904000000000e+09
-5.159999976691995727e+00 6.227835392000000000e+09
-5.119999976872676939e+00 1.599817113600000000e+10
-5.079999977053359039e+00 3.291366604800000000e+10
-5.039999977234042028e+00 5.427890995200000000e+10
-4.999999977414724128e+00 6.973657088000000000e+10
-4.959999977595407117e+00 6.351595929600000000e+10
-4.919999977776088329e+00 4.435735347200000000e+10
-4.879999977956770429e+00 3.434134937600000000e+10
-4.839999978137453418e+00 3.094178611200000000e+10
-4.799999978318134630e+00 2.446047027200000000e+10
-4.759999978498816731e+00 1.249685913600000000e+10
-4.719999978679499719e+00 2.436098304000000000e+09
-4.679999978860181820e+00 8.219448960000000000e+08
-4.639999979040864808e+00 6.651244032000000000e+09
-4.599999979221546020e+00 1.473805004800000000e+10
-4.559999979402228121e+00 1.911741644800000000e+10
-4.519999979582911109e+00 1.462902067200000000e+10
-4.479999979763593210e+00 7.135150592000000000e+09
-4.439999979944274422e+00 2.252432896000000000e+09
-4.399999980124957411e+00 4.750418560000000000e+08
-4.359999980305639511e+00 5.781207040000000000e+09
-4.319999980486322499e+00 1.978022092800000000e+10
-4.279999980667003712e+00 2.916944896000000000e+10
-4.239999980847685812e+00 2.614787481600000000e+10
-4.199999981028368801e+00 1.270179123200000000e+10
-4.159999981209050901e+00 2.894485760000000000e+09
-4.119999981389732113e+00 6.981864960000000000e+08
-4.079999981570415102e+00 1.105893248000000000e+09
-4.039999981751097202e+00 3.248926208000000000e+09
-3.999999981931778859e+00 7.445700608000000000e+09
-3.959999982112461847e+00 9.347622912000000000e+09
-3.919999982293143503e+00 4.250603008000000000e+09
-3.879999982473826936e+00 1.036082880000000000e+09
-3.839999982654508148e+00 2.193133056000000000e+09
-3.799999982835189805e+00 1.087239372800000000e+10
-3.759999983015873237e+00 3.299547750400000000e+10
-3.719999983196554894e+00 5.915803238400000000e+10
-3.679999983377236550e+00 6.361939968000000000e+10
-3.639999983557919538e+00 4.581710643200000000e+10
-3.599999983738601195e+00 3.056551321600000000e+10
-3.559999983919284627e+00 1.963386265600000000e+10
-3.519999984099966284e+00 1.111529472000000000e+10
-3.479999984280647940e+00 1.166755123200000000e+10
-3.439999984461330929e+00 1.744752025600000000e+10
-3.399999984642012585e+00 1.844174438400000000e+10
-3.359999984822694241e+00 1.114622259200000000e+10
-3.319999985003377230e+00 5.379911680000000000e+09
-3.279999985184058886e+00 2.436286720000000000e+09
-3.239999985364742319e+00 5.343465984000000000e+09
-3.199999985545423975e+00 9.677755392000000000e+09
-3.159999985726105631e+00 7.874713088000000000e+09
-3.119999985906788620e+00 2.134276608000000000e+09
-3.079999986087470276e+00 5.383282688000000000e+09
-3.039999986268151932e+00 6.983003648000000000e+09
-2.999999986448835365e+00 2.955534336000000000e+09
-2.959999986629517021e+00 5.018405440000000000e+08
-2.919999986810200010e+00 1.037623910400000000e+10
-2.879999986990881666e+00 2.734364262400000000e+10
-2.839999987171563323e+00 4.310870016000000000e+10
-2.799999987352246311e+00 5.202935398400000000e+10
-2.759999987532927967e+00 5.411774464000000000e+10
-2.719999987713609624e+00 4.459674828800000000e+10
-2.679999987894293056e+00 3.904434585600000000e+10
-2.639999988074974713e+00 3.292320358400000000e+10
-2.599999988255656369e+00 1.879815987200000000e+10
-2.559999988436339358e+00 4.879996928000000000e+09
-2.519999988617021014e+00 7.021336064000000000e+09
-2.479999988797704447e+00 1.533558374400000000e+10
-2.439999988978386103e+00 1.732508057600000000e+10
-2.399999989159067315e+00 8.516757504000000000e+09
-2.359999989339750748e+00 6.487178752000000000e+09
-2.319999989520432404e+00 1.918207385600000000e+10
-2.279999989701114060e+00 3.260186419200000000e+10
-2.239999989881797049e+00 4.654848819200000000e+10
-2.199999990062478705e+00 6.699041996800000000e+10
-2.159999990243162138e+00 8.678910361600000000e+10
-2.119999990423843794e+00 9.193093529600000000e+10
-2.079999990604525451e+00 7.571319193600000000e+10
-2.039999990785208439e+00 5.275348582400000000e+10
-1.999999990965890095e+00 2.636800614400000000e+10
-1.959999991146571752e+00 1.373248409600000000e+10
-1.919999991327254962e+00 1.137996492800000000e+10
-1.879999991507936619e+00 1.184305868800000000e+10
-1.839999991688619829e+00 9.309675520000000000e+09
-1.799999991869301486e+00 1.306324070400000000e+10
-1.759999992049983142e+00 2.983474995200000000e+10
-1.719999992230666352e+00 5.092937728000000000e+10
-1.679999992411347787e+00 7.317428633600000000e+10
-1.639999992592029443e+00 7.140142284800000000e+10
-1.599999992772712654e+00 3.519394201600000000e+10
-1.559999992953394310e+00 6.111944192000000000e+09
-1.519999993134077521e+00 6.716077056000000000e+09
-1.479999993314759177e+00 2.157019955200000000e+10
-1.439999993495440833e+00 3.869782425600000000e+10
-1.399999993676124044e+00 5.716308787200000000e+10
-1.359999993856805700e+00 5.993478553600000000e+10
-1.319999994037487356e+00 3.452831334400000000e+10
-1.279999994218170567e+00 1.091184844800000000e+10
-1.239999994398852223e+00 6.444537856000000000e+09
-1.199999994579533658e+00 1.332207616000000000e+10
-1.159999994760216868e+00 1.794131558400000000e+10
-1.119999994940898524e+00 6.058045440000000000e+09
-1.079999995121581735e+00 2.617736960000000000e+09
-1.039999995302263391e+00 2.171011891200000000e+10
-9.999999954829450477e-01 3.306261708800000000e+10
-9.599999956636282583e-01 3.304706048000000000e+10
-9.199999958443099146e-01 4.652695552000000000e+10
-8.799999960249915709e-01 7.434575052800000000e+10
-8.399999962056747815e-01 6.662955417600000000e+10
-7.999999963863563268e-01 2.153608601600000000e+10
-7.599999965670395374e-01 1.049811392000000000e+09
-7.199999967477211937e-01 3.238632038400000000e+10
-6.799999969284028500e-01 6.378688512000000000e+10
-6.399999971090860607e-01 6.072833228800000000e+10
-5.999999972897677170e-01 4.689446502400000000e+10
-5.599999974704492622e-01 3.761935564800000000e+10
-5.199999976511324729e-01 2.914888089600000000e+10
-4.799999978318141292e-01 3.024611123200000000e+10
-4.399999980124973398e-01 4.598276096000000000e+10
-3.999999981931789961e-01 3.636199014400000000e+10
-3.599999983738605969e-01 4.415368704000000000e+09
-3.199999985545438075e-01 4.546157056000000000e+09
-2.799999987352254638e-01 1.940347289600000000e+10
-2.399999989159070646e-01 2.099577651200000000e+10
-1.999999990965902752e-01 1.615911219200000000e+10
-1.599999992772719037e-01 2.027514060800000000e+10
-1.199999994579535323e-01 3.673776947200000000e+10
-7.999999963863674290e-02 6.304530841600000000e+10
-3.999999981931837145e-02 9.842128486400000000e+10
-1.577721810442023611e-15 1.325227458560000000e+11
3.999999981931678938e-02 1.241278791680000000e+11
7.999999963863516084e-02 6.180724736000000000e+10
1.199999994579519502e-01 5.344715776000000000e+09
1.599999992772703217e-01 1.626861465600000000e+10
1.999999990965886931e-01 5.684622950400000000e+10
2.399999989159054825e-01 8.091061452800000000e+10
2.799999987352238540e-01 7.128539955200000000e+10
3.199999985545406433e-01 3.739319500800000000e+10
3.599999983738590426e-01 1.289512243200000000e+10
3.999999981931773863e-01 2.996446208000000000e+09
4.399999980124941756e-01 3.721522432000000000e+09
4.799999978318125748e-01 1.477291315200000000e+10
5.199999976511309185e-01 1.616459878400000000e+10
5.599999974704477079e-01 1.162084966400000000e+10
5.999999972897660516e-01 6.182718464000000000e+09
6.399999971090828410e-01 2.680881920000000000e+09
6.799999969284012957e-01 6.718278144000000000e+09
7.199999967477196394e-01 2.648178892800000000e+10
7.599999965670364288e-01 6.384535552000000000e+10
7.999999963863547725e-01 7.846719488000000000e+10
8.399999962056731162e-01 9.470319001600000000e+10
8.799999960249899056e-01 1.238638592000000000e+11
9.199999958443083603e-01 1.346714173440000000e+11
9.599999956636251497e-01 1.360580362240000000e+11
9.999999954829434934e-01 1.254495846400000000e+11
1.039999995302261837e+00 7.615329075200000000e+10
1.079999995121578626e+00 1.954594406400000000e+10
1.119999994940896970e+00 2.464342080000000000e+08
1.159999994760215314e+00 7.106086400000000000e+09
1.199999994579532103e+00 1.317982822400000000e+10
1.239999994398850447e+00 1.515990118400000000e+10
1.279999994218169013e+00 1.442106572800000000e+10
1.319999994037487356e+00 1.839306752000000000e+10
1.359999993856802591e+00 1.565621964800000000e+10
1.399999993676120935e+00 1.341219328000000000e+10
1.439999993495439279e+00 1.004734259200000000e+10
1.479999993314757623e+00 9.214086144000000000e+09
1.519999993134075966e+00 8.150523392000000000e+09
1.559999992953391201e+00 8.134329344000000000e+09
1.599999992772709545e+00 1.544365056000000000e+10
1.639999992592027889e+00 2.912301465600000000e+10
1.679999992411346232e+00 4.486703104000000000e+10
1.719999992230664798e+00 4.629449932800000000e+10
1.759999992049983142e+00 3.141431500800000000e+10
1.799999991869298377e+00 1.651710566400000000e+10
1.839999991688616721e+00 1.808225075200000000e+10
1.879999991507935064e+00 3.614457036800000000e+10
1.919999991327253408e+00 5.370547404800000000e+10
1.959999991146571752e+00 5.844786790400000000e+10
1.999999990965886987e+00 5.169838080000000000e+10
2.039999990785205330e+00 5.089569177600000000e+10
2.079999990604523674e+00 5.167852339200000000e+10
2.119999990423842018e+00 4.184277401600000000e+10
2.159999990243160362e+00 2.008697856000000000e+10
2.199999990062475597e+00 6.878328832000000000e+09
2.239999989881793940e+00 4.606862336000000000e+09
2.279999989701112284e+00 2.139698995200000000e+10
2.319999989520430628e+00 4.445351116800000000e+10
2.359999989339748971e+00 6.043613184000000000e+10
2.399999989159067315e+00 5.656667340800000000e+10
2.439999988978382550e+00 3.678825676800000000e+10
2.479999988797700894e+00 2.666978508800000000e+10
2.519999988617019682e+00 3.802805043200000000e+10
2.559999988436338025e+00 4.420682547200000000e+10
2.599999988255656369e+00 2.763232460800000000e+10
2.639999988074971604e+00 8.049756672000000000e+09
2.679999987894289948e+00 1.091042713600000000e+10
2.719999987713608292e+00 8.263652864000000000e+09
2.759999987532926635e+00 5.438388480000000000e+08
2.799999987352244979e+00 2.960179712000000000e+09
2.839999987171563323e+00 6.039612928000000000e+09
2.879999986990878558e+00 1.953563033600000000e+10
2.919999986810196901e+00 1.362030592000000000e+10
2.959999986629515245e+00 2.655536128000000000e+10
2.999999986448833589e+00 8.923326054400000000e+10
3.039999986268151932e+00 1.064834498560000000e+11
3.079999986087467168e+00 7.806994841600000000e+10
3.119999985906785511e+00 5.072872652800000000e+10
3.159999985726103855e+00 3.516631859200000000e+10
3.199999985545422199e+00 3.003700838400000000e+10
3.239999985364740542e+00 2.955895808000000000e+10
3.279999985184055777e+00 3.176992358400000000e+10
3.319999985003374121e+00 3.559201996800000000e+10
3.359999984822692465e+00 3.630633369600000000e+10
3.399999984642010808e+00 3.297454694400000000e+10
3.439999984461329596e+00 3.228403712000000000e+10
3.479999984280647940e+00 2.819840409600000000e+10
3.519999984099963175e+00 1.882349158400000000e+10
3.559999983919281519e+00 1.361714483200000000e+10
3.599999983738599862e+00 1.222586163200000000e+10
3.639999983557918206e+00 1.318865920000000000e+10
3.679999983377236550e+00 1.385844531200000000e+10
3.719999983196551785e+00 1.041010073600000000e+10
3.759999983015870129e+00 4.293298944000000000e+09
3.799999982835188472e+00 1.206846640000000000e+08
3.839999982654506816e+00 2.339136256000000000e+09
3.879999982473825160e+00 4.774371840000000000e+09
3.919999982293143503e+00 1.816171264000000000e+09
3.959999982112458738e+00 7.524903424000000000e+09
3.999999981931777082e+00 3.063402496000000000e+10
4.039999981751095426e+00 5.143624499200000000e+10
4.079999981570414214e+00 6.828000870400000000e+10
4.119999981389732113e+00 8.641701478400000000e+10
4.159999981209047348e+00 7.753389670400000000e+10
4.199999981028366136e+00 5.672442265600000000e+10
4.239999980847684036e+00 5.681077862400000000e+10
4.279999980667002824e+00 6.903401676800000000e+10
4.319999980486320723e+00 6.557158195200000000e+10
4.359999980305635958e+00 5.630289510400000000e+10
4.399999980124954746e+00 4.870864486400000000e+10
4.439999979944272646e+00 4.710241894400000000e+10
4.479999979763591433e+00 4.761773670400000000e+10
4.519999979582909333e+00 4.224022528000000000e+10
4.559999979402228121e+00 2.729235865600000000e+10
4.599999979221543356e+00 1.465520332800000000e+10
4.639999979040861255e+00 6.377198080000000000e+09
4.679999978860180043e+00 2.893905152000000000e+09
4.719999978679497943e+00 1.900828288000000000e+09
4.759999978498816731e+00 6.000688128000000000e+09
4.799999978318131966e+00 1.309591040000000000e+10
4.839999978137449865e+00 1.289961062400000000e+10
4.879999977956768653e+00 4.343166976000000000e+09
4.919999977776087441e+00 5.403840640000000000e+08
4.959999977595405340e+00 9.489343488000000000e+09
4.999999977414724128e+00 1.094836531200000000e+10
5.039999977234039363e+00 9.083859968000000000e+09
5.079999977053357263e+00 3.460014489600000000e+10
5.119999976872676051e+00 9.039999795200000000e+10
5.159999976691993950e+00 1.291142184960000000e+11
5.199999976511312738e+00 1.065224847360000000e+11
5.239999976330627973e+00 5.155360768000000000e+10
5.279999976149945873e+00 1.277219123200000000e+10
5.319999975969264661e+00 5.310313984000000000e+09
5.359999975788582560e+00 1.197217382400000000e+10
5.399999975607901348e+00 1.752060108800000000e+10
5.439999975427216583e+00 1.751644979200000000e+10
5.479999975246534483e+00 1.444164300800000000e+10
5.519999975065853270e+00 8.710059008000000000e+09
5.559999974885171170e+00 1.540864000000000000e+09
5.599999974704489958e+00 1.895645440000000000e+09
5.639999974523807857e+00 1.748582809600000000e+10
5.679999974343123093e+00 3.998801100800000000e+10
5.719999974162441880e+00 5.359137996800000000e+10
5.759999973981759780e+00 4.809070182400000000e+10
5.799999973801078568e+00 3.134236467200000000e+10
5.839999973620396467e+00 1.448691507200000000e+10
5.879999973439711702e+00 3.882544896000000000e+09
5.919999973259030490e+00 4.515813120000000000e+08
5.959999973078349278e+00 2.871876608000000000e+09
5.999999972897667178e+00 7.856029184000000000e+09
6.039999972716985965e+00 1.213661900800000000e+10
6.079999972536301200e+00 1.514356428800000000e+10
6.119999972355619100e+00 2.006680166400000000e+10
6.159999972174937888e+00 2.934598860800000000e+10
6.199999971994255787e+00 4.237767065600000000e+10
6.239999971813574575e+00 5.715700531200000000e+10
6.279999971632892475e+00 7.244287180800000000e+10
6.319999971452207710e+00 8.086062694400000000e+10
6.359999971271526498e+00 7.066538803200000000e+10
6.399999971090844397e+00 5.148803481600000000e+10
6.439999970910163185e+00 2.978814361600000000e+10
6.479999970729481085e+00 1.281098444800000000e+10
6.519999970548796320e+00 4.690499584000000000e+09
6.559999970368115108e+00 3.379425792000000000e+09
6.599999970187433007e+00 5.275277824000000000e+09
6.639999970006751795e+00 8.019184128000000000e+09
6.679999969826069695e+00 9.819445248000000000e+09
6.719999969645388482e+00 1.090289254400000000e+10
6.759999969464703717e+00 1.087912243200000000e+10
6.799999969284021617e+00 1.003816243200000000e+10
6.839999969103340405e+00 1.095115878400000000e+10
6.879999968922659193e+00 1.403238707200000000e+10
6.919999968741977092e+00 1.969720524800000000e+10
6.959999968561292327e+00 2.368314982400000000e+10
6.999999968380611115e+00 2.401934336000000000e+10
7.039999968199929015e+00 1.983093760000000000e+10
7.079999968019247802e+00 1.246868787200000000e+10
7.119999967838565702e+00 5.720549376000000000e+09
7.159999967657880937e+00 1.417629952000000000e+09
7.199999967477199725e+00 1.137804160000000000e+08
7.239999967296517625e+00 7.433424000000000000e+08
7.279999967115836412e+00 2.021336064000000000e+09
7.319999966935154312e+00 3.867901440000000000e+09
7.359999966754473100e+00 7.890822144000000000e+09
7.399999966573788335e+00 1.652396236800000000e+10
7.439999966393106234e+00 3.056350617600000000e+10
7.479999966212425022e+00 4.467660390400000000e+10
7.519999966031742922e+00 5.088917094400000000e+10
7.559999965851061710e+00 4.629859123200000000e+10
7.599999965670376945e+00 3.423517491200000000e+10
7.639999965489694844e+00 2.242599936000000000e+10
7.679999965309013632e+00 1.346530304000000000e+10
7.719999965128331532e+00 7.828848640000000000e+09
7.759999964947650319e+00 5.019231744000000000e+09
7.799999964766968219e+00 4.073286912000000000e+09
7.839999964586283454e+00 3.891443200000000000e+09
7.879999964405602242e+00 3.284018688000000000e+09
7.919999964224921030e+00 1.860488576000000000e+09
7.959999964044238929e+00 6.172944000000000000e+08
7.999999963863557717e+00 1.262867712000000000e+09
8.039999963682872064e+00 5.220853760000000000e+09
8.079999963502190852e+00 1.070519398400000000e+10
8.119999963321509640e+00 1.357236736000000000e+10
8.159999963140828427e+00 1.271175680000000000e+10
8.199999962960145439e+00 1.013903257600000000e+10
8.239999962779460674e+00 6.699483648000000000e+09
8.279999962598779462e+00 4.115565312000000000e+09
8.319999962418098249e+00 2.456679936000000000e+09
8.359999962237417037e+00 1.777158144000000000e+09
8.399999962056734049e+00 1.328187776000000000e+09
8.439999961876052836e+00 4.655702720000000000e+08
8.479999961695368071e+00 1.758197600000000000e+08
8.519999961514686859e+00 1.531933056000000000e+09
8.559999961334005647e+00 2.567689728000000000e+09
8.599999961153322658e+00 3.223254016000000000e+09
8.639999960972641446e+00 7.360280576000000000e+09
8.679999960791956681e+00 1.392570777600000000e+10
8.719999960611275469e+00 2.302259609600000000e+10
8.759999960430594257e+00 3.944758476800000000e+10
8.799999960249911268e+00 5.792497254400000000e+10
8.839999960069230056e+00 6.143897190400000000e+10
8.879999959888548844e+00 5.179532492800000000e+10
8.919999959707864079e+00 3.970988441600000000e+10
8.959999959527182867e+00 2.969406873600000000e+10
8.999999959346501655e+00 2.100413235200000000e+10
9.039999959165818666e+00 1.379996057600000000e+10
9.079999958985137454e+00 8.038356480000000000e+09
9.119999958804452689e+00 3.773888768000000000e+09
9.159999958623771477e+00 1.164214400000000000e+09
9.199999958443090264e+00 8.876112800000000000e+07
9.239999958262407276e+00 1.654555040000000000e+08
9.279999958081726064e+00 8.582586880000000000e+08
9.319999957901041299e+00 1.692700672000000000e+09
9.359999957720360086e+00 2.409238784000000000e+09
9.399999957539678874e+00 3.018863872000000000e+09
9.439999957358995886e+00 3.488351744000000000e+09
9.479999957178314673e+00 3.879792640000000000e+09
9.519999956997633461e+00 4.107651328000000000e+09
9.559999956816948696e+00 4.160960768000000000e+09
9.599999956636267484e+00 4.016124160000000000e+09
9.639999956455584496e+00 3.681061120000000000e+09
9.679999956274903283e+00 3.279813120000000000e+09
9.719999956094222071e+00 2.825286400000000000e+09
9.759999955913537306e+00 2.383282176000000000e+09
9.799999955732856094e+00 1.919903744000000000e+09
9.839999955552174882e+00 1.475518848000000000e+09
9.879999955371491893e+00 1.154251648000000000e+09
9.919999955190810681e+00 1.009729856000000000e+09
9.959999955010125916e+00 1.102210560000000000e+09
9.999999954829444704e+00 1.356005888000000000e+09
1.003999995464876349e+01 1.682999808000000000e+09
1.007999995446808050e+01 2.033834496000000000e+09
1.011999995428739929e+01 2.394456320000000000e+09
1.015999995410671808e+01 2.800459008000000000e+09
1.019999995392603331e+01 3.372407552000000000e+09
1.023999995374535210e+01 4.236923392000000000e+09
1.027999995356466911e+01 5.475122688000000000e+09
1.031999995338398790e+01 7.157885440000000000e+09
1.035999995320330669e+01 9.335279616000000000e+09
1.039999995302262192e+01 1.175476531200000000e+10
1.043999995284194071e+01 1.407347404800000000e+10
1.047999995266125772e+01 1.582293606400000000e+10
1.051999995248057651e+01 1.652135731200000000e+10
1.055999995229989530e+01 1.573901107200000000e+10
1.059999995211921409e+01 1.345336627200000000e+10
1.063999995193852932e+01 1.032428544000000000e+10
1.067999995175784633e+01 7.072625152000000000e+09
1.071999995157716512e+01 4.421938688000000000e+09
1.075999995139648391e+01 2.619719424000000000e+09
1.079999995121580270e+01 1.543609856000000000e+09
1.083999995103511793e+01 9.932762240000000000e+08
1.087999995085443672e+01 7.537631360000000000e+08
1.091999995067375373e+01 6.990061440000000000e+08
1.095999995049307252e+01 7.876216960000000000e+08
1.099999995031239131e+01 1.014726080000000000e+09
1.103999995013170654e+01 1.468205440000000000e+09
1.107999994995102533e+01 2.256301056000000000e+09
1.111999994977034234e+01 3.505588480000000000e+09
1.115999994958966113e+01 5.228653056000000000e+09
1.119999994940897992e+01 7.147336192000000000e+09
1.123999994922829870e+01 8.727659520000000000e+09
1.127999994904761394e+01 9.501416448000000000e+09
1.131999994886693095e+01 9.249069056000000000e+09
1.135999994868624974e+01 8.206574592000000000e+09
1.139999994850556853e+01 6.716327936000000000e+09
1.143999994832488731e+01 5.201856512000000000e+09
1.147999994814420255e+01 3.892435200000000000e+09
1.151999994796351956e+01 2.873176320000000000e+09
1.155999994778283835e+01 2.161300480000000000e+09
1.159999994760215714e+01 1.721932032000000000e+09
1.163999994742147592e+01 1.498375936000000000e+09
1.167999994724079293e+01 1.455463552000000000e+09
1.171999994706010817e+01 1.577211264000000000e+09
1.175999994687942696e+01 1.871248512000000000e+09
1.179999994669874575e+01 2.367948800000000000e+09
1.183999994651806453e+01 3.116652032000000000e+09
1.187999994633738332e+01 4.132433664000000000e+09
1.191999994615669856e+01 5.407817728000000000e+09
1.195999994597601557e+01 6.833895936000000000e+09
1.199999994579533436e+01 8.119430144000000000e+09
1.203999994561465314e+01 8.881421312000000000e+09
1.207999994543397193e+01 8.771109888000000000e+09
1.211999994525328717e+01 7.826422272000000000e+09
1.215999994507260418e+01 6.404084736000000000e+09
1.219999994489192296e+01 4.975804928000000000e+09
1.223999994471124175e+01 3.783268352000000000e+09
1.227999994453056054e+01 2.913227008000000000e+09
1.231999994434987755e+01 2.362913792000000000e+09
1.235999994416919279e+01 2.039524480000000000e+09
1.239999994398851157e+01 1.874664832000000000e+09
1.243999994380783036e+01 1.811984768000000000e+09
1.247999994362714915e+01 1.794235392000000000e+09
1.251999994344646616e+01 1.769565568000000000e+09
1.255999994326578140e+01 1.747345024000000000e+09
1.259999994308510018e+01 1.697267584000000000e+09
1.263999994290441897e+01 1.607994112000000000e+09
