# x = Time (fs); y = Power (W)
-1.099999995031239131e+01 2.230417664000000000e+09
-1.095999995049307429e+01 2.703489024000000000e+09
-1.091999995067375551e+01 3.194742272000000000e+09
-1.087999995085443850e+01 3.578302464000000000e+09
-1.083999995103512148e+01 3.779903744000000000e+09
-1.079999995121580270e+01 3.778371584000000000e+09
-1.075999995139648568e+01 3.509057024000000000e+09
-1.071999995157716690e+01 3.039505920000000000e+09
-1.067999995175784989e+01 2.522303232000000000e+09
-1.063999995193853110e+01 1.996685184000000000e+09
-1.059999995211921409e+01 1.570432896000000000e+09
-1.055999995229989707e+01 1.267655552000000000e+09
-1.051999995248057829e+01 1.070157056000000000e+09
-1.047999995266126128e+01 1.008085376000000000e+09
-1.043999995284194249e+01 1.058430080000000000e+09
-1.039999995302262548e+01 1.234896768000000000e+09
-1.035999995320330669e+01 1.556859008000000000e+09
-1.031999995338398968e+01 2.003178624000000000e+09
-1.027999995356467089e+01 2.547451392000000000e+09
-1.023999995374535388e+01 3.129856512000000000e+09
-1.019999995392603687e+01 3.636744192000000000e+09
-1.015999995410671808e+01 3.992446464000000000e+09
-1.011999995428740107e+01 4.089116416000000000e+09
-1.007999995446808228e+01 3.921636352000000000e+09
-1.003999995464876527e+01 3.567133440000000000e+09
-9.999999954829448257e+00 3.170133760000000000e+09
-9.959999955010129469e+00 2.922204416000000000e+09
-9.919999955190810681e+00 3.051512064000000000e+09
-9.879999955371493670e+00 3.731227136000000000e+09
-9.839999955552174882e+00 4.886888960000000000e+09
-9.799999955732859647e+00 6.336658432000000000e+09
-9.759999955913540859e+00 7.706599936000000000e+09
-9.719999956094222071e+00 8.262746112000000000e+09
-9.679999956274905060e+00 7.902574592000000000e+09
-9.639999956455586272e+00 6.715243008000000000e+09
-9.599999956636269260e+00 5.120040960000000000e+09
-9.559999956816952249e+00 3.654447616000000000e+09
-9.519999956997633461e+00 2.431829504000000000e+09
-9.479999957178316450e+00 1.537604352000000000e+09
-9.439999957358997662e+00 9.733441280000000000e+08
-9.399999957539680651e+00 6.153026560000000000e+08
-9.359999957720363639e+00 3.795754560000000000e+08
-9.319999957901044851e+00 2.568916160000000000e+08
-9.279999958081726064e+00 2.142914240000000000e+08
-9.239999958262409052e+00 2.281248320000000000e+08
-9.199999958443092041e+00 3.194151360000000000e+08
-9.159999958623775029e+00 4.919492800000000000e+08
-9.119999958804456242e+00 8.310782080000000000e+08
-9.079999958985137454e+00 1.455841280000000000e+09
-9.039999959165818666e+00 2.356969728000000000e+09
-8.999999959346501655e+00 3.518781952000000000e+09
-8.959999959527186419e+00 4.778723328000000000e+09
-8.919999959707867632e+00 5.883612672000000000e+09
-8.879999959888548844e+00 6.568113152000000000e+09
-8.839999960069230056e+00 6.814304768000000000e+09
-8.799999960249913045e+00 6.570527744000000000e+09
-8.759999960430597810e+00 5.960884736000000000e+09
-8.719999960611279022e+00 5.324747776000000000e+09
-8.679999960791960234e+00 4.739463680000000000e+09
-8.639999960972641446e+00 4.374163968000000000e+09
-8.599999961153324435e+00 4.255268864000000000e+09
-8.559999961334007423e+00 4.313450496000000000e+09
-8.519999961514690412e+00 4.591931392000000000e+09
-8.479999961695371624e+00 4.878746624000000000e+09
-8.439999961876052836e+00 5.170025472000000000e+09
-8.399999962056734049e+00 5.394879488000000000e+09
-8.359999962237418814e+00 5.575665152000000000e+09
-8.319999962418101802e+00 5.685193216000000000e+09
-8.279999962598783014e+00 5.701783040000000000e+09
-8.239999962779464227e+00 5.588250624000000000e+09
-8.199999962960145439e+00 5.408610304000000000e+09
-8.159999963140828427e+00 5.158166528000000000e+09
-8.119999963321513192e+00 4.757069312000000000e+09
-8.079999963502194404e+00 4.132686080000000000e+09
-8.039999963682875617e+00 3.288986368000000000e+09
-7.999999963863557717e+00 2.365318144000000000e+09
-7.959999964044240706e+00 1.597254912000000000e+09
-7.919999964224921918e+00 1.138374656000000000e+09
-7.879999964405605795e+00 1.055770560000000000e+09
-7.839999964586287007e+00 1.406835712000000000e+09
-7.799999964766968219e+00 2.238925312000000000e+09
-7.759999964947650319e+00 3.628424192000000000e+09
-7.719999965128333308e+00 5.721169920000000000e+09
-7.679999965309016297e+00 8.138393088000000000e+09
-7.639999965489698397e+00 9.856146432000000000e+09
-7.599999965670379609e+00 1.027286118400000000e+10
-7.559999965851061710e+00 1.022012211200000000e+10
-7.519999966031744698e+00 9.927782400000000000e+09
-7.479999966212426799e+00 8.421784064000000000e+09
-7.439999966393109787e+00 5.695992320000000000e+09
-7.399999966573790999e+00 2.903891200000000000e+09
-7.359999966754473100e+00 1.268407424000000000e+09
-7.319999966935154312e+00 8.007964160000000000e+08
-7.279999967115837300e+00 1.036696384000000000e+09
-7.239999967296521177e+00 1.686154240000000000e+09
-7.199999967477202389e+00 2.653038336000000000e+09
-7.159999967657884490e+00 3.805022464000000000e+09
-7.119999967838565702e+00 4.532761088000000000e+09
-7.079999968019248691e+00 4.988375552000000000e+09
-7.039999968199931679e+00 4.786178048000000000e+09
-6.999999968380612891e+00 4.815123456000000000e+09
-6.959999968561295880e+00 5.350369792000000000e+09
-6.919999968741977980e+00 5.647668736000000000e+09
-6.879999968922660081e+00 5.979408384000000000e+09
-6.839999969103342181e+00 8.332364800000000000e+09
-6.799999969284024282e+00 1.360217497600000000e+10
-6.759999969464706382e+00 2.092988211200000000e+10
-6.719999969645389370e+00 2.711219609600000000e+10
-6.679999969826070583e+00 2.651396915200000000e+10
-6.639999970006753571e+00 1.967307161600000000e+10
-6.599999970187435672e+00 1.229397708800000000e+10
-6.559999970368116884e+00 7.328312832000000000e+09
-6.519999970548799872e+00 5.370496000000000000e+09
-6.479999970729481973e+00 4.869452800000000000e+09
-6.439999970910164961e+00 4.410852352000000000e+09
-6.399999971090846174e+00 3.166679808000000000e+09
-6.359999971271528274e+00 2.420265216000000000e+09
-6.319999971452211263e+00 6.118430720000000000e+09
-6.279999971632893363e+00 1.529857024000000000e+10
-6.239999971813575463e+00 2.728008499200000000e+10
-6.199999971994257564e+00 3.371429683200000000e+10
-6.159999972174939664e+00 2.996332953600000000e+10
-6.119999972355622653e+00 2.032001228800000000e+10
-6.079999972536303865e+00 1.147318579200000000e+10
-6.039999972716985965e+00 6.479693312000000000e+09
-5.999999972897668954e+00 4.182701568000000000e+09
-5.959999973078351054e+00 4.474255872000000000e+09
-5.919999973259033155e+00 4.417948672000000000e+09
-5.879999973439715255e+00 3.523314432000000000e+09
-5.839999973620396467e+00 1.987644288000000000e+09
-5.799999973801080344e+00 1.153647872000000000e+09
-5.759999973981761556e+00 1.088593280000000000e+09
-5.719999974162444545e+00 1.490113536000000000e+09
-5.679999974343126645e+00 1.848251008000000000e+09
-5.639999974523807857e+00 1.781127808000000000e+09
-5.599999974704491734e+00 7.466423680000000000e+08
-5.559999974885172946e+00 6.831083520000000000e+08
-5.519999975065855047e+00 4.787492352000000000e+09
-5.479999975246538035e+00 1.488714752000000000e+10
-5.439999975427219248e+00 2.982005964800000000e+10
-5.399999975607903124e+00 4.492852838400000000e+10
-5.359999975788584337e+00 4.743942553600000000e+10
-5.319999975969265549e+00 3.569512038400000000e+10
-5.279999976149949426e+00 1.891654451200000000e+10
-5.239999976330630638e+00 6.725807104000000000e+09
-5.199999976511312738e+00 8.627541760000000000e+08
-5.159999976691995727e+00 3.082032384000000000e+09
-5.119999976872676939e+00 1.197338828800000000e+10
-5.079999977053359039e+00 1.909892710400000000e+10
-5.039999977234042028e+00 2.055655014400000000e+10
-4.999999977414724128e+00 1.746013593600000000e+10
-4.959999977595407117e+00 1.278741299200000000e+10
-4.919999977776088329e+00 1.026247372800000000e+10
-4.879999977956770429e+00 9.645112320000000000e+09
-4.839999978137453418e+00 1.193733324800000000e+10
-4.799999978318134630e+00 1.735288832000000000e+10
-4.759999978498816731e+00 1.963574476800000000e+10
-4.719999978679499719e+00 1.665064652800000000e+10
-4.679999978860181820e+00 1.145920819200000000e+10
-4.639999979040864808e+00 7.235618304000000000e+09
-4.599999979221546020e+00 4.343041024000000000e+09
-4.559999979402228121e+00 3.353359872000000000e+09
-4.519999979582911109e+00 2.920483072000000000e+09
-4.479999979763593210e+00 1.419596800000000000e+09
-4.439999979944274422e+00 5.863006080000000000e+08
-4.399999980124957411e+00 1.640345216000000000e+09
-4.359999980305639511e+00 1.516926336000000000e+09
-4.319999980486322499e+00 6.266354176000000000e+09
-4.279999980667003712e+00 2.209741619200000000e+10
-4.239999980847685812e+00 4.223721062400000000e+10
-4.199999981028368801e+00 6.451483443200000000e+10
-4.159999981209050901e+00 6.860467814400000000e+10
-4.119999981389732113e+00 5.628030976000000000e+10
-4.079999981570415102e+00 3.702111436800000000e+10
-4.039999981751097202e+00 1.942759424000000000e+10
-3.999999981931778859e+00 8.883322880000000000e+09
-3.959999982112461847e+00 5.093449216000000000e+09
-3.919999982293143503e+00 5.665449472000000000e+09
-3.879999982473826936e+00 7.688470016000000000e+09
-3.839999982654508148e+00 1.137633280000000000e+10
-3.799999982835189805e+00 1.914747699200000000e+10
-3.759999983015873237e+00 2.515306086400000000e+10
-3.719999983196554894e+00 3.492432691200000000e+10
-3.679999983377236550e+00 4.708123443200000000e+10
-3.639999983557919538e+00 5.348331929600000000e+10
-3.599999983738601195e+00 5.126676480000000000e+10
-3.559999983919284627e+00 4.316504473600000000e+10
-3.519999984099966284e+00 3.496852275200000000e+10
-3.479999984280647940e+00 2.533454028800000000e+10
-3.439999984461330929e+00 1.000301260800000000e+10
-3.399999984642012585e+00 3.760773376000000000e+09
-3.359999984822694241e+00 4.483475456000000000e+09
-3.319999985003377230e+00 8.041425408000000000e+09
-3.279999985184058886e+00 1.229882880000000000e+10
-3.239999985364742319e+00 1.802748313600000000e+10
-3.199999985545423975e+00 2.250605158400000000e+10
-3.159999985726105631e+00 2.200474624000000000e+10
-3.119999985906788620e+00 1.351411916800000000e+10
-3.079999986087470276e+00 6.339093504000000000e+09
-3.039999986268151932e+00 2.701398784000000000e+09
-2.999999986448835365e+00 3.845175552000000000e+09
-2.959999986629517021e+00 7.804344320000000000e+09
-2.919999986810200010e+00 1.329951744000000000e+10
-2.879999986990881666e+00 1.301509222400000000e+10
-2.839999987171563323e+00 1.256429363200000000e+10
-2.799999987352246311e+00 1.490774425600000000e+10
-2.759999987532927967e+00 1.780797235200000000e+10
-2.719999987713609624e+00 1.947692032000000000e+10
-2.679999987894293056e+00 2.168043520000000000e+10
-2.639999988074974713e+00 2.939522048000000000e+10
-2.599999988255656369e+00 3.871059558400000000e+10
-2.559999988436339358e+00 3.804038758400000000e+10
-2.519999988617021014e+00 2.245250252800000000e+10
-2.479999988797704447e+00 1.365688012800000000e+10
-2.439999988978386103e+00 1.654740582400000000e+10
-2.399999989159067315e+00 1.954925158400000000e+10
-2.359999989339750748e+00 2.065398169600000000e+10
-2.319999989520432404e+00 2.650702438400000000e+10
-2.279999989701114060e+00 3.403993292800000000e+10
-2.239999989881797049e+00 3.710611046400000000e+10
-2.199999990062478705e+00 3.552561971200000000e+10
-2.159999990243162138e+00 3.279063040000000000e+10
-2.119999990423843794e+00 3.859076710400000000e+10
-2.079999990604525451e+00 3.643167539200000000e+10
-2.039999990785208439e+00 2.327482572800000000e+10
-1.999999990965890095e+00 8.759307264000000000e+09
-1.959999991146571752e+00 8.040495616000000000e+09
-1.919999991327254962e+00 1.345428889600000000e+10
-1.879999991507936619e+00 1.623203430400000000e+10
-1.839999991688619829e+00 1.610590924800000000e+10
-1.799999991869301486e+00 1.677221580800000000e+10
-1.759999992049983142e+00 1.845034598400000000e+10
-1.719999992230666352e+00 1.825811046400000000e+10
-1.679999992411347787e+00 1.810805964800000000e+10
-1.639999992592029443e+00 2.013782016000000000e+10
-1.599999992772712654e+00 2.555287961600000000e+10
-1.559999992953394310e+00 2.834273075200000000e+10
-1.519999993134077521e+00 2.511003852800000000e+10
-1.479999993314759177e+00 1.475040972800000000e+10
-1.439999993495440833e+00 3.007837696000000000e+09
-1.399999993676124044e+00 2.599949056000000000e+09
-1.359999993856805700e+00 7.980267520000000000e+09
-1.319999994037487356e+00 9.384867840000000000e+09
-1.279999994218170567e+00 1.933594624000000000e+10
-1.239999994398852223e+00 3.060143308800000000e+10
-1.199999994579533658e+00 2.338025881600000000e+10
-1.159999994760216868e+00 2.734803558400000000e+10
-1.119999994940898524e+00 3.656568832000000000e+10
-1.079999995121581735e+00 1.532656742400000000e+10
-1.039999995302263391e+00 2.009463168000000000e+09
-9.999999954829450477e-01 2.289966899200000000e+10
-9.599999956636282583e-01 2.990113382400000000e+10
-9.199999958443099146e-01 2.334276812800000000e+10
-8.799999960249915709e-01 3.147226726400000000e+10
-8.399999962056747815e-01 8.252945203200000000e+10
-7.999999963863563268e-01 1.794111569920000000e+11
-7.599999965670395374e-01 2.202410516480000000e+11
-7.199999967477211937e-01 1.477499125760000000e+11
-6.799999969284028500e-01 6.099135692800000000e+10
-6.399999971090860607e-01 2.677720268800000000e+10
-5.999999972897677170e-01 2.136748441600000000e+10
-5.599999974704492622e-01 2.140824166400000000e+10
-5.199999976511324729e-01 1.714461696000000000e+10
-4.799999978318141292e-01 1.281443020800000000e+10
-4.399999980124973398e-01 1.542009446400000000e+10
-3.999999981931789961e-01 1.930958438400000000e+10
-3.599999983738605969e-01 1.694678425600000000e+10
-3.199999985545438075e-01 1.194535116800000000e+10
-2.799999987352254638e-01 6.404646912000000000e+09
-2.399999989159070646e-01 5.125789696000000000e+09
-1.999999990965902752e-01 6.999787520000000000e+09
-1.599999992772719037e-01 9.644071936000000000e+09
-1.199999994579535323e-01 1.178308608000000000e+10
-7.999999963863674290e-02 1.200513945600000000e+10
-3.999999981931837145e-02 1.022515507200000000e+10
-1.577721810442023611e-15 5.863662592000000000e+09
3.999999981931678938e-02 2.645277696000000000e+09
7.999999963863516084e-02 7.065630720000000000e+08
1.199999994579519502e-01 2.261239040000000000e+08
1.599999992772703217e-01 4.180607232000000000e+09
1.999999990965886931e-01 1.487670067200000000e+10
2.399999989159054825e-01 2.276822220800000000e+10
2.799999987352238540e-01 1.609576345600000000e+10
3.199999985545406433e-01 1.594199449600000000e+10
3.599999983738590426e-01 4.449358233600000000e+10
3.999999981931773863e-01 9.080749260800000000e+10
4.399999980124941756e-01 1.112038686720000000e+11
4.799999978318125748e-01 9.517349273600000000e+10
5.199999976511309185e-01 6.381790003200000000e+10
5.599999974704477079e-01 3.823623782400000000e+10
5.999999972897660516e-01 1.989865472000000000e+10
6.399999971090828410e-01 9.920501760000000000e+09
6.799999969284012957e-01 5.907590144000000000e+09
7.199999967477196394e-01 3.911118080000000000e+09
7.599999965670364288e-01 2.959213568000000000e+09
7.999999963863547725e-01 6.883557120000000000e+08
8.399999962056731162e-01 7.580507520000000000e+08
8.799999960249899056e-01 7.516608512000000000e+09
9.199999958443083603e-01 1.150120448000000000e+10
9.599999956636251497e-01 5.865785856000000000e+09
9.999999954829434934e-01 7.963902976000000000e+09
1.039999995302261837e+00 1.141475737600000000e+10
1.079999995121578626e+00 5.399437824000000000e+09
1.119999994940896970e+00 6.366586880000000000e+09
1.159999994760215314e+00 3.741949542400000000e+10
1.199999994579532103e+00 1.346730721280000000e+11
1.239999994398850447e+00 2.011337850880000000e+11
1.279999994218169013e+00 1.344100597760000000e+11
1.319999994037487356e+00 5.153275084800000000e+10
1.359999993856802591e+00 1.501573324800000000e+10
1.399999993676120935e+00 5.812467200000000000e+09
1.439999993495439279e+00 8.490236928000000000e+09
1.479999993314757623e+00 1.747493068800000000e+10
1.519999993134075966e+00 3.135197184000000000e+10
1.559999992953391201e+00 4.663798579200000000e+10
1.599999992772709545e+00 4.905238118400000000e+10
1.639999992592027889e+00 3.803618508800000000e+10
1.679999992411346232e+00 2.526014873600000000e+10
1.719999992230664798e+00 1.970871910400000000e+10
1.759999992049983142e+00 1.501037568000000000e+10
1.799999991869298377e+00 8.741868544000000000e+09
1.839999991688616721e+00 4.549294592000000000e+09
1.879999991507935064e+00 3.922562304000000000e+09
1.919999991327253408e+00 1.731965824000000000e+09
1.959999991146571752e+00 1.142058368000000000e+09
1.999999990965886987e+00 5.585351680000000000e+09
2.039999990785205330e+00 9.162576896000000000e+09
2.079999990604523674e+00 6.560402432000000000e+09
2.119999990423842018e+00 5.369821184000000000e+09
2.159999990243160362e+00 1.733261516800000000e+10
2.199999990062475597e+00 3.608963072000000000e+10
2.239999989881793940e+00 2.830971699200000000e+10
2.279999989701112284e+00 1.612278886400000000e+10
2.319999989520430628e+00 1.878101376000000000e+09
2.359999989339748971e+00 2.567591321600000000e+10
2.399999989159067315e+00 1.147485880320000000e+11
2.439999988978382550e+00 1.588698808320000000e+11
2.479999988797700894e+00 1.064366489600000000e+11
2.519999988617019682e+00 4.457544499200000000e+10
2.559999988436338025e+00 2.002148966400000000e+10
2.599999988255656369e+00 1.391810150400000000e+10
2.639999988074971604e+00 1.312720588800000000e+10
2.679999987894289948e+00 7.298734080000000000e+09
2.719999987713608292e+00 2.399664960000000000e+08
2.759999987532926635e+00 3.863416832000000000e+09
2.799999987352244979e+00 5.750235648000000000e+09
2.839999987171563323e+00 3.548752384000000000e+09
2.879999986990878558e+00 1.711357952000000000e+09
2.919999986810196901e+00 2.210449408000000000e+09
2.959999986629515245e+00 2.321011916800000000e+10
2.999999986448833589e+00 2.011376435200000000e+10
3.039999986268151932e+00 3.128460288000000000e+10
3.079999986087467168e+00 1.037698498560000000e+11
3.119999985906785511e+00 1.838834810880000000e+11
3.159999985726103855e+00 1.970137169920000000e+11
3.199999985545422199e+00 1.482636656640000000e+11
3.239999985364740542e+00 8.604440166400000000e+10
3.279999985184055777e+00 4.552460288000000000e+10
3.319999985003374121e+00 2.568867635200000000e+10
3.359999984822692465e+00 1.639153459200000000e+10
3.399999984642010808e+00 1.162339942400000000e+10
3.439999984461329596e+00 8.478777344000000000e+09
3.479999984280647940e+00 7.440716800000000000e+09
3.519999984099963175e+00 5.216090624000000000e+09
3.559999983919281519e+00 5.325727232000000000e+09
3.599999983738599862e+00 1.260073062400000000e+10
3.639999983557918206e+00 2.946669363200000000e+10
3.679999983377236550e+00 4.461468057600000000e+10
3.719999983196551785e+00 5.014749184000000000e+10
3.759999983015870129e+00 4.327921254400000000e+10
3.799999982835188472e+00 3.037510451200000000e+10
3.839999982654506816e+00 1.477076172800000000e+10
3.879999982473825160e+00 4.856124928000000000e+09
3.919999982293143503e+00 9.946148864000000000e+09
3.959999982112458738e+00 2.195635814400000000e+10
3.999999981931777082e+00 2.139538022400000000e+10
4.039999981751095426e+00 8.027789824000000000e+09
4.079999981570414214e+00 8.777785600000000000e+07
4.119999981389732113e+00 7.996576256000000000e+09
4.159999981209047348e+00 2.619371724800000000e+10
4.199999981028366136e+00 3.624731443200000000e+10
4.239999980847684036e+00 3.753255321600000000e+10
4.279999980667002824e+00 3.382134374400000000e+10
4.319999980486320723e+00 3.437958348800000000e+10
4.359999980305635958e+00 4.250068172800000000e+10
4.399999980124954746e+00 4.998869811200000000e+10
4.439999979944272646e+00 5.257576857600000000e+10
4.479999979763591433e+00 5.394574540800000000e+10
4.519999979582909333e+00 5.997486080000000000e+10
4.559999979402228121e+00 6.134558720000000000e+10
4.599999979221543356e+00 5.461845606400000000e+10
4.639999979040861255e+00 3.917998489600000000e+10
4.679999978860180043e+00 2.542824857600000000e+10
4.719999978679497943e+00 1.396536524800000000e+10
4.759999978498816731e+00 1.050716467200000000e+10
4.799999978318131966e+00 1.493743923200000000e+10
4.839999978137449865e+00 1.719558553600000000e+10
4.879999977956768653e+00 2.261007769600000000e+10
4.919999977776087441e+00 4.024912281600000000e+10
4.959999977595405340e+00 4.967443660800000000e+10
4.999999977414724128e+00 4.505174425600000000e+10
5.039999977234039363e+00 3.601790156800000000e+10
5.079999977053357263e+00 2.927664742400000000e+10
5.119999976872676051e+00 2.837376204800000000e+10
5.159999976691993950e+00 3.199135948800000000e+10
5.199999976511312738e+00 3.077796864000000000e+10
5.239999976330627973e+00 2.107270963200000000e+10
5.279999976149945873e+00 8.764736512000000000e+09
5.319999975969264661e+00 6.355908608000000000e+09
5.359999975788582560e+00 1.290792038400000000e+10
5.399999975607901348e+00 2.229128601600000000e+10
5.439999975427216583e+00 3.610140262400000000e+10
5.479999975246534483e+00 4.708937728000000000e+10
5.519999975065853270e+00 4.631982080000000000e+10
5.559999974885171170e+00 3.654830899200000000e+10
5.599999974704489958e+00 2.496716595200000000e+10
5.639999974523807857e+00 1.919588966400000000e+10
5.679999974343123093e+00 2.007691673600000000e+10
5.719999974162441880e+00 2.049380147200000000e+10
5.759999973981759780e+00 1.804163686400000000e+10
5.799999973801078568e+00 1.486630707200000000e+10
5.839999973620396467e+00 1.128202035200000000e+10
5.879999973439711702e+00 8.309774336000000000e+09
5.919999973259030490e+00 8.004335104000000000e+09
5.959999973078349278e+00 7.720553472000000000e+09
5.999999972897667178e+00 5.697462784000000000e+09
6.039999972716985965e+00 2.697513984000000000e+09
6.079999972536301200e+00 4.271659008000000000e+09
6.119999972355619100e+00 7.681802240000000000e+09
6.159999972174937888e+00 1.398488371200000000e+10
6.199999971994255787e+00 2.282026188800000000e+10
6.239999971813574575e+00 2.577081958400000000e+10
6.279999971632892475e+00 1.910761062400000000e+10
6.319999971452207710e+00 1.282614476800000000e+10
6.359999971271526498e+00 3.240271872000000000e+10
6.399999971090844397e+00 6.533686476800000000e+10
6.439999970910163185e+00 6.765615513600000000e+10
6.479999970729481085e+00 3.816449638400000000e+10
6.519999970548796320e+00 1.874660556800000000e+10
6.559999970368115108e+00 1.394341990400000000e+10
6.599999970187433007e+00 2.299483136000000000e+10
6.639999970006751795e+00 4.063987712000000000e+10
6.679999969826069695e+00 4.988579840000000000e+10
6.719999969645388482e+00 4.322494054400000000e+10
6.759999969464703717e+00 3.415361945600000000e+10
6.799999969284021617e+00 2.835500646400000000e+10
6.839999969103340405e+00 2.233936896000000000e+10
6.879999968922659193e+00 1.984166912000000000e+10
6.919999968741977092e+00 1.598109081600000000e+10
6.959999968561292327e+00 1.208329011200000000e+10
6.999999968380611115e+00 6.917812224000000000e+09
7.039999968199929015e+00 2.891908096000000000e+09
7.079999968019247802e+00 6.243626880000000000e+08
7.119999967838565702e+00 4.160669440000000000e+08
7.159999967657880937e+00 2.000240768000000000e+09
7.199999967477199725e+00 3.834070528000000000e+09
7.239999967296517625e+00 3.686748928000000000e+09
7.279999967115836412e+00 1.899688704000000000e+09
7.319999966935154312e+00 4.878192640000000000e+08
7.359999966754473100e+00 4.443390720000000000e+08
7.399999966573788335e+00 8.661916800000000000e+08
7.439999966393106234e+00 1.848424960000000000e+09
7.479999966212425022e+00 3.658595584000000000e+09
7.519999966031742922e+00 5.919851520000000000e+09
7.559999965851061710e+00 7.080782848000000000e+09
7.599999965670376945e+00 7.449413632000000000e+09
7.639999965489694844e+00 8.847181824000000000e+09
7.679999965309013632e+00 1.139867238400000000e+10
7.719999965128331532e+00 1.427643596800000000e+10
7.759999964947650319e+00 1.752743526400000000e+10
7.799999964766968219e+00 2.167258726400000000e+10
7.839999964586283454e+00 2.627716300800000000e+10
7.879999964405602242e+00 2.949430681600000000e+10
7.919999964224921030e+00 2.925090816000000000e+10
7.959999964044238929e+00 2.537923993600000000e+10
7.999999963863557717e+00 1.942329753600000000e+10
8.039999963682872064e+00 1.341942169600000000e+10
8.079999963502190852e+00 8.618542080000000000e+09
8.119999963321509640e+00 5.593180160000000000e+09
8.159999963140828427e+00 3.873521920000000000e+09
8.199999962960145439e+00 2.876263936000000000e+09
8.239999962779460674e+00 2.169727232000000000e+09
8.279999962598779462e+00 1.521076992000000000e+09
8.319999962418098249e+00 7.422474880000000000e+08
8.359999962237417037e+00 7.950153600000000000e+07
8.399999962056734049e+00 7.629335680000000000e+08
8.439999961876052836e+00 4.495827456000000000e+09
8.479999961695368071e+00 1.183653171200000000e+10
8.519999961514686859e+00 2.084444364800000000e+10
8.559999961334005647e+00 2.832581427200000000e+10
8.599999961153322658e+00 3.271227596800000000e+10
8.639999960972641446e+00 3.265124761600000000e+10
8.679999960791956681e+00 2.916538982400000000e+10
8.719999960611275469e+00 2.392452915200000000e+10
8.759999960430594257e+00 1.755067801600000000e+10
8.799999960249911268e+00 1.194361856000000000e+10
8.839999960069230056e+00 7.021513216000000000e+09
8.879999959888548844e+00 3.523403264000000000e+09
8.919999959707864079e+00 1.349583488000000000e+09
8.959999959527182867e+00 3.599414400000000000e+08
8.999999959346501655e+00 1.420513600000000000e+08
9.039999959165818666e+00 2.653157600000000000e+08
9.079999958985137454e+00 5.212689600000000000e+08
9.119999958804452689e+00 6.309328640000000000e+08
9.159999958623771477e+00 5.434490240000000000e+08
9.199999958443090264e+00 1.528023296000000000e+09
9.239999958262407276e+00 7.616971264000000000e+09
9.279999958081726064e+00 2.116316979200000000e+10
9.319999957901041299e+00 3.875804364800000000e+10
9.359999957720360086e+00 4.693350400000000000e+10
9.399999957539678874e+00 4.099899392000000000e+10
9.439999957358995886e+00 2.901012480000000000e+10
9.479999957178314673e+00 1.801870131200000000e+10
9.519999956997633461e+00 1.084935782400000000e+10
9.559999956816948696e+00 6.364101120000000000e+09
9.599999956636267484e+00 3.688486400000000000e+09
9.639999956455584496e+00 2.126616960000000000e+09
9.679999956274903283e+00 1.331091200000000000e+09
9.719999956094222071e+00 9.813714560000000000e+08
9.759999955913537306e+00 7.751452160000000000e+08
9.799999955732856094e+00 5.671070080000000000e+08
9.839999955552174882e+00 2.829821440000000000e+08
9.879999955371491893e+00 1.389917440000000000e+08
9.919999955190810681e+00 1.713759840000000000e+08
9.959999955010125916e+00 3.178940480000000000e+08
9.999999954829444704e+00 4.923443840000000000e+08
1.003999995464876349e+01 7.162023040000000000e+08
1.007999995446808050e+01 1.119049216000000000e+09
1.011999995428739929e+01 2.049023616000000000e+09
1.015999995410671808e+01 4.171097088000000000e+09
1.019999995392603331e+01 7.725452288000000000e+09
1.023999995374535210e+01 1.186370355200000000e+10
1.027999995356466911e+01 1.524631552000000000e+10
1.031999995338398790e+01 1.663249408000000000e+10
1.035999995320330669e+01 1.624575692800000000e+10
1.039999995302262192e+01 1.546092748800000000e+10
1.043999995284194071e+01 1.500388044800000000e+10
1.047999995266125772e+01 1.506315776000000000e+10
1.051999995248057651e+01 1.555860480000000000e+10
1.055999995229989530e+01 1.592276480000000000e+10
1.059999995211921409e+01 1.538725273600000000e+10
1.063999995193852932e+01 1.378541465600000000e+10
1.067999995175784633e+01 1.147866726400000000e+10
1.071999995157716512e+01 9.306426368000000000e+09
1.075999995139648391e+01 7.716253696000000000e+09
1.079999995121580270e+01 6.702289920000000000e+09
1.083999995103511793e+01 6.291442688000000000e+09
1.087999995085443672e+01 6.236108800000000000e+09
1.091999995067375373e+01 6.041180160000000000e+09
1.095999995049307252e+01 5.394313728000000000e+09
1.099999995031239131e+01 4.231653888000000000e+09
1.103999995013170654e+01 2.834736640000000000e+09
1.107999994995102533e+01 1.584183936000000000e+09
1.111999994977034234e+01 6.882630400000000000e+08
1.115999994958966113e+01 2.144163680000000000e+08
1.119999994940897992e+01 1.537771680000000000e+08
1.123999994922829870e+01 4.477343040000000000e+08
1.127999994904761394e+01 1.018719360000000000e+09
1.131999994886693095e+01 1.720014720000000000e+09
1.135999994868624974e+01 2.424695808000000000e+09
1.139999994850556853e+01 2.971394816000000000e+09
1.143999994832488731e+01 3.278787072000000000e+09
1.147999994814420255e+01 3.375309312000000000e+09
1.151999994796351956e+01 3.298982400000000000e+09
1.155999994778283835e+01 3.129170944000000000e+09
1.159999994760215714e+01 2.976762112000000000e+09
1.163999994742147592e+01 2.861168640000000000e+09
1.167999994724079293e+01 2.854025216000000000e+09
1.171999994706010817e+01 2.992458752000000000e+09
1.175999994687942696e+01 3.313584896000000000e+09
1.179999994669874575e+01 3.870965504000000000e+09
1.183999994651806453e+01 4.700446720000000000e+09
1.187999994633738332e+01 5.827813888000000000e+09
1.191999994615669856e+01 7.204563456000000000e+09
1.195999994597601557e+01 8.708695040000000000e+09
1.199999994579533436e+01 9.960064000000000000e+09
1.203999994561465314e+01 1.036903116800000000e+10
1.207999994543397193e+01 9.451275264000000000e+09
1.211999994525328717e+01 7.354844672000000000e+09
1.215999994507260418e+01 4.838029312000000000e+09
1.219999994489192296e+01 2.726632960000000000e+09
1.223999994471124175e+01 1.324725760000000000e+09
1.227999994453056054e+01 5.542710400000000000e+08
1.231999994434987755e+01 2.379376960000000000e+08
1.235999994416919279e+01 1.843047200000000000e+08
1.239999994398851157e+01 2.700835520000000000e+08
1.243999994380783036e+01 4.054177280000000000e+08
1.247999994362714915e+01 5.676508800000000000e+08
1.251999994344646616e+01 7.379544320000000000e+08
1.255999994326578140e+01 9.030827520000000000e+08
1.259999994308510018e+01 1.087360384000000000e+09
1.263999994290441897e+01 1.290216448000000000e+09
1.267999994272373776e+01 1.509485952000000000e+09
1.271999994254305477e+01 1.755691008000000000e+09
1.275999994236237356e+01 2.019299456000000000e+09
1.279999994218168879e+01 2.261423616000000000e+09
1.283999994200100758e+01 2.462754560000000000e+09
1.287999994182032637e+01 2.589138176000000000e+09
1.291999994163964516e+01 2.589593088000000000e+09
