# x = Time (fs); y = Power (W)
-1.175999994687943051e+01 2.377043456000000000e+09
-1.171999994706011172e+01 2.898190848000000000e+09
-1.167999994724079293e+01 3.367194880000000000e+09
-1.163999994742147770e+01 3.555635456000000000e+09
-1.159999994760215891e+01 3.277049856000000000e+09
-1.155999994778284012e+01 2.532414208000000000e+09
-1.151999994796352311e+01 1.589118592000000000e+09
-1.147999994814420432e+01 7.792686080000000000e+08
-1.143999994832488731e+01 2.593824000000000000e+08
-1.139999994850557030e+01 5.931042800000000000e+07
-1.135999994868625151e+01 1.363887520000000000e+08
-1.131999994886693450e+01 3.790023360000000000e+08
-1.127999994904761571e+01 6.575755520000000000e+08
-1.123999994922829870e+01 8.456251520000000000e+08
-1.119999994940898169e+01 9.116890880000000000e+08
-1.115999994958966290e+01 8.949382400000000000e+08
-1.111999994977034589e+01 8.366108160000000000e+08
-1.107999994995102711e+01 7.866711680000000000e+08
-1.103999995013171009e+01 7.991363200000000000e+08
-1.099999995031239131e+01 8.569940480000000000e+08
-1.095999995049307429e+01 9.961043200000000000e+08
-1.091999995067375551e+01 1.209593472000000000e+09
-1.087999995085443850e+01 1.465698944000000000e+09
-1.083999995103512148e+01 1.768126080000000000e+09
-1.079999995121580270e+01 2.047156608000000000e+09
-1.075999995139648568e+01 2.264696576000000000e+09
-1.071999995157716690e+01 2.431806464000000000e+09
-1.067999995175784989e+01 2.476032256000000000e+09
-1.063999995193853110e+01 2.438561280000000000e+09
-1.059999995211921409e+01 2.384638208000000000e+09
-1.055999995229989707e+01 2.299463936000000000e+09
-1.051999995248057829e+01 2.236526592000000000e+09
-1.047999995266126128e+01 2.228195840000000000e+09
-1.043999995284194249e+01 2.280382208000000000e+09
-1.039999995302262548e+01 2.438966272000000000e+09
-1.035999995320330669e+01 2.722746624000000000e+09
-1.031999995338398968e+01 3.165660160000000000e+09
-1.027999995356467089e+01 3.719877632000000000e+09
-1.023999995374535388e+01 4.339920896000000000e+09
-1.019999995392603687e+01 4.720484864000000000e+09
-1.015999995410671808e+01 4.671350784000000000e+09
-1.011999995428740107e+01 4.075528960000000000e+09
-1.007999995446808228e+01 3.229491200000000000e+09
-1.003999995464876527e+01 2.478526208000000000e+09
-9.999999954829448257e+00 1.966895744000000000e+09
-9.959999955010129469e+00 1.615988096000000000e+09
-9.919999955190810681e+00 1.357253760000000000e+09
-9.879999955371493670e+00 1.099716224000000000e+09
-9.839999955552174882e+00 7.584469120000000000e+08
-9.799999955732859647e+00 3.916622720000000000e+08
-9.759999955913540859e+00 1.772345440000000000e+08
-9.719999956094222071e+00 3.372267520000000000e+08
-9.679999956274905060e+00 1.033340416000000000e+09
-9.639999956455586272e+00 2.210587648000000000e+09
-9.599999956636269260e+00 3.613249536000000000e+09
-9.559999956816952249e+00 4.923104768000000000e+09
-9.519999956997633461e+00 5.789073408000000000e+09
-9.479999957178316450e+00 6.080696832000000000e+09
-9.439999957358997662e+00 5.923551744000000000e+09
-9.399999957539680651e+00 5.438711808000000000e+09
-9.359999957720363639e+00 4.688163840000000000e+09
-9.319999957901044851e+00 3.779890176000000000e+09
-9.279999958081726064e+00 2.765083648000000000e+09
-9.239999958262409052e+00 1.757879936000000000e+09
-9.199999958443092041e+00 9.224037120000000000e+08
-9.159999958623775029e+00 3.544137280000000000e+08
-9.119999958804456242e+00 6.556388800000000000e+07
-9.079999958985137454e+00 2.129325200000000000e+07
-9.039999959165818666e+00 1.724601440000000000e+08
-8.999999959346501655e+00 5.430689920000000000e+08
-8.959999959527186419e+00 1.190494976000000000e+09
-8.919999959707867632e+00 2.341347072000000000e+09
-8.879999959888548844e+00 4.508480000000000000e+09
-8.839999960069230056e+00 8.343108096000000000e+09
-8.799999960249913045e+00 1.414158848000000000e+10
-8.759999960430597810e+00 2.051444121600000000e+10
-8.719999960611279022e+00 2.502727680000000000e+10
-8.679999960791960234e+00 2.509818675200000000e+10
-8.639999960972641446e+00 2.103849984000000000e+10
-8.599999961153324435e+00 1.459065651200000000e+10
-8.559999961334007423e+00 8.329891840000000000e+09
-8.519999961514690412e+00 3.811570688000000000e+09
-8.479999961695371624e+00 1.387756672000000000e+09
-8.439999961876052836e+00 5.023416000000000000e+08
-8.399999962056734049e+00 4.892323200000000000e+08
-8.359999962237418814e+00 7.504021120000000000e+08
-8.319999962418101802e+00 8.365631360000000000e+08
-8.279999962598783014e+00 6.301482880000000000e+08
-8.239999962779464227e+00 2.870503360000000000e+08
-8.199999962960145439e+00 8.460324800000000000e+07
-8.159999963140828427e+00 4.111192000000000000e+07
-8.119999963321513192e+00 5.616454400000000000e+07
-8.079999963502194404e+00 1.175417600000000000e+08
-8.039999963682875617e+00 2.706724800000000000e+08
-7.999999963863557717e+00 5.480359040000000000e+08
-7.959999964044240706e+00 9.541377920000000000e+08
-7.919999964224921918e+00 1.403872512000000000e+09
-7.879999964405605795e+00 1.644360064000000000e+09
-7.839999964586287007e+00 2.420110336000000000e+09
-7.799999964766968219e+00 5.208250368000000000e+09
-7.759999964947650319e+00 1.009368576000000000e+10
-7.719999965128333308e+00 1.550250393600000000e+10
-7.679999965309016297e+00 1.960721408000000000e+10
-7.639999965489698397e+00 2.012317081600000000e+10
-7.599999965670379609e+00 1.881176064000000000e+10
-7.559999965851061710e+00 1.788473753600000000e+10
-7.519999966031744698e+00 1.708149452800000000e+10
-7.479999966212426799e+00 1.557282099200000000e+10
-7.439999966393109787e+00 1.307467059200000000e+10
-7.399999966573790999e+00 9.610977280000000000e+09
-7.359999966754473100e+00 5.182758400000000000e+09
-7.319999966935154312e+00 1.851109760000000000e+09
-7.279999967115837300e+00 3.909097984000000000e+09
-7.239999967296521177e+00 1.016846028800000000e+10
-7.199999967477202389e+00 1.574199705600000000e+10
-7.159999967657884490e+00 2.144256000000000000e+10
-7.119999967838565702e+00 3.069916774400000000e+10
-7.079999968019248691e+00 3.972653875200000000e+10
-7.039999968199931679e+00 4.026266828800000000e+10
-6.999999968380612891e+00 2.950666035200000000e+10
-6.959999968561295880e+00 1.827494502400000000e+10
-6.919999968741977980e+00 1.000076492800000000e+10
-6.879999968922660081e+00 5.186182144000000000e+09
-6.839999969103342181e+00 3.019092224000000000e+09
-6.799999969284024282e+00 2.042867200000000000e+09
-6.759999969464706382e+00 1.796345216000000000e+09
-6.719999969645389370e+00 1.830116096000000000e+09
-6.679999969826070583e+00 1.783131648000000000e+09
-6.639999970006753571e+00 1.491348352000000000e+09
-6.599999970187435672e+00 8.325585280000000000e+08
-6.559999970368116884e+00 4.316466880000000000e+08
-6.519999970548799872e+00 4.124200640000000000e+08
-6.479999970729481973e+00 9.316768000000000000e+08
-6.439999970910164961e+00 2.261028352000000000e+09
-6.399999971090846174e+00 3.413027072000000000e+09
-6.359999971271528274e+00 5.231498752000000000e+09
-6.319999971452211263e+00 9.625897984000000000e+09
-6.279999971632893363e+00 1.613711462400000000e+10
-6.239999971813575463e+00 2.355967385600000000e+10
-6.199999971994257564e+00 2.796261785600000000e+10
-6.159999972174939664e+00 2.651380736000000000e+10
-6.119999972355622653e+00 1.797201920000000000e+10
-6.079999972536303865e+00 1.038134374400000000e+10
-6.039999972716985965e+00 5.686738944000000000e+09
-5.999999972897668954e+00 3.782439424000000000e+09
-5.959999973078351054e+00 2.339110144000000000e+09
-5.919999973259033155e+00 2.753232640000000000e+09
-5.879999973439715255e+00 6.565084672000000000e+09
-5.839999973620396467e+00 1.021030502400000000e+10
-5.799999973801080344e+00 1.076070604800000000e+10
-5.759999973981761556e+00 1.510072627200000000e+10
-5.719999974162444545e+00 2.137697280000000000e+10
-5.679999974343126645e+00 2.802661580800000000e+10
-5.639999974523807857e+00 3.603741900800000000e+10
-5.599999974704491734e+00 4.139172249600000000e+10
-5.559999974885172946e+00 3.692308070400000000e+10
-5.519999975065855047e+00 2.718173593600000000e+10
-5.479999975246538035e+00 1.488255385600000000e+10
-5.439999975427219248e+00 7.392071680000000000e+09
-5.399999975607903124e+00 3.836585472000000000e+09
-5.359999975788584337e+00 2.364286976000000000e+09
-5.319999975969265549e+00 2.302777856000000000e+09
-5.279999976149949426e+00 1.618263552000000000e+09
-5.239999976330630638e+00 1.333194880000000000e+09
-5.199999976511312738e+00 1.857212928000000000e+09
-5.159999976691995727e+00 3.040870656000000000e+09
-5.119999976872676939e+00 4.734959104000000000e+09
-5.079999977053359039e+00 4.444296192000000000e+09
-5.039999977234042028e+00 3.856328192000000000e+09
-4.999999977414724128e+00 5.514796032000000000e+09
-4.959999977595407117e+00 5.659005952000000000e+09
-4.919999977776088329e+00 1.244160716800000000e+10
-4.879999977956770429e+00 2.792518860800000000e+10
-4.839999978137453418e+00 4.246885990400000000e+10
-4.799999978318134630e+00 5.719535206400000000e+10
-4.759999978498816731e+00 7.055797452800000000e+10
-4.719999978679499719e+00 7.571940147200000000e+10
-4.679999978860181820e+00 6.087179468800000000e+10
-4.639999979040864808e+00 3.936774553600000000e+10
-4.599999979221546020e+00 2.434753126400000000e+10
-4.559999979402228121e+00 1.985673830400000000e+10
-4.519999979582911109e+00 1.754099302400000000e+10
-4.479999979763593210e+00 1.410063155200000000e+10
-4.439999979944274422e+00 1.046848614400000000e+10
-4.399999980124957411e+00 6.995503104000000000e+09
-4.359999980305639511e+00 4.664125440000000000e+09
-4.319999980486322499e+00 3.030499584000000000e+09
-4.279999980667003712e+00 5.292600832000000000e+09
-4.239999980847685812e+00 9.487164416000000000e+09
-4.199999981028368801e+00 9.700049920000000000e+09
-4.159999981209050901e+00 6.628412928000000000e+09
-4.119999981389732113e+00 5.110075904000000000e+09
-4.079999981570415102e+00 3.258216192000000000e+09
-4.039999981751097202e+00 1.519612160000000000e+08
-3.999999981931778859e+00 1.926876416000000000e+09
-3.959999982112461847e+00 4.256928000000000000e+09
-3.919999982293143503e+00 6.068239360000000000e+09
-3.879999982473826936e+00 1.867723571200000000e+10
-3.839999982654508148e+00 3.607638425600000000e+10
-3.799999982835189805e+00 5.352228044800000000e+10
-3.759999983015873237e+00 7.099873689600000000e+10
-3.719999983196554894e+00 7.897608192000000000e+10
-3.679999983377236550e+00 6.696940339200000000e+10
-3.639999983557919538e+00 4.863678873600000000e+10
-3.599999983738601195e+00 2.367373516800000000e+10
-3.559999983919284627e+00 5.752657920000000000e+09
-3.519999984099966284e+00 5.756430848000000000e+09
-3.479999984280647940e+00 5.637268480000000000e+09
-3.439999984461330929e+00 2.828296192000000000e+09
-3.399999984642012585e+00 1.313287884800000000e+10
-3.359999984822694241e+00 3.647546572800000000e+10
-3.319999985003377230e+00 3.027119923200000000e+10
-3.279999985184058886e+00 1.234041958400000000e+10
-3.239999985364742319e+00 9.443219456000000000e+09
-3.199999985545423975e+00 1.303027097600000000e+10
-3.159999985726105631e+00 4.062920294400000000e+10
-3.119999985906788620e+00 8.486214860800000000e+10
-3.079999986087470276e+00 9.515286528000000000e+10
-3.039999986268151932e+00 7.159606476800000000e+10
-2.999999986448835365e+00 4.688561356800000000e+10
-2.959999986629517021e+00 2.886582886400000000e+10
-2.919999986810200010e+00 2.037050572800000000e+10
-2.879999986990881666e+00 1.454920396800000000e+10
-2.839999987171563323e+00 1.248865792000000000e+10
-2.799999987352246311e+00 1.242175488000000000e+10
-2.759999987532927967e+00 1.436708147200000000e+10
-2.719999987713609624e+00 1.520613478400000000e+10
-2.679999987894293056e+00 1.035868262400000000e+10
-2.639999988074974713e+00 4.549410304000000000e+09
-2.599999988255656369e+00 2.746499328000000000e+09
-2.559999988436339358e+00 7.161591296000000000e+09
-2.519999988617021014e+00 1.378779852800000000e+10
-2.479999988797704447e+00 1.565518643200000000e+10
-2.439999988978386103e+00 1.124513484800000000e+10
-2.399999989159067315e+00 3.340596992000000000e+09
-2.359999989339750748e+00 4.550261248000000000e+09
-2.319999989520432404e+00 1.688087756800000000e+10
-2.279999989701114060e+00 1.308478976000000000e+10
-2.239999989881797049e+00 6.840056320000000000e+09
-2.199999990062478705e+00 1.099185766400000000e+10
-2.159999990243162138e+00 7.193743872000000000e+09
-2.119999990423843794e+00 9.767588864000000000e+09
-2.079999990604525451e+00 1.775418572800000000e+10
-2.039999990785208439e+00 4.308469760000000000e+10
-1.999999990965890095e+00 8.169194291200000000e+10
-1.959999991146571752e+00 1.237518172160000000e+11
-1.919999991327254962e+00 1.179173437440000000e+11
-1.879999991507936619e+00 8.185955942400000000e+10
-1.839999991688619829e+00 4.539243724800000000e+10
-1.799999991869301486e+00 2.293858918400000000e+10
-1.759999992049983142e+00 1.080927744000000000e+10
-1.719999992230666352e+00 9.178523648000000000e+09
-1.679999992411347787e+00 1.625145958400000000e+10
-1.639999992592029443e+00 1.294817075200000000e+10
-1.599999992772712654e+00 2.428160256000000000e+09
-1.559999992953394310e+00 8.757433344000000000e+09
-1.519999993134077521e+00 3.471350579200000000e+10
-1.479999993314759177e+00 5.230014054400000000e+10
-1.439999993495440833e+00 5.333067776000000000e+10
-1.399999993676124044e+00 5.296619110400000000e+10
-1.359999993856805700e+00 5.372776448000000000e+10
-1.319999994037487356e+00 6.473213542400000000e+10
-1.279999994218170567e+00 6.289824972800000000e+10
-1.239999994398852223e+00 4.049848320000000000e+10
-1.199999994579533658e+00 2.214655795200000000e+10
-1.159999994760216868e+00 1.177485414400000000e+10
-1.119999994940898524e+00 6.529118720000000000e+09
-1.079999995121581735e+00 3.821435648000000000e+09
-1.039999995302263391e+00 2.807664384000000000e+09
-9.999999954829450477e-01 1.000420352000000000e+10
-9.599999956636282583e-01 3.103012044800000000e+10
-9.199999958443099146e-01 4.721569382400000000e+10
-8.799999960249915709e-01 2.810634240000000000e+10
-8.399999962056747815e-01 8.863468544000000000e+09
-7.999999963863563268e-01 1.280526464000000000e+09
-7.599999965670395374e-01 1.641975500800000000e+10
-7.199999967477211937e-01 7.139360768000000000e+10
-6.799999969284028500e-01 1.211938897920000000e+11
-6.399999971090860607e-01 1.239393812480000000e+11
-5.999999972897677170e-01 8.269841203200000000e+10
-5.599999974704492622e-01 3.422208409600000000e+10
-5.199999976511324729e-01 9.289278464000000000e+09
-4.799999978318141292e-01 6.493348864000000000e+09
-4.399999980124973398e-01 1.201321984000000000e+10
-3.999999981931789961e-01 1.603700326400000000e+10
-3.599999983738605969e-01 1.141479936000000000e+10
-3.199999985545438075e-01 2.002727116800000000e+10
-2.799999987352254638e-01 4.450317926400000000e+10
-2.399999989159070646e-01 5.000085094400000000e+10
-1.999999990965902752e-01 4.324231168000000000e+10
-1.599999992772719037e-01 4.301875200000000000e+10
-1.199999994579535323e-01 4.144144793600000000e+10
-7.999999963863674290e-02 3.454639718400000000e+10
-3.999999981931837145e-02 3.574981017600000000e+10
-1.577721810442023611e-15 4.375495884800000000e+10
3.999999981931678938e-02 5.041800806400000000e+10
7.999999963863516084e-02 4.528132096000000000e+10
1.199999994579519502e-01 3.211831705600000000e+10
1.599999992772703217e-01 1.772605644800000000e+10
1.999999990965886931e-01 6.216381440000000000e+09
2.399999989159054825e-01 6.161388160000000000e+08
2.799999987352238540e-01 1.064550092800000000e+10
3.199999985545406433e-01 4.750733721600000000e+10
3.599999983738590426e-01 8.856820940800000000e+10
3.999999981931773863e-01 9.031141785600000000e+10
4.399999980124941756e-01 6.551647027200000000e+10
4.799999978318125748e-01 3.598312652800000000e+10
5.199999976511309185e-01 1.640703283200000000e+10
5.599999974704477079e-01 1.132976128000000000e+10
5.999999972897660516e-01 1.993202073600000000e+10
6.399999971090828410e-01 3.242851328000000000e+10
6.799999969284012957e-01 4.127065702400000000e+10
7.199999967477196394e-01 4.492106956800000000e+10
7.599999965670364288e-01 4.240237363200000000e+10
7.999999963863547725e-01 3.936138444800000000e+10
8.399999962056731162e-01 3.720073625600000000e+10
8.799999960249899056e-01 2.834628403200000000e+10
9.199999958443083603e-01 2.089227673600000000e+10
9.599999956636251497e-01 1.373103923200000000e+10
9.999999954829434934e-01 7.642833408000000000e+09
1.039999995302261837e+00 6.856685568000000000e+09
1.079999995121578626e+00 6.592070144000000000e+09
1.119999994940896970e+00 4.677782528000000000e+09
1.159999994760215314e+00 5.075363840000000000e+08
1.199999994579532103e+00 3.448565760000000000e+08
1.239999994398850447e+00 2.347478016000000000e+09
1.279999994218169013e+00 3.932753408000000000e+09
1.319999994037487356e+00 6.788817920000000000e+09
1.359999993856802591e+00 4.786682880000000000e+09
1.399999993676120935e+00 4.930850816000000000e+09
1.439999993495439279e+00 2.433549516800000000e+10
1.479999993314757623e+00 4.019620249600000000e+10
1.519999993134075966e+00 3.481122816000000000e+10
1.559999992953391201e+00 1.927115366400000000e+10
1.599999992772709545e+00 1.627918438400000000e+10
1.639999992592027889e+00 1.494216396800000000e+10
1.679999992411346232e+00 8.747360256000000000e+09
1.719999992230664798e+00 6.577333248000000000e+09
1.759999992049983142e+00 5.148688793600000000e+10
1.799999991869298377e+00 8.313745408000000000e+10
1.839999991688616721e+00 3.891634995200000000e+10
1.879999991507935064e+00 9.807909888000000000e+09
1.919999991327253408e+00 9.088268288000000000e+09
1.959999991146571752e+00 4.097275084800000000e+10
1.999999990965886987e+00 1.197933363200000000e+11
2.039999990785205330e+00 1.380772085760000000e+11
2.079999990604523674e+00 8.061421158400000000e+10
2.119999990423842018e+00 3.864091852800000000e+10
2.159999990243160362e+00 2.483840614400000000e+10
2.199999990062475597e+00 1.720779980800000000e+10
2.239999989881793940e+00 4.320183296000000000e+09
2.279999989701112284e+00 1.041524544000000000e+09
2.319999989520430628e+00 8.629959680000000000e+09
2.359999989339748971e+00 7.472873984000000000e+09
2.399999989159067315e+00 9.639320576000000000e+09
2.439999988978382550e+00 2.489515827200000000e+10
2.479999988797700894e+00 1.272627507200000000e+10
2.519999988617019682e+00 1.426957209600000000e+10
2.559999988436338025e+00 1.171315015680000000e+11
2.599999988255656369e+00 2.335399608320000000e+11
2.639999988074971604e+00 2.242071265280000000e+11
2.679999987894289948e+00 1.427088179200000000e+11
2.719999987713608292e+00 7.303199948800000000e+10
2.759999987532926635e+00 3.633580441600000000e+10
2.799999987352244979e+00 1.716866457600000000e+10
2.839999987171563323e+00 5.398390272000000000e+09
2.879999986990878558e+00 3.490968640000000000e+08
2.919999986810196901e+00 3.715882496000000000e+09
2.959999986629515245e+00 5.204841472000000000e+09
2.999999986448833589e+00 5.342477824000000000e+09
3.039999986268151932e+00 1.052052992000000000e+10
3.079999986087467168e+00 2.498549760000000000e+10
3.119999985906785511e+00 3.241536512000000000e+10
3.159999985726103855e+00 2.781934182400000000e+10
3.199999985545422199e+00 1.555580825600000000e+10
3.239999985364740542e+00 6.239562752000000000e+09
3.279999985184055777e+00 2.774291200000000000e+09
3.319999985003374121e+00 2.677533696000000000e+09
3.359999984822692465e+00 4.459008512000000000e+09
3.399999984642010808e+00 5.184052224000000000e+09
3.439999984461329596e+00 3.600807680000000000e+09
3.479999984280647940e+00 1.064283238400000000e+10
3.519999984099963175e+00 2.471627776000000000e+10
3.559999983919281519e+00 3.156110131200000000e+10
3.599999983738599862e+00 2.693355929600000000e+10
3.639999983557918206e+00 4.227411558400000000e+10
3.679999983377236550e+00 6.871271014400000000e+10
3.719999983196551785e+00 8.737017856000000000e+10
3.759999983015870129e+00 9.312139673600000000e+10
3.799999982835188472e+00 8.072782643200000000e+10
3.839999982654506816e+00 5.257836544000000000e+10
3.879999982473825160e+00 3.075343564800000000e+10
3.919999982293143503e+00 2.440130150400000000e+10
3.959999982112458738e+00 2.705960345600000000e+10
3.999999981931777082e+00 2.479091916800000000e+10
4.039999981751095426e+00 1.689212518400000000e+10
4.079999981570414214e+00 7.779816448000000000e+09
4.119999981389732113e+00 2.877144832000000000e+09
4.159999981209047348e+00 2.027318016000000000e+09
4.199999981028366136e+00 7.162976640000000000e+08
4.239999980847684036e+00 2.610759936000000000e+09
4.279999980667002824e+00 4.570334208000000000e+09
4.319999980486320723e+00 7.342461440000000000e+09
4.359999980305635958e+00 1.434108211200000000e+10
4.399999980124954746e+00 2.398784102400000000e+10
4.439999979944272646e+00 3.333777203200000000e+10
4.479999979763591433e+00 5.686100377600000000e+10
4.519999979582909333e+00 1.031596195840000000e+11
4.559999979402228121e+00 1.180348825600000000e+11
4.599999979221543356e+00 8.760655872000000000e+10
4.639999979040861255e+00 3.961776947200000000e+10
4.679999978860180043e+00 1.546872524800000000e+10
4.719999978679497943e+00 1.247834726400000000e+10
4.759999978498816731e+00 2.042723532800000000e+10
4.799999978318131966e+00 2.949288755200000000e+10
4.839999978137449865e+00 3.727187968000000000e+10
4.879999977956768653e+00 4.485873664000000000e+10
4.919999977776087441e+00 4.350761369600000000e+10
4.959999977595405340e+00 3.879486668800000000e+10
4.999999977414724128e+00 3.280936550400000000e+10
5.039999977234039363e+00 2.893985177600000000e+10
5.079999977053357263e+00 2.805439488000000000e+10
5.119999976872676051e+00 2.254917222400000000e+10
5.159999976691993950e+00 1.410523545600000000e+10
5.199999976511312738e+00 8.175948800000000000e+09
5.239999976330627973e+00 7.456487936000000000e+09
5.279999976149945873e+00 1.203786240000000000e+10
5.319999975969264661e+00 1.510336716800000000e+10
5.359999975788582560e+00 1.563072614400000000e+10
5.399999975607901348e+00 1.436261888000000000e+10
5.439999975427216583e+00 1.699117465600000000e+10
5.479999975246534483e+00 1.576464179200000000e+10
5.519999975065853270e+00 1.172143616000000000e+10
5.559999974885171170e+00 8.764266496000000000e+09
5.599999974704489958e+00 5.936190976000000000e+09
5.639999974523807857e+00 2.638633472000000000e+09
5.679999974343123093e+00 1.571556096000000000e+09
5.719999974162441880e+00 2.299179776000000000e+09
5.759999973981759780e+00 3.122059520000000000e+09
5.799999973801078568e+00 2.698987520000000000e+09
5.839999973620396467e+00 1.725329664000000000e+09
5.879999973439711702e+00 7.941479936000000000e+09
5.919999973259030490e+00 4.112679731200000000e+10
5.959999973078349278e+00 8.739939942400000000e+10
5.999999972897667178e+00 1.044262584320000000e+11
6.039999972716985965e+00 8.678969344000000000e+10
6.079999972536301200e+00 5.283855974400000000e+10
6.119999972355619100e+00 2.437740339200000000e+10
6.159999972174937888e+00 9.286210560000000000e+09
6.199999971994255787e+00 1.181811302400000000e+10
6.239999971813574575e+00 2.674520473600000000e+10
6.279999971632892475e+00 4.233092300800000000e+10
6.319999971452207710e+00 4.849908121600000000e+10
6.359999971271526498e+00 3.789257932800000000e+10
6.399999971090844397e+00 1.942874112000000000e+10
6.439999970910163185e+00 6.744536576000000000e+09
6.479999970729481085e+00 2.268685824000000000e+09
6.519999970548796320e+00 1.467945856000000000e+09
6.559999970368115108e+00 3.219459072000000000e+09
6.599999970187433007e+00 7.330822656000000000e+09
6.639999970006751795e+00 1.209466368000000000e+10
6.679999969826069695e+00 9.690126336000000000e+09
6.719999969645388482e+00 3.878727936000000000e+09
6.759999969464703717e+00 1.143423616000000000e+09
6.799999969284021617e+00 8.912265216000000000e+09
6.839999969103340405e+00 2.467093299200000000e+10
6.879999968922659193e+00 3.658131456000000000e+10
6.919999968741977092e+00 3.754727833600000000e+10
6.959999968561292327e+00 3.042908160000000000e+10
6.999999968380611115e+00 2.347184332800000000e+10
7.039999968199929015e+00 1.610492518400000000e+10
7.079999968019247802e+00 1.113119232000000000e+10
7.119999967838565702e+00 1.076076339200000000e+10
7.159999967657880937e+00 1.678253158400000000e+10
7.199999967477199725e+00 2.648164147200000000e+10
7.239999967296517625e+00 3.786487808000000000e+10
7.279999967115836412e+00 5.272929894400000000e+10
7.319999966935154312e+00 6.853252710400000000e+10
7.359999966754473100e+00 7.231889408000000000e+10
7.399999966573788335e+00 5.459266355200000000e+10
7.439999966393106234e+00 2.806566707200000000e+10
7.479999966212425022e+00 1.107702374400000000e+10
7.519999966031742922e+00 3.778507264000000000e+09
7.559999965851061710e+00 1.045721152000000000e+09
7.599999965670376945e+00 6.212250240000000000e+08
7.639999965489694844e+00 8.530342400000000000e+08
7.679999965309013632e+00 2.181659392000000000e+09
7.719999965128331532e+00 5.413338624000000000e+09
7.759999964947650319e+00 7.971713024000000000e+09
7.799999964766968219e+00 6.788525056000000000e+09
7.839999964586283454e+00 2.426689536000000000e+09
7.879999964405602242e+00 1.997648896000000000e+09
7.919999964224921030e+00 5.811311616000000000e+09
7.959999964044238929e+00 8.425140736000000000e+09
7.999999963863557717e+00 8.890123264000000000e+09
8.039999963682872064e+00 9.405483008000000000e+09
8.079999963502190852e+00 1.174260121600000000e+10
8.119999963321509640e+00 1.580441907200000000e+10
8.159999963140828427e+00 2.145785036800000000e+10
8.199999962960145439e+00 2.489391718400000000e+10
8.239999962779460674e+00 2.306429747200000000e+10
8.279999962598779462e+00 1.687030169600000000e+10
8.319999962418098249e+00 1.082447974400000000e+10
8.359999962237417037e+00 7.221903360000000000e+09
8.399999962056734049e+00 5.883497472000000000e+09
8.439999961876052836e+00 5.574627328000000000e+09
8.479999961695368071e+00 5.936100864000000000e+09
8.519999961514686859e+00 5.762573312000000000e+09
8.559999961334005647e+00 4.772840960000000000e+09
8.599999961153322658e+00 3.798574592000000000e+09
8.639999960972641446e+00 3.991922944000000000e+09
8.679999960791956681e+00 8.024614912000000000e+09
8.719999960611275469e+00 1.547691622400000000e+10
8.759999960430594257e+00 2.487286169600000000e+10
8.799999960249911268e+00 3.252427366400000000e+10
8.839999960069230056e+00 3.301348556800000000e+10
8.879999959888548844e+00 2.659852083200000000e+10
8.919999959707864079e+00 1.879407616000000000e+10
8.959999959527182867e+00 1.341076582400000000e+10
8.999999959346501655e+00 1.090385100800000000e+10
9.039999959165818666e+00 1.039930675200000000e+10
9.079999958985137454e+00 1.081944780800000000e+10
9.119999958804452689e+00 1.131427635200000000e+10
9.159999958623771477e+00 1.120680857600000000e+10
9.199999958443090264e+00 9.943091200000000000e+09
9.239999958262407276e+00 7.911026688000000000e+09
9.279999958081726064e+00 5.959250432000000000e+09
9.319999957901041299e+00 4.917720064000000000e+09
9.359999957720360086e+00 5.073107968000000000e+09
9.399999957539678874e+00 6.329340928000000000e+09
9.439999957358995886e+00 8.243894784000000000e+09
9.479999957178314673e+00 1.013839052800000000e+10
9.519999956997633461e+00 1.139997286400000000e+10
9.559999956816948696e+00 1.149275955200000000e+10
9.599999956636267484e+00 1.041669734400000000e+10
9.639999956455584496e+00 8.367078912000000000e+09
9.679999956274903283e+00 6.050157056000000000e+09
9.719999956094222071e+00 3.934996992000000000e+09
9.759999955913537306e+00 2.316057344000000000e+09
9.799999955732856094e+00 1.279622528000000000e+09
9.839999955552174882e+00 7.510663680000000000e+08
9.879999955371491893e+00 7.022996480000000000e+08
9.919999955190810681e+00 1.082829184000000000e+09
9.959999955010125916e+00 1.928194048000000000e+09
9.999999954829444704e+00 3.166443520000000000e+09
1.003999995464876349e+01 4.732841984000000000e+09
1.007999995446808050e+01 6.355729920000000000e+09
1.011999995428739929e+01 7.789303296000000000e+09
1.015999995410671808e+01 8.988139520000000000e+09
1.019999995392603331e+01 9.643808768000000000e+09
1.023999995374535210e+01 9.971145728000000000e+09
1.027999995356466911e+01 9.907205120000000000e+09
1.031999995338398790e+01 9.335697408000000000e+09
1.035999995320330669e+01 8.667291648000000000e+09
1.039999995302262192e+01 7.852167680000000000e+09
1.043999995284194071e+01 6.982729728000000000e+09
1.047999995266125772e+01 6.140411392000000000e+09
1.051999995248057651e+01 5.232195584000000000e+09
1.055999995229989530e+01 4.340216320000000000e+09
1.059999995211921409e+01 3.438699264000000000e+09
1.063999995193852932e+01 2.626281216000000000e+09
1.067999995175784633e+01 1.932780544000000000e+09
1.071999995157716512e+01 1.354902528000000000e+09
1.075999995139648391e+01 8.878229760000000000e+08
1.079999995121580270e+01 5.374600960000000000e+08
1.083999995103511793e+01 2.907928960000000000e+08
1.087999995085443672e+01 1.376195200000000000e+08
1.091999995067375373e+01 6.820810400000000000e+07
1.095999995049307252e+01 5.025419200000000000e+07
1.099999995031239131e+01 7.731553600000000000e+07
1.103999995013170654e+01 2.391370880000000000e+08
1.107999994995102533e+01 9.006832000000000000e+08
1.111999994977034234e+01 2.778712320000000000e+09
1.115999994958966113e+01 6.621458432000000000e+09
1.119999994940897992e+01 1.229252198400000000e+10
1.123999994922829870e+01 1.871448678400000000e+10
1.127999994904761394e+01 2.329017344000000000e+10
1.131999994886693095e+01 2.360484864000000000e+10
1.135999994868624974e+01 1.949820928000000000e+10
1.139999994850556853e+01 1.333475430400000000e+10
1.143999994832488731e+01 7.984291328000000000e+09
1.147999994814420255e+01 4.546859008000000000e+09
1.151999994796351956e+01 2.800742912000000000e+09
1.155999994778283835e+01 2.315758848000000000e+09
1.159999994760215714e+01 2.582328576000000000e+09
1.163999994742147592e+01 3.245367552000000000e+09
1.167999994724079293e+01 3.938985472000000000e+09
1.171999994706010817e+01 4.353838080000000000e+09
1.175999994687942696e+01 4.412228096000000000e+09
1.179999994669874575e+01 4.123803136000000000e+09
1.183999994651806453e+01 3.663566592000000000e+09
1.187999994633738332e+01 3.192736256000000000e+09
1.191999994615669856e+01 2.728040192000000000e+09
1.195999994597601557e+01 2.374398976000000000e+09
1.199999994579533436e+01 2.150875136000000000e+09
1.203999994561465314e+01 1.998675456000000000e+09
1.207999994543397193e+01 1.966356480000000000e+09
1.211999994525328717e+01 2.032654976000000000e+09
1.215999994507260418e+01 2.192721408000000000e+09
1.219999994489192296e+01 2.483681024000000000e+09
1.223999994471124175e+01 2.881136640000000000e+09
1.227999994453056054e+01 3.423349760000000000e+09
1.231999994434987755e+01 4.124291072000000000e+09
1.235999994416919279e+01 4.964690432000000000e+09
1.239999994398851157e+01 5.884412928000000000e+09
1.243999994380783036e+01 6.741102592000000000e+09
1.247999994362714915e+01 7.269635584000000000e+09
1.251999994344646616e+01 7.177735168000000000e+09
1.255999994326578140e+01 6.286296576000000000e+09
1.259999994308510018e+01 4.812571648000000000e+09
