# x = Time (fs); y = Power (W)
-1.051999995248057829e+01 1.881265152000000000e+09
-1.047999995266126128e+01 2.204575744000000000e+09
-1.043999995284194249e+01 2.717121280000000000e+09
-1.039999995302262548e+01 3.437575424000000000e+09
-1.035999995320330669e+01 4.288852480000000000e+09
-1.031999995338398968e+01 5.150602240000000000e+09
-1.027999995356467089e+01 5.788286464000000000e+09
-1.023999995374535388e+01 5.931272192000000000e+09
-1.019999995392603687e+01 5.570140160000000000e+09
-1.015999995410671808e+01 4.870335488000000000e+09
-1.011999995428740107e+01 4.015211520000000000e+09
-1.007999995446808228e+01 3.178746112000000000e+09
-1.003999995464876527e+01 2.409181440000000000e+09
-9.999999954829448257e+00 1.748057600000000000e+09
-9.959999955010129469e+00 1.206616832000000000e+09
-9.919999955190810681e+00 8.318773120000000000e+08
-9.879999955371493670e+00 6.327395840000000000e+08
-9.839999955552174882e+00 6.603633280000000000e+08
-9.799999955732859647e+00 1.005781952000000000e+09
-9.759999955913540859e+00 1.812146048000000000e+09
-9.719999956094222071e+00 3.125564672000000000e+09
-9.679999956274905060e+00 4.930038272000000000e+09
-9.639999956455586272e+00 6.863663616000000000e+09
-9.599999956636269260e+00 7.778703872000000000e+09
-9.559999956816952249e+00 7.520912896000000000e+09
-9.519999956997633461e+00 6.285382144000000000e+09
-9.479999957178316450e+00 4.546511360000000000e+09
-9.439999957358997662e+00 3.016599808000000000e+09
-9.399999957539680651e+00 2.010442880000000000e+09
-9.359999957720363639e+00 1.412495872000000000e+09
-9.319999957901044851e+00 1.065541056000000000e+09
-9.279999958081726064e+00 9.586242560000000000e+08
-9.239999958262409052e+00 1.357515904000000000e+09
-9.199999958443092041e+00 2.416175872000000000e+09
-9.159999958623775029e+00 3.687617024000000000e+09
-9.119999958804456242e+00 4.665119744000000000e+09
-9.079999958985137454e+00 5.134774272000000000e+09
-9.039999959165818666e+00 5.149275648000000000e+09
-8.999999959346501655e+00 4.740387328000000000e+09
-8.959999959527186419e+00 3.810420992000000000e+09
-8.919999959707867632e+00 2.724172032000000000e+09
-8.879999959888548844e+00 1.816512128000000000e+09
-8.839999960069230056e+00 1.290586880000000000e+09
-8.799999960249913045e+00 1.123718528000000000e+09
-8.759999960430597810e+00 1.160915456000000000e+09
-8.719999960611279022e+00 1.315298176000000000e+09
-8.679999960791960234e+00 1.527871616000000000e+09
-8.639999960972641446e+00 1.676347136000000000e+09
-8.599999961153324435e+00 1.675195776000000000e+09
-8.559999961334007423e+00 1.432026624000000000e+09
-8.519999961514690412e+00 9.992650240000000000e+08
-8.479999961695371624e+00 6.153986560000000000e+08
-8.439999961876052836e+00 3.329130560000000000e+08
-8.399999962056734049e+00 1.662692800000000000e+08
-8.359999962237418814e+00 1.413419680000000000e+08
-8.319999962418101802e+00 2.326611360000000000e+08
-8.279999962598783014e+00 7.247293440000000000e+08
-8.239999962779464227e+00 1.892051072000000000e+09
-8.199999962960145439e+00 3.870028288000000000e+09
-8.159999963140828427e+00 6.668207104000000000e+09
-8.119999963321513192e+00 1.186516070400000000e+10
-8.079999963502194404e+00 2.122268672000000000e+10
-8.039999963682875617e+00 3.045741158400000000e+10
-7.999999963863557717e+00 3.290853785600000000e+10
-7.959999964044240706e+00 2.764253388800000000e+10
-7.919999964224921918e+00 1.923458662400000000e+10
-7.879999964405605795e+00 1.251287961600000000e+10
-7.839999964586287007e+00 7.726115840000000000e+09
-7.799999964766968219e+00 4.572471808000000000e+09
-7.759999964947650319e+00 2.764100864000000000e+09
-7.719999965128333308e+00 1.725601536000000000e+09
-7.679999965309016297e+00 1.081095808000000000e+09
-7.639999965489698397e+00 6.511047040000000000e+08
-7.599999965670379609e+00 4.075316160000000000e+08
-7.559999965851061710e+00 2.829584640000000000e+08
-7.519999966031744698e+00 1.846990080000000000e+08
-7.479999966212426799e+00 1.216032400000000000e+08
-7.439999966393109787e+00 1.883084160000000000e+08
-7.399999966573790999e+00 3.838075840000000000e+08
-7.359999966754473100e+00 4.144742720000000000e+08
-7.319999966935154312e+00 6.182720640000000000e+08
-7.279999967115837300e+00 1.833701888000000000e+09
-7.239999967296521177e+00 4.460102144000000000e+09
-7.199999967477202389e+00 7.464488960000000000e+09
-7.159999967657884490e+00 9.171125248000000000e+09
-7.119999967838565702e+00 9.740712960000000000e+09
-7.079999968019248691e+00 1.171751628800000000e+10
-7.039999968199931679e+00 1.568412979200000000e+10
-6.999999968380612891e+00 1.990385459200000000e+10
-6.959999968561295880e+00 2.194225152000000000e+10
-6.919999968741977980e+00 2.203186176000000000e+10
-6.879999968922660081e+00 2.151401062400000000e+10
-6.839999969103342181e+00 2.115026534400000000e+10
-6.799999969284024282e+00 1.920496435200000000e+10
-6.759999969464706382e+00 1.367234048000000000e+10
-6.719999969645389370e+00 9.067439104000000000e+09
-6.679999969826070583e+00 5.520945152000000000e+09
-6.639999970006753571e+00 3.631030528000000000e+09
-6.599999970187435672e+00 2.583132160000000000e+09
-6.559999970368116884e+00 1.311047552000000000e+09
-6.519999970548799872e+00 6.935606400000000000e+08
-6.479999970729481973e+00 2.026752000000000000e+09
-6.439999970910164961e+00 5.789435904000000000e+09
-6.399999971090846174e+00 9.450880000000000000e+09
-6.359999971271528274e+00 1.116199526400000000e+10
-6.319999971452211263e+00 9.948131328000000000e+09
-6.279999971632893363e+00 7.800615936000000000e+09
-6.239999971813575463e+00 5.511393792000000000e+09
-6.199999971994257564e+00 4.355835904000000000e+09
-6.159999972174939664e+00 4.532842496000000000e+09
-6.119999972355622653e+00 6.707997184000000000e+09
-6.079999972536303865e+00 9.401781248000000000e+09
-6.039999972716985965e+00 1.046792396800000000e+10
-5.999999972897668954e+00 6.577428480000000000e+09
-5.959999973078351054e+00 1.326489216000000000e+09
-5.919999973259033155e+00 2.783702016000000000e+09
-5.879999973439715255e+00 1.265334886400000000e+10
-5.839999973620396467e+00 2.694754099200000000e+10
-5.799999973801080344e+00 4.874457907200000000e+10
-5.759999973981761556e+00 7.594643456000000000e+10
-5.719999974162444545e+00 9.038192640000000000e+10
-5.679999974343126645e+00 7.383728128000000000e+10
-5.639999974523807857e+00 4.155307212800000000e+10
-5.599999974704491734e+00 1.471381299200000000e+10
-5.559999974885172946e+00 2.495201536000000000e+09
-5.519999975065855047e+00 8.625357440000000000e+08
-5.479999975246538035e+00 2.189327104000000000e+09
-5.439999975427219248e+00 1.805634432000000000e+09
-5.399999975607903124e+00 6.103267840000000000e+08
-5.359999975788584337e+00 4.036521280000000000e+08
-5.319999975969265549e+00 1.460596864000000000e+09
-5.279999976149949426e+00 4.339398656000000000e+09
-5.239999976330630638e+00 6.715316736000000000e+09
-5.199999976511312738e+00 7.527989760000000000e+09
-5.159999976691995727e+00 9.603491840000000000e+09
-5.119999976872676939e+00 1.619229286400000000e+10
-5.079999977053359039e+00 2.161177804800000000e+10
-5.039999977234042028e+00 2.026732748800000000e+10
-4.999999977414724128e+00 1.356749619200000000e+10
-4.959999977595407117e+00 7.081501184000000000e+09
-4.919999977776088329e+00 3.079422208000000000e+09
-4.879999977956770429e+00 1.317281152000000000e+09
-4.839999978137453418e+00 8.043608320000000000e+08
-4.799999978318134630e+00 3.417788160000000000e+09
-4.759999978498816731e+00 1.104787558400000000e+10
-4.719999978679499719e+00 2.037236531200000000e+10
-4.679999978860181820e+00 2.611224166400000000e+10
-4.639999979040864808e+00 2.546183168000000000e+10
-4.599999979221546020e+00 1.997271859200000000e+10
-4.559999979402228121e+00 1.404391628800000000e+10
-4.519999979582911109e+00 9.990816768000000000e+09
-4.479999979763593210e+00 8.286120960000000000e+09
-4.439999979944274422e+00 5.436920832000000000e+09
-4.399999980124957411e+00 2.330159360000000000e+09
-4.359999980305639511e+00 2.408825120000000000e+08
-4.319999980486322499e+00 8.462966400000000000e+08
-4.279999980667003712e+00 3.291624960000000000e+09
-4.239999980847685812e+00 7.982753792000000000e+09
-4.199999981028368801e+00 1.475356774400000000e+10
-4.159999981209050901e+00 2.173871718400000000e+10
-4.119999981389732113e+00 2.472073216000000000e+10
-4.079999981570415102e+00 2.830925209600000000e+10
-4.039999981751097202e+00 2.998910771200000000e+10
-3.999999981931778859e+00 2.802899148800000000e+10
-3.959999982112461847e+00 2.341201920000000000e+10
-3.919999982293143503e+00 1.737647308800000000e+10
-3.879999982473826936e+00 1.604445900800000000e+10
-3.839999982654508148e+00 1.437544448000000000e+10
-3.799999982835189805e+00 7.762677760000000000e+09
-3.759999983015873237e+00 5.833726976000000000e+09
-3.719999983196554894e+00 4.447086080000000000e+09
-3.679999983377236550e+00 2.487690752000000000e+09
-3.639999983557919538e+00 1.881915801600000000e+10
-3.599999983738601195e+00 5.591659724800000000e+10
-3.559999983919284627e+00 7.728849715200000000e+10
-3.519999984099966284e+00 6.129182720000000000e+10
-3.479999984280647940e+00 4.538876313600000000e+10
-3.439999984461330929e+00 3.431482777600000000e+10
-3.399999984642012585e+00 2.822033408000000000e+10
-3.359999984822694241e+00 1.607710412800000000e+10
-3.319999985003377230e+00 1.840907008000000000e+09
-3.279999985184058886e+00 6.324600832000000000e+09
-3.239999985364742319e+00 2.992244940800000000e+10
-3.199999985545423975e+00 4.960294092800000000e+10
-3.159999985726105631e+00 4.565049753600000000e+10
-3.119999985906788620e+00 3.231229542400000000e+10
-3.079999986087470276e+00 1.881374310400000000e+10
-3.039999986268151932e+00 7.757668864000000000e+09
-2.999999986448835365e+00 3.351750656000000000e+09
-2.959999986629517021e+00 1.141240729600000000e+10
-2.919999986810200010e+00 1.827980492800000000e+10
-2.879999986990881666e+00 1.688104038400000000e+10
-2.839999987171563323e+00 1.732673740800000000e+10
-2.799999987352246311e+00 3.079298662400000000e+10
-2.759999987532927967e+00 5.530202521600000000e+10
-2.719999987713609624e+00 6.990655488000000000e+10
-2.679999987894293056e+00 7.237611520000000000e+10
-2.639999988074974713e+00 5.774197964800000000e+10
-2.599999988255656369e+00 2.996649779200000000e+10
-2.559999988436339358e+00 8.914552832000000000e+09
-2.519999988617021014e+00 6.973725696000000000e+09
-2.479999988797704447e+00 1.655102566400000000e+10
-2.439999988978386103e+00 2.246611968000000000e+10
-2.399999989159067315e+00 1.778413158400000000e+10
-2.359999989339750748e+00 1.217613312000000000e+10
-2.319999989520432404e+00 1.354613248000000000e+10
-2.279999989701114060e+00 1.694652518400000000e+10
-2.239999989881797049e+00 2.214470246400000000e+10
-2.199999990062478705e+00 2.834475827200000000e+10
-2.159999990243162138e+00 2.997959884800000000e+10
-2.119999990423843794e+00 2.509643571200000000e+10
-2.079999990604525451e+00 1.777427251200000000e+10
-2.039999990785208439e+00 1.718132531200000000e+10
-1.999999990965890095e+00 2.231051059200000000e+10
-1.959999991146571752e+00 2.779402854400000000e+10
-1.919999991327254962e+00 2.159730278400000000e+10
-1.879999991507936619e+00 1.058670080000000000e+10
-1.839999991688619829e+00 8.652216320000000000e+09
-1.799999991869301486e+00 1.178046464000000000e+10
-1.759999992049983142e+00 1.710408499200000000e+10
-1.719999992230666352e+00 2.371303219200000000e+10
-1.679999992411347787e+00 3.135793152000000000e+10
-1.639999992592029443e+00 4.797576806400000000e+10
-1.599999992772712654e+00 6.797437747200000000e+10
-1.559999992953394310e+00 7.271167590400000000e+10
-1.519999993134077521e+00 5.612715212800000000e+10
-1.479999993314759177e+00 3.349249638400000000e+10
-1.439999993495440833e+00 2.523840512000000000e+10
-1.399999993676124044e+00 2.982762700800000000e+10
-1.359999993856805700e+00 4.245107097600000000e+10
-1.319999994037487356e+00 4.976957030400000000e+10
-1.279999994218170567e+00 5.373935206400000000e+10
-1.239999994398852223e+00 6.727892172800000000e+10
-1.199999994579533658e+00 8.151184179200000000e+10
-1.159999994760216868e+00 6.097774592000000000e+10
-1.119999994940898524e+00 2.627033497600000000e+10
-1.079999995121581735e+00 1.039700480000000000e+10
-1.039999995302263391e+00 6.799764480000000000e+09
-9.999999954829450477e-01 1.370808217600000000e+10
-9.599999956636282583e-01 2.147185459200000000e+10
-9.199999958443099146e-01 1.904386048000000000e+10
-8.799999960249915709e-01 7.454937088000000000e+09
-8.399999962056747815e-01 3.353137152000000000e+09
-7.999999963863563268e-01 1.382513152000000000e+10
-7.599999965670395374e-01 1.755790950400000000e+10
-7.199999967477211937e-01 7.688813056000000000e+09
-6.799999969284028500e-01 4.550267904000000000e+09
-6.399999971090860607e-01 8.481628672000000000e+09
-5.999999972897677170e-01 2.016161996800000000e+10
-5.599999974704492622e-01 4.169029222400000000e+10
-5.199999976511324729e-01 4.896121651200000000e+10
-4.799999978318141292e-01 1.768292761600000000e+10
-4.399999980124973398e-01 4.024343808000000000e+09
-3.999999981931789961e-01 4.730522828800000000e+10
-3.599999983738605969e-01 8.463054438400000000e+10
-3.199999985545438075e-01 8.000436633600000000e+10
-2.799999987352254638e-01 5.575806566400000000e+10
-2.399999989159070646e-01 3.960854118400000000e+10
-1.999999990965902752e-01 2.863381708800000000e+10
-1.599999992772719037e-01 2.054441779200000000e+10
-1.199999994579535323e-01 1.003270553600000000e+10
-7.999999963863674290e-02 2.451036800000000000e+08
-3.999999981931837145e-02 1.060216115200000000e+10
-1.577721810442023611e-15 3.599473459200000000e+10
3.999999981931678938e-02 5.784949555200000000e+10
7.999999963863516084e-02 5.533403545600000000e+10
1.199999994579519502e-01 3.188643840000000000e+10
1.599999992772703217e-01 1.133927731200000000e+10
1.999999990965886931e-01 2.689280512000000000e+09
2.399999989159054825e-01 5.901225472000000000e+09
2.799999987352238540e-01 7.410739712000000000e+09
3.199999985545406433e-01 3.112966144000000000e+09
3.599999983738590426e-01 9.576060928000000000e+09
3.999999981931773863e-01 1.531333120000000000e+10
4.399999980124941756e-01 1.342690304000000000e+10
4.799999978318125748e-01 1.967039897600000000e+10
5.199999976511309185e-01 3.725244825600000000e+10
5.599999974704477079e-01 6.305467187200000000e+10
5.999999972897660516e-01 1.024943308800000000e+11
6.399999971090828410e-01 1.386424238080000000e+11
6.799999969284012957e-01 1.597553704960000000e+11
7.199999967477196394e-01 1.267036323840000000e+11
7.599999965670364288e-01 6.264057446400000000e+10
7.999999963863547725e-01 1.914044620800000000e+10
8.399999962056731162e-01 4.021737472000000000e+09
8.799999960249899056e-01 2.431349504000000000e+09
9.199999958443083603e-01 9.552499840000000000e+08
9.599999956636251497e-01 1.663606656000000000e+09
9.999999954829434934e-01 4.544646656000000000e+09
1.039999995302261837e+00 1.549449420800000000e+10
1.079999995121578626e+00 3.965290496000000000e+10
1.119999994940896970e+00 6.778114048000000000e+10
1.159999994760215314e+00 6.733582745600000000e+10
1.199999994579532103e+00 4.116645068800000000e+10
1.239999994398850447e+00 1.813843558400000000e+10
1.279999994218169013e+00 5.630985216000000000e+09
1.319999994037487356e+00 9.532332160000000000e+08
1.359999993856802591e+00 3.472143360000000000e+09
1.399999993676120935e+00 7.947927552000000000e+09
1.439999993495439279e+00 1.351743488000000000e+10
1.479999993314757623e+00 1.676820992000000000e+10
1.519999993134075966e+00 2.312474828800000000e+10
1.559999992953391201e+00 2.801397145600000000e+10
1.599999992772709545e+00 2.639395840000000000e+10
1.639999992592027889e+00 2.548155801600000000e+10
1.679999992411346232e+00 1.862352076800000000e+10
1.719999992230664798e+00 1.440852275200000000e+10
1.759999992049983142e+00 1.096512409600000000e+10
1.799999991869298377e+00 9.247834112000000000e+09
1.839999991688616721e+00 9.299914752000000000e+09
1.879999991507935064e+00 2.901739264000000000e+09
1.919999991327253408e+00 1.768785408000000000e+09
1.959999991146571752e+00 1.090686668800000000e+10
1.999999990965886987e+00 1.714955161600000000e+10
2.039999990785205330e+00 6.174950400000000000e+09
2.079999990604523674e+00 3.439235481600000000e+10
2.119999990423842018e+00 1.135243509760000000e+11
2.159999990243160362e+00 1.515649105920000000e+11
2.199999990062475597e+00 1.260524175360000000e+11
2.239999989881793940e+00 7.823234662400000000e+10
2.279999989701112284e+00 4.843817369600000000e+10
2.319999989520430628e+00 3.533089177600000000e+10
2.359999989339748971e+00 3.853479526400000000e+10
2.399999989159067315e+00 3.274445209600000000e+10
2.439999988978382550e+00 1.791153561600000000e+10
2.479999988797700894e+00 7.817787904000000000e+09
2.519999988617019682e+00 4.056441600000000000e+09
2.559999988436338025e+00 8.881400832000000000e+09
2.599999988255656369e+00 2.504241766400000000e+10
2.639999988074971604e+00 4.131900211200000000e+10
2.679999987894289948e+00 4.271393587200000000e+10
2.719999987713608292e+00 3.308809420800000000e+10
2.759999987532926635e+00 4.463488614400000000e+10
2.799999987352244979e+00 6.221617971200000000e+10
2.839999987171563323e+00 4.036693606400000000e+10
2.879999986990878558e+00 2.885483776000000000e+09
2.919999986810196901e+00 5.344272384000000000e+09
2.959999986629515245e+00 1.454417305600000000e+10
2.999999986448833589e+00 2.051834880000000000e+10
3.039999986268151932e+00 3.204764672000000000e+10
3.079999986087467168e+00 2.695304601600000000e+10
3.119999985906785511e+00 1.897817497600000000e+10
3.159999985726103855e+00 2.550771712000000000e+10
3.199999985545422199e+00 3.259712307200000000e+10
3.239999985364740542e+00 2.126007296000000000e+10
3.279999985184055777e+00 9.136694272000000000e+09
3.319999985003374121e+00 2.083775283200000000e+10
3.359999984822692465e+00 5.852928409600000000e+10
3.399999984642010808e+00 9.611739955200000000e+10
3.439999984461329596e+00 1.047492444160000000e+11
3.479999984280647940e+00 7.930673561600000000e+10
3.519999984099963175e+00 5.313572044800000000e+10
3.559999983919281519e+00 3.341643161600000000e+10
3.599999983738599862e+00 1.829613772800000000e+10
3.639999983557918206e+00 9.655498752000000000e+09
3.679999983377236550e+00 6.231345152000000000e+09
3.719999983196551785e+00 9.577780224000000000e+09
3.759999983015870129e+00 1.332730982400000000e+10
3.799999982835188472e+00 1.018093158400000000e+10
3.839999982654506816e+00 2.857827840000000000e+09
3.879999982473825160e+00 7.924804480000000000e+08
3.919999982293143503e+00 2.920145920000000000e+09
3.959999982112458738e+00 1.005815705600000000e+10
3.999999981931777082e+00 2.119356416000000000e+10
4.039999981751095426e+00 4.073698099200000000e+10
4.079999981570414214e+00 1.022356930560000000e+11
4.119999981389732113e+00 1.735807795200000000e+11
4.159999981209047348e+00 1.843611402240000000e+11
4.199999981028366136e+00 1.269472378880000000e+11
4.239999980847684036e+00 5.272437555200000000e+10
4.279999980667002824e+00 1.440775884800000000e+10
4.319999980486320723e+00 4.546302464000000000e+09
4.359999980305635958e+00 5.563848704000000000e+09
4.399999980124954746e+00 7.101739008000000000e+09
4.439999979944272646e+00 4.601219072000000000e+09
4.479999979763591433e+00 2.992692480000000000e+09
4.519999979582909333e+00 2.587587840000000000e+09
4.559999979402228121e+00 4.779027968000000000e+09
4.599999979221543356e+00 8.579335680000000000e+09
4.639999979040861255e+00 1.221194649600000000e+10
4.679999978860180043e+00 1.324959436800000000e+10
4.719999978679497943e+00 1.067864166400000000e+10
4.759999978498816731e+00 1.039543910400000000e+10
4.799999978318131966e+00 1.622223360000000000e+10
4.839999978137449865e+00 1.281293107200000000e+10
4.879999977956768653e+00 7.122247168000000000e+09
4.919999977776087441e+00 1.654633369600000000e+10
4.959999977595405340e+00 4.693649408000000000e+09
4.999999977414724128e+00 2.872877824000000000e+09
5.039999977234039363e+00 1.254597734400000000e+10
5.079999977053357263e+00 2.521319833600000000e+10
5.119999976872676051e+00 4.065229619200000000e+10
5.159999976691993950e+00 2.898992332800000000e+10
5.199999976511312738e+00 6.172365209600000000e+10
5.239999976330627973e+00 1.241844531200000000e+11
5.279999976149945873e+00 1.589029928960000000e+11
5.319999975969264661e+00 1.314930524160000000e+11
5.359999975788582560e+00 7.107552051200000000e+10
5.399999975607901348e+00 3.449876070400000000e+10
5.439999975427216583e+00 2.431768371200000000e+10
5.479999975246534483e+00 2.089216614400000000e+10
5.519999975065853270e+00 1.953471488000000000e+10
5.559999974885171170e+00 1.401180364800000000e+10
5.599999974704489958e+00 8.417421312000000000e+09
5.639999974523807857e+00 4.398840832000000000e+09
5.679999974343123093e+00 1.713317632000000000e+09
5.719999974162441880e+00 1.066797504000000000e+09
5.759999973981759780e+00 1.086693632000000000e+09
5.799999973801078568e+00 5.719113600000000000e+08
5.839999973620396467e+00 2.372483520000000000e+08
5.879999973439711702e+00 1.777727600000000000e+07
5.919999973259030490e+00 6.970350720000000000e+08
5.959999973078349278e+00 4.384458752000000000e+09
5.999999972897667178e+00 7.981713408000000000e+09
6.039999972716985965e+00 5.196660224000000000e+09
6.079999972536301200e+00 7.343969280000000000e+09
6.119999972355619100e+00 9.830440960000000000e+09
6.159999972174937888e+00 1.844624588800000000e+10
6.199999971994255787e+00 4.010561126400000000e+10
6.239999971813574575e+00 6.296973312000000000e+10
6.279999971632892475e+00 8.354235187200000000e+10
6.319999971452207710e+00 9.916923904000000000e+10
6.359999971271526498e+00 8.425828352000000000e+10
6.399999971090844397e+00 4.997029888000000000e+10
6.439999970910163185e+00 3.254174924800000000e+10
6.479999970729481085e+00 2.894716108800000000e+10
6.519999970548796320e+00 2.847584870400000000e+10
6.559999970368115108e+00 2.655706726400000000e+10
6.599999970187433007e+00 2.307655270400000000e+10
6.639999970006751795e+00 1.875871744000000000e+10
6.679999969826069695e+00 1.333462732800000000e+10
6.719999969645388482e+00 8.080761856000000000e+09
6.759999969464703717e+00 6.289045504000000000e+09
6.799999969284021617e+00 8.212572160000000000e+09
6.839999969103340405e+00 1.127687475200000000e+10
6.879999968922659193e+00 1.359016652800000000e+10
6.919999968741977092e+00 1.280631705600000000e+10
6.959999968561292327e+00 9.489409024000000000e+09
6.999999968380611115e+00 8.151841792000000000e+09
7.039999968199929015e+00 8.065575936000000000e+09
7.079999968019247802e+00 8.418330624000000000e+09
7.119999967838565702e+00 5.548024832000000000e+09
7.159999967657880937e+00 1.208314624000000000e+09
7.199999967477199725e+00 5.248376960000000000e+08
7.239999967296517625e+00 3.950138368000000000e+09
7.279999967115836412e+00 9.920143360000000000e+09
7.319999966935154312e+00 1.623914393600000000e+10
7.359999966754473100e+00 2.068869939200000000e+10
7.399999966573788335e+00 2.255218073600000000e+10
7.439999966393106234e+00 2.237226803200000000e+10
7.479999966212425022e+00 1.786206617600000000e+10
7.519999966031742922e+00 9.870410752000000000e+09
7.559999965851061710e+00 5.015152640000000000e+09
7.599999965670376945e+00 7.446829568000000000e+09
7.639999965489694844e+00 1.650460876800000000e+10
7.679999965309013632e+00 2.447980339200000000e+10
7.719999965128331532e+00 1.628945408000000000e+10
7.759999964947650319e+00 9.519769600000000000e+09
7.799999964766968219e+00 2.008742912000000000e+10
7.839999964586283454e+00 4.054736486400000000e+10
7.879999964405602242e+00 6.000666214400000000e+10
7.919999964224921030e+00 6.554778828800000000e+10
7.959999964044238929e+00 5.740793856000000000e+10
7.999999963863557717e+00 4.246766796800000000e+10
8.039999963682872064e+00 2.777109094400000000e+10
8.079999963502190852e+00 1.556001075200000000e+10
8.119999963321509640e+00 7.981134848000000000e+09
8.159999963140828427e+00 4.141069056000000000e+09
8.199999962960145439e+00 2.138903168000000000e+09
8.239999962779460674e+00 7.674867840000000000e+08
8.279999962598779462e+00 4.445228800000000000e+07
8.319999962418098249e+00 4.018316480000000000e+08
8.359999962237417037e+00 1.971678208000000000e+09
8.399999962056734049e+00 4.308753408000000000e+09
8.439999961876052836e+00 6.543186944000000000e+09
8.479999961695368071e+00 8.125854720000000000e+09
8.519999961514686859e+00 9.183516672000000000e+09
8.559999961334005647e+00 9.886571520000000000e+09
8.599999961153322658e+00 1.046656409600000000e+10
8.639999960972641446e+00 1.026236211200000000e+10
8.679999960791956681e+00 9.458665472000000000e+09
8.719999960611275469e+00 8.590155776000000000e+09
8.759999960430594257e+00 8.170178048000000000e+09
8.799999960249911268e+00 8.453298688000000000e+09
8.839999960069230056e+00 8.948495360000000000e+09
8.879999959888548844e+00 9.294731264000000000e+09
8.919999959707864079e+00 9.858675712000000000e+09
8.959999959527182867e+00 1.064306585600000000e+10
8.999999959346501655e+00 1.052686028800000000e+10
9.039999959165818666e+00 7.536289792000000000e+09
9.079999958985137454e+00 3.412610304000000000e+09
9.119999958804452689e+00 1.853416576000000000e+09
9.159999958623771477e+00 2.999155712000000000e+09
9.199999958443090264e+00 4.746978304000000000e+09
9.239999958262407276e+00 8.289617408000000000e+09
9.279999958081726064e+00 1.461289062400000000e+10
9.319999957901041299e+00 2.267289395200000000e+10
9.359999957720360086e+00 3.018194534400000000e+10
9.399999957539678874e+00 3.356482560000000000e+10
9.439999957358995886e+00 2.952721612800000000e+10
9.479999957178314673e+00 2.080273817600000000e+10
9.519999956997633461e+00 1.210207027200000000e+10
9.559999956816948696e+00 5.701889536000000000e+09
9.599999956636267484e+00 2.302768896000000000e+09
9.639999956455584496e+00 8.599655680000000000e+08
9.679999956274903283e+00 4.885610880000000000e+08
9.719999956094222071e+00 7.882324480000000000e+08
9.759999955913537306e+00 1.459183232000000000e+09
9.799999955732856094e+00 2.265519104000000000e+09
9.839999955552174882e+00 2.982503936000000000e+09
9.879999955371491893e+00 3.403709696000000000e+09
9.919999955190810681e+00 3.437972736000000000e+09
9.959999955010125916e+00 3.172897536000000000e+09
9.999999954829444704e+00 2.585574656000000000e+09
1.003999995464876349e+01 2.008878848000000000e+09
1.007999995446808050e+01 1.658084480000000000e+09
1.011999995428739929e+01 1.917427328000000000e+09
1.015999995410671808e+01 2.762387968000000000e+09
1.019999995392603331e+01 4.094575616000000000e+09
1.023999995374535210e+01 6.476240896000000000e+09
1.027999995356466911e+01 1.186681548800000000e+10
1.031999995338398790e+01 2.206048460800000000e+10
1.035999995320330669e+01 3.413938995200000000e+10
1.039999995302262192e+01 3.905216512000000000e+10
1.043999995284194071e+01 3.281352294400000000e+10
1.047999995266125772e+01 2.150584934400000000e+10
1.051999995248057651e+01 1.199913676800000000e+10
1.055999995229989530e+01 6.062025216000000000e+09
1.059999995211921409e+01 2.851751168000000000e+09
1.063999995193852932e+01 1.202743040000000000e+09
1.067999995175784633e+01 4.476443200000000000e+08
1.071999995157716512e+01 1.610080160000000000e+08
1.075999995139648391e+01 1.180191840000000000e+08
1.079999995121580270e+01 1.983867200000000000e+08
1.083999995103511793e+01 3.117036800000000000e+08
1.087999995085443672e+01 4.412718720000000000e+08
1.091999995067375373e+01 5.269947200000000000e+08
1.095999995049307252e+01 5.542433280000000000e+08
1.099999995031239131e+01 5.650649600000000000e+08
1.103999995013170654e+01 5.487038080000000000e+08
1.107999994995102533e+01 5.567122560000000000e+08
1.111999994977034234e+01 6.324379520000000000e+08
1.115999994958966113e+01 8.027801600000000000e+08
1.119999994940897992e+01 1.169040896000000000e+09
1.123999994922829870e+01 1.830956928000000000e+09
1.127999994904761394e+01 2.956741120000000000e+09
1.131999994886693095e+01 4.762338304000000000e+09
1.135999994868624974e+01 7.328525824000000000e+09
1.139999994850556853e+01 1.059493683200000000e+10
1.143999994832488731e+01 1.402121420800000000e+10
1.147999994814420255e+01 1.622431129600000000e+10
1.151999994796351956e+01 1.581714636800000000e+10
1.155999994778283835e+01 1.267062579200000000e+10
1.159999994760215714e+01 8.390806016000000000e+09
1.163999994742147592e+01 4.765908480000000000e+09
1.167999994724079293e+01 2.367974400000000000e+09
1.171999994706010817e+01 1.062818816000000000e+09
1.175999994687942696e+01 5.960188800000000000e+08
1.179999994669874575e+01 6.949652480000000000e+08
1.183999994651806453e+01 1.155955072000000000e+09
1.187999994633738332e+01 1.810108032000000000e+09
1.191999994615669856e+01 2.560146944000000000e+09
1.195999994597601557e+01 3.257706496000000000e+09
1.199999994579533436e+01 3.757867776000000000e+09
1.203999994561465314e+01 3.976921600000000000e+09
1.207999994543397193e+01 3.890570240000000000e+09
1.211999994525328717e+01 3.524925696000000000e+09
1.215999994507260418e+01 3.019353856000000000e+09
1.219999994489192296e+01 2.500550144000000000e+09
1.223999994471124175e+01 2.028619648000000000e+09
1.227999994453056054e+01 1.654949248000000000e+09
1.231999994434987755e+01 1.421354624000000000e+09
1.235999994416919279e+01 1.317448832000000000e+09
1.239999994398851157e+01 1.312114560000000000e+09
1.243999994380783036e+01 1.418800512000000000e+09
1.247999994362714915e+01 1.618584064000000000e+09
1.251999994344646616e+01 1.899668096000000000e+09
1.255999994326578140e+01 2.245204992000000000e+09
1.259999994308510018e+01 2.611986176000000000e+09
1.263999994290441897e+01 2.951115008000000000e+09
1.267999994272373776e+01 3.181132288000000000e+09
1.271999994254305477e+01 3.189437440000000000e+09
1.275999994236237356e+01 2.946808832000000000e+09
1.279999994218168879e+01 2.464873472000000000e+09
