# x = Time (fs); y = Power (W)
-1.167999994724079293e+01 1.573795456000000000e+09
-1.163999994742147770e+01 1.713767680000000000e+09
-1.159999994760215891e+01 1.817291392000000000e+09
-1.155999994778284012e+01 1.874031232000000000e+09
-1.151999994796352311e+01 1.924641536000000000e+09
-1.147999994814420432e+01 1.932205056000000000e+09
-1.143999994832488731e+01 1.907112320000000000e+09
-1.139999994850557030e+01 1.901608832000000000e+09
-1.135999994868625151e+01 1.869340672000000000e+09
-1.131999994886693450e+01 1.810704768000000000e+09
-1.127999994904761571e+01 1.768672640000000000e+09
-1.123999994922829870e+01 1.683654656000000000e+09
-1.119999994940898169e+01 1.572901760000000000e+09
-1.115999994958966290e+01 1.449118976000000000e+09
-1.111999994977034589e+01 1.309648256000000000e+09
-1.107999994995102711e+01 1.180660480000000000e+09
-1.103999995013171009e+01 1.111810944000000000e+09
-1.099999995031239131e+01 1.130275712000000000e+09
-1.095999995049307429e+01 1.205675392000000000e+09
-1.091999995067375551e+01 1.281981696000000000e+09
-1.087999995085443850e+01 1.273743488000000000e+09
-1.083999995103512148e+01 1.135173120000000000e+09
-1.079999995121580270e+01 9.281822720000000000e+08
-1.075999995139648568e+01 7.291829120000000000e+08
-1.071999995157716690e+01 5.621687680000000000e+08
-1.067999995175784989e+01 4.279354560000000000e+08
-1.063999995193853110e+01 3.210840000000000000e+08
-1.059999995211921409e+01 2.451520320000000000e+08
-1.055999995229989707e+01 1.890697600000000000e+08
-1.051999995248057829e+01 1.541563360000000000e+08
-1.047999995266126128e+01 1.459477280000000000e+08
-1.043999995284194249e+01 1.642676800000000000e+08
-1.039999995302262548e+01 2.145177920000000000e+08
-1.035999995320330669e+01 2.922232640000000000e+08
-1.031999995338398968e+01 4.142517440000000000e+08
-1.027999995356467089e+01 5.995166080000000000e+08
-1.023999995374535388e+01 8.449386880000000000e+08
-1.019999995392603687e+01 1.192950144000000000e+09
-1.015999995410671808e+01 1.710790528000000000e+09
-1.011999995428740107e+01 2.491490304000000000e+09
-1.007999995446808228e+01 3.836771072000000000e+09
-1.003999995464876527e+01 6.123571712000000000e+09
-9.999999954829448257e+00 9.386537984000000000e+09
-9.959999955010129469e+00 1.305865011200000000e+10
-9.919999955190810681e+00 1.594919833600000000e+10
-9.879999955371493670e+00 1.675417497600000000e+10
-9.839999955552174882e+00 1.527700684800000000e+10
-9.799999955732859647e+00 1.216978227200000000e+10
-9.759999955913540859e+00 8.431605760000000000e+09
-9.719999956094222071e+00 5.407721984000000000e+09
-9.679999956274905060e+00 3.274198016000000000e+09
-9.639999956455586272e+00 1.916992256000000000e+09
-9.599999956636269260e+00 1.112290048000000000e+09
-9.559999956816952249e+00 6.455637760000000000e+08
-9.519999956997633461e+00 3.640758080000000000e+08
-9.479999957178316450e+00 1.901996000000000000e+08
-9.439999957358997662e+00 1.682679360000000000e+08
-9.399999957539680651e+00 5.887228160000000000e+08
-9.359999957720363639e+00 1.734410624000000000e+09
-9.319999957901044851e+00 3.524109568000000000e+09
-9.279999958081726064e+00 5.850566656000000000e+09
-9.239999958262409052e+00 8.844175360000000000e+09
-9.199999958443092041e+00 1.229886259200000000e+10
-9.159999958623775029e+00 1.506066124800000000e+10
-9.119999958804456242e+00 1.556919705600000000e+10
-9.079999958985137454e+00 1.308899020800000000e+10
-9.039999959165818666e+00 9.647250432000000000e+09
-8.999999959346501655e+00 6.617562624000000000e+09
-8.959999959527186419e+00 4.280874240000000000e+09
-8.919999959707867632e+00 2.686247936000000000e+09
-8.879999959888548844e+00 1.663299968000000000e+09
-8.839999960069230056e+00 1.027008704000000000e+09
-8.799999960249913045e+00 6.282624640000000000e+08
-8.759999960430597810e+00 3.833019520000000000e+08
-8.719999960611279022e+00 2.499288320000000000e+08
-8.679999960791960234e+00 1.940262720000000000e+08
-8.639999960972641446e+00 1.960043840000000000e+08
-8.599999961153324435e+00 2.152180160000000000e+08
-8.559999961334007423e+00 2.226705120000000000e+08
-8.519999961514690412e+00 2.204805440000000000e+08
-8.479999961695371624e+00 2.082959360000000000e+08
-8.439999961876052836e+00 1.919328320000000000e+08
-8.399999962056734049e+00 1.842802880000000000e+08
-8.359999962237418814e+00 2.360625600000000000e+08
-8.319999962418101802e+00 5.017302720000000000e+08
-8.279999962598783014e+00 8.606164480000000000e+08
-8.239999962779464227e+00 1.083668736000000000e+09
-8.199999962960145439e+00 1.367769088000000000e+09
-8.159999963140828427e+00 2.657477120000000000e+09
-8.119999963321513192e+00 5.185817088000000000e+09
-8.079999963502194404e+00 7.859664896000000000e+09
-8.039999963682875617e+00 1.054655385600000000e+10
-7.999999963863557717e+00 1.353987584000000000e+10
-7.959999964044240706e+00 1.530642329600000000e+10
-7.919999964224921918e+00 1.363782963200000000e+10
-7.879999964405605795e+00 1.096112128000000000e+10
-7.839999964586287007e+00 7.596365824000000000e+09
-7.799999964766968219e+00 5.598881280000000000e+09
-7.759999964947650319e+00 5.043876352000000000e+09
-7.719999965128333308e+00 5.263706624000000000e+09
-7.679999965309016297e+00 6.826968064000000000e+09
-7.639999965489698397e+00 9.101052928000000000e+09
-7.599999965670379609e+00 1.068292608000000000e+10
-7.559999965851061710e+00 1.048047820800000000e+10
-7.519999966031744698e+00 9.932824576000000000e+09
-7.479999966212426799e+00 9.449417728000000000e+09
-7.439999966393109787e+00 8.591741952000000000e+09
-7.399999966573790999e+00 8.141203968000000000e+09
-7.359999966754473100e+00 9.501550592000000000e+09
-7.319999966935154312e+00 1.207275929600000000e+10
-7.279999967115837300e+00 1.246607257600000000e+10
-7.239999967296521177e+00 1.034325708800000000e+10
-7.199999967477202389e+00 6.767855104000000000e+09
-7.159999967657884490e+00 3.753725696000000000e+09
-7.119999967838565702e+00 1.783868544000000000e+09
-7.079999968019248691e+00 5.088056320000000000e+08
-7.039999968199931679e+00 7.566061600000000000e+07
-6.999999968380612891e+00 5.910403200000000000e+08
-6.959999968561295880e+00 2.172441600000000000e+09
-6.919999968741977980e+00 4.825713664000000000e+09
-6.879999968922660081e+00 8.078298112000000000e+09
-6.839999969103342181e+00 1.072544972800000000e+10
-6.799999969284024282e+00 1.153700454400000000e+10
-6.759999969464706382e+00 1.065623449600000000e+10
-6.719999969645389370e+00 8.675273728000000000e+09
-6.679999969826070583e+00 5.913314816000000000e+09
-6.639999970006753571e+00 3.152926464000000000e+09
-6.599999970187435672e+00 1.753862272000000000e+09
-6.559999970368116884e+00 1.813164160000000000e+09
-6.519999970548799872e+00 2.928481792000000000e+09
-6.479999970729481973e+00 5.182078464000000000e+09
-6.439999970910164961e+00 8.615185408000000000e+09
-6.399999971090846174e+00 1.094334976000000000e+10
-6.359999971271528274e+00 9.229166592000000000e+09
-6.319999971452211263e+00 4.255423488000000000e+09
-6.279999971632893363e+00 7.728313600000000000e+08
-6.239999971813575463e+00 3.178318400000000000e+08
-6.199999971994257564e+00 9.259459840000000000e+08
-6.159999972174939664e+00 1.533277184000000000e+09
-6.119999972355622653e+00 3.176705536000000000e+09
-6.079999972536303865e+00 5.244362240000000000e+09
-6.039999972716985965e+00 4.743969792000000000e+09
-5.999999972897668954e+00 3.440176896000000000e+09
-5.959999973078351054e+00 5.745240576000000000e+09
-5.919999973259033155e+00 1.151041433600000000e+10
-5.879999973439715255e+00 1.648991232000000000e+10
-5.839999973620396467e+00 1.932250726400000000e+10
-5.799999973801080344e+00 1.903712256000000000e+10
-5.759999973981761556e+00 1.641931468800000000e+10
-5.719999974162444545e+00 1.261446246400000000e+10
-5.679999974343126645e+00 1.034618982400000000e+10
-5.639999974523807857e+00 8.683253760000000000e+09
-5.599999974704491734e+00 7.345659904000000000e+09
-5.559999974885172946e+00 6.874798592000000000e+09
-5.519999975065855047e+00 7.521288192000000000e+09
-5.479999975246538035e+00 8.221763584000000000e+09
-5.439999975427219248e+00 8.863587328000000000e+09
-5.399999975607903124e+00 8.511355904000000000e+09
-5.359999975788584337e+00 6.654940672000000000e+09
-5.319999975969265549e+00 3.961924096000000000e+09
-5.279999976149949426e+00 2.616028160000000000e+09
-5.239999976330630638e+00 2.774878720000000000e+09
-5.199999976511312738e+00 5.148455424000000000e+09
-5.159999976691995727e+00 1.346074931200000000e+10
-5.119999976872676939e+00 2.855517798400000000e+10
-5.079999977053359039e+00 4.304130867200000000e+10
-5.039999977234042028e+00 4.164934041600000000e+10
-4.999999977414724128e+00 2.845074841600000000e+10
-4.959999977595407117e+00 2.178102067200000000e+10
-4.919999977776088329e+00 2.967143219200000000e+10
-4.879999977956770429e+00 3.676607692800000000e+10
-4.839999978137453418e+00 2.982162432000000000e+10
-4.799999978318134630e+00 1.554274713600000000e+10
-4.759999978498816731e+00 9.531916288000000000e+09
-4.719999978679499719e+00 1.105622220800000000e+10
-4.679999978860181820e+00 1.139440844800000000e+10
-4.639999979040864808e+00 1.764214988800000000e+10
-4.599999979221546020e+00 3.130157670400000000e+10
-4.559999979402228121e+00 4.679821312000000000e+10
-4.519999979582911109e+00 5.224344371200000000e+10
-4.479999979763593210e+00 4.671810355200000000e+10
-4.439999979944274422e+00 3.745258291200000000e+10
-4.399999980124957411e+00 2.827667865600000000e+10
-4.359999980305639511e+00 1.921972838400000000e+10
-4.319999980486322499e+00 1.018087628800000000e+10
-4.279999980667003712e+00 2.886633472000000000e+09
-4.239999980847685812e+00 1.186392880000000000e+08
-4.199999981028368801e+00 3.390623232000000000e+09
-4.159999981209050901e+00 8.859487232000000000e+09
-4.119999981389732113e+00 1.315008512000000000e+10
-4.079999981570415102e+00 1.485965209600000000e+10
-4.039999981751097202e+00 1.755235942400000000e+10
-3.999999981931778859e+00 2.031351808000000000e+10
-3.959999982112461847e+00 2.003492044800000000e+10
-3.919999982293143503e+00 1.566000844800000000e+10
-3.879999982473826936e+00 1.124891238400000000e+10
-3.839999982654508148e+00 8.135401472000000000e+09
-3.799999982835189805e+00 7.885823488000000000e+09
-3.759999983015873237e+00 6.583511552000000000e+09
-3.719999983196554894e+00 4.938165760000000000e+09
-3.679999983377236550e+00 5.285857792000000000e+09
-3.639999983557919538e+00 1.078440448000000000e+10
-3.599999983738601195e+00 1.769777561600000000e+10
-3.559999983919284627e+00 2.619060224000000000e+10
-3.519999984099966284e+00 3.075770572800000000e+10
-3.479999984280647940e+00 3.506859622400000000e+10
-3.439999984461330929e+00 3.641973145600000000e+10
-3.399999984642012585e+00 3.371201945600000000e+10
-3.359999984822694241e+00 2.346018406400000000e+10
-3.319999985003377230e+00 1.058356736000000000e+10
-3.279999985184058886e+00 9.529859072000000000e+09
-3.239999985364742319e+00 1.252697907200000000e+10
-3.199999985545423975e+00 1.990770892800000000e+10
-3.159999985726105631e+00 2.637950771200000000e+10
-3.119999985906788620e+00 2.615262208000000000e+10
-3.079999986087470276e+00 1.964443443200000000e+10
-3.039999986268151932e+00 1.393228492800000000e+10
-2.999999986448835365e+00 6.712050688000000000e+09
-2.959999986629517021e+00 6.135402880000000000e+08
-2.919999986810200010e+00 9.305486336000000000e+09
-2.879999986990881666e+00 3.928234803200000000e+10
-2.839999987171563323e+00 6.813583769600000000e+10
-2.799999987352246311e+00 8.044896256000000000e+10
-2.759999987532927967e+00 6.963548979200000000e+10
-2.719999987713609624e+00 3.994546176000000000e+10
-2.679999987894293056e+00 1.654079385600000000e+10
-2.639999988074974713e+00 1.263344640000000000e+10
-2.599999988255656369e+00 1.160351641600000000e+10
-2.559999988436339358e+00 9.123453952000000000e+09
-2.519999988617021014e+00 1.368710144000000000e+10
-2.479999988797704447e+00 2.064962355200000000e+10
-2.439999988978386103e+00 2.440450048000000000e+10
-2.399999989159067315e+00 2.680207360000000000e+10
-2.359999989339750748e+00 2.306098995200000000e+10
-2.319999989520432404e+00 1.542227046400000000e+10
-2.279999989701114060e+00 3.377311744000000000e+10
-2.239999989881797049e+00 6.815848448000000000e+10
-2.199999990062478705e+00 8.071737344000000000e+10
-2.159999990243162138e+00 6.281839001600000000e+10
-2.119999990423843794e+00 4.163224371200000000e+10
-2.079999990604525451e+00 2.931021619200000000e+10
-2.039999990785208439e+00 2.036119552000000000e+10
-1.999999990965890095e+00 1.470329241600000000e+10
-1.959999991146571752e+00 1.266855014400000000e+10
-1.919999991327254962e+00 9.037241344000000000e+09
-1.879999991507936619e+00 2.822212608000000000e+09
-1.839999991688619829e+00 2.978652800000000000e+08
-1.799999991869301486e+00 6.267965952000000000e+09
-1.759999992049983142e+00 1.653528883200000000e+10
-1.719999992230666352e+00 2.342578380800000000e+10
-1.679999992411347787e+00 2.845073612800000000e+10
-1.639999992592029443e+00 2.640163225600000000e+10
-1.599999992772712654e+00 1.587385344000000000e+10
-1.559999992953394310e+00 3.619336192000000000e+10
-1.519999993134077521e+00 8.950869196800000000e+10
-1.479999993314759177e+00 1.201703075840000000e+11
-1.439999993495440833e+00 1.064375173120000000e+11
-1.399999993676124044e+00 6.973058252800000000e+10
-1.359999993856805700e+00 3.324677324800000000e+10
-1.319999994037487356e+00 1.160726835200000000e+10
-1.279999994218170567e+00 4.041593856000000000e+09
-1.239999994398852223e+00 2.606667776000000000e+09
-1.199999994579533658e+00 5.183944704000000000e+09
-1.159999994760216868e+00 1.333641523200000000e+10
-1.119999994940898524e+00 2.384772096000000000e+10
-1.079999995121581735e+00 2.503662387200000000e+10
-1.039999995302263391e+00 1.061340057600000000e+10
-9.999999954829450477e-01 1.266267008000000000e+09
-9.599999956636282583e-01 2.235971072000000000e+09
-9.199999958443099146e-01 1.158559436800000000e+10
-8.799999960249915709e-01 1.599602892800000000e+10
-8.399999962056747815e-01 1.206819328000000000e+10
-7.999999963863563268e-01 6.074892800000000000e+09
-7.599999965670395374e-01 9.225920512000000000e+09
-7.199999967477211937e-01 1.836208128000000000e+10
-6.799999969284028500e-01 4.755328204800000000e+10
-6.399999971090860607e-01 7.771726643200000000e+10
-5.999999972897677170e-01 7.754006528000000000e+10
-5.599999974704492622e-01 5.193321267200000000e+10
-5.199999976511324729e-01 6.393546342400000000e+10
-4.799999978318141292e-01 5.424470835200000000e+10
-4.399999980124973398e-01 1.498085478400000000e+10
-3.999999981931789961e-01 1.607526912000000000e+10
-3.599999983738605969e-01 5.360863641600000000e+10
-3.199999985545438075e-01 8.191365939200000000e+10
-2.799999987352254638e-01 7.479244390400000000e+10
-2.399999989159070646e-01 5.328713318400000000e+10
-1.999999990965902752e-01 3.414238617600000000e+10
-1.599999992772719037e-01 2.258054553600000000e+10
-1.199999994579535323e-01 1.264144179200000000e+10
-7.999999963863674290e-02 1.231299174400000000e+10
-3.999999981931837145e-02 2.225531904000000000e+10
-1.577721810442023611e-15 4.631527833600000000e+10
3.999999981931678938e-02 8.505652019200000000e+10
7.999999963863516084e-02 1.045770321920000000e+11
1.199999994579519502e-01 7.770972160000000000e+10
1.599999992772703217e-01 3.203878707200000000e+10
1.999999990965886931e-01 1.716762931200000000e+10
2.399999989159054825e-01 5.608918220800000000e+10
2.799999987352238540e-01 8.334790656000000000e+10
3.199999985545406433e-01 6.373421875200000000e+10
3.599999983738590426e-01 3.237157273600000000e+10
3.999999981931773863e-01 1.073877811200000000e+10
4.399999980124941756e-01 1.611432320000000000e+09
4.799999978318125748e-01 8.808821120000000000e+08
5.199999976511309185e-01 1.840219520000000000e+09
5.599999974704477079e-01 5.322274304000000000e+09
5.999999972897660516e-01 2.128663347200000000e+10
6.399999971090828410e-01 5.079019110400000000e+10
6.799999969284012957e-01 7.961984204800000000e+10
7.199999967477196394e-01 8.191263539200000000e+10
7.599999965670364288e-01 5.199453798400000000e+10
7.999999963863547725e-01 2.372873625600000000e+10
8.399999962056731162e-01 3.223818444800000000e+10
8.799999960249899056e-01 6.150042828800000000e+10
9.199999958443083603e-01 4.021639168000000000e+10
9.599999956636251497e-01 3.915351296000000000e+09
9.999999954829434934e-01 1.745499136000000000e+10
1.039999995302261837e+00 5.486425702400000000e+10
1.079999995121578626e+00 7.073841152000000000e+10
1.119999994940896970e+00 5.955061350400000000e+10
1.159999994760215314e+00 3.503095398400000000e+10
1.199999994579532103e+00 1.793358643200000000e+10
1.239999994398850447e+00 1.425831424000000000e+10
1.279999994218169013e+00 2.114018304000000000e+10
1.319999994037487356e+00 2.766288896000000000e+10
1.359999993856802591e+00 2.736201523200000000e+10
1.399999993676120935e+00 1.526944665600000000e+10
1.439999993495439279e+00 3.709805056000000000e+09
1.479999993314757623e+00 1.802183270400000000e+10
1.519999993134075966e+00 4.763919974400000000e+10
1.559999992953391201e+00 6.495548620800000000e+10
1.599999992772709545e+00 5.162562355200000000e+10
1.639999992592027889e+00 1.888696320000000000e+10
1.679999992411346232e+00 6.898167808000000000e+09
1.719999992230664798e+00 2.838968320000000000e+10
1.759999992049983142e+00 4.954389299200000000e+10
1.799999991869298377e+00 5.014116352000000000e+10
1.839999991688616721e+00 4.390721126400000000e+10
1.879999991507935064e+00 4.084210483200000000e+10
1.919999991327253408e+00 4.075902566400000000e+10
1.959999991146571752e+00 5.343365939200000000e+10
1.999999990965886987e+00 7.097117081600000000e+10
2.039999990785205330e+00 6.620701900800000000e+10
2.079999990604523674e+00 5.460285849600000000e+10
2.119999990423842018e+00 5.218601779200000000e+10
2.159999990243160362e+00 5.008867328000000000e+10
2.199999990062475597e+00 3.792592076800000000e+10
2.239999989881793940e+00 2.131464396800000000e+10
2.279999989701112284e+00 1.062088192000000000e+10
2.319999989520430628e+00 3.808388608000000000e+09
2.359999989339748971e+00 9.645542400000000000e+08
2.399999989159067315e+00 1.011983040000000000e+09
2.439999988978382550e+00 1.332293888000000000e+09
2.479999988797700894e+00 1.034697280000000000e+09
2.519999988617019682e+00 1.464919552000000000e+09
2.559999988436338025e+00 2.121045760000000000e+09
2.599999988255656369e+00 2.330351616000000000e+09
2.639999988074971604e+00 2.122913792000000000e+09
2.679999987894289948e+00 1.676861440000000000e+09
2.719999987713608292e+00 5.842273280000000000e+09
2.759999987532926635e+00 1.277555097600000000e+10
2.799999987352244979e+00 1.563243315200000000e+10
2.839999987171563323e+00 2.420868710400000000e+10
2.879999986990878558e+00 4.581833932800000000e+10
2.919999986810196901e+00 7.930883276800000000e+10
2.959999986629515245e+00 1.212018114560000000e+11
2.999999986448833589e+00 1.431739269120000000e+11
3.039999986268151932e+00 1.460602470400000000e+11
3.079999986087467168e+00 1.225069281280000000e+11
3.119999985906785511e+00 7.054109081600000000e+10
3.159999985726103855e+00 2.922911129600000000e+10
3.199999985545422199e+00 1.337184358400000000e+10
3.239999985364740542e+00 7.766495744000000000e+09
3.279999985184055777e+00 3.872383744000000000e+09
3.319999985003374121e+00 2.277156352000000000e+09
3.359999984822692465e+00 6.669007360000000000e+08
3.399999984642010808e+00 1.040622912000000000e+09
3.439999984461329596e+00 5.104252928000000000e+09
3.479999984280647940e+00 7.366908928000000000e+09
3.519999984099963175e+00 2.020170112000000000e+09
3.559999983919281519e+00 1.870174848000000000e+09
3.599999983738599862e+00 1.301267558400000000e+10
3.639999983557918206e+00 3.005348249600000000e+10
3.679999983377236550e+00 4.516900864000000000e+10
3.719999983196551785e+00 5.456906240000000000e+10
3.759999983015870129e+00 6.700862259200000000e+10
3.799999982835188472e+00 6.706393907200000000e+10
3.839999982654506816e+00 3.666639667200000000e+10
3.879999982473825160e+00 1.439494860800000000e+10
3.919999982293143503e+00 1.254689382400000000e+10
3.959999982112458738e+00 1.710055014400000000e+10
3.999999981931777082e+00 1.228714496000000000e+10
4.039999981751095426e+00 5.396200448000000000e+09
4.079999981570414214e+00 9.075812352000000000e+09
4.119999981389732113e+00 2.222291558400000000e+10
4.159999981209047348e+00 3.340299878400000000e+10
4.199999981028366136e+00 2.642872524800000000e+10
4.239999980847684036e+00 6.038980608000000000e+09
4.279999980667002824e+00 2.082994688000000000e+09
4.319999980486320723e+00 2.211182796800000000e+10
4.359999980305635958e+00 3.950906982400000000e+10
4.399999980124954746e+00 3.210765926400000000e+10
4.439999979944272646e+00 3.244044083200000000e+10
4.479999979763591433e+00 5.613724467200000000e+10
4.519999979582909333e+00 8.670084300800000000e+10
4.559999979402228121e+00 9.969317478400000000e+10
4.599999979221543356e+00 9.548174131200000000e+10
4.639999979040861255e+00 8.885708390400000000e+10
4.679999978860180043e+00 6.302103142400000000e+10
4.719999978679497943e+00 2.287169536000000000e+10
4.759999978498816731e+00 6.800075776000000000e+09
4.799999978318131966e+00 1.862183731200000000e+10
4.839999978137449865e+00 3.967866060800000000e+10
4.879999977956768653e+00 5.303088742400000000e+10
4.919999977776087441e+00 5.849984614400000000e+10
4.959999977595405340e+00 6.420103987200000000e+10
4.999999977414724128e+00 6.483031654400000000e+10
5.039999977234039363e+00 5.973284044800000000e+10
5.079999977053357263e+00 4.367707750400000000e+10
5.119999976872676051e+00 2.840821350400000000e+10
5.159999976691993950e+00 2.264179507200000000e+10
5.199999976511312738e+00 1.971100467200000000e+10
5.239999976330627973e+00 1.883254374400000000e+10
5.279999976149945873e+00 1.575321702400000000e+10
5.319999975969264661e+00 9.654787072000000000e+09
5.359999975788582560e+00 3.036395008000000000e+09
5.399999975607901348e+00 6.644088960000000000e+08
5.439999975427216583e+00 2.007500928000000000e+09
5.479999975246534483e+00 4.739501568000000000e+09
5.519999975065853270e+00 9.080612864000000000e+09
5.559999974885171170e+00 6.611598848000000000e+09
5.599999974704489958e+00 5.011340288000000000e+09
5.639999974523807857e+00 1.890421760000000000e+10
5.679999974343123093e+00 3.406926028800000000e+10
5.719999974162441880e+00 3.729429299200000000e+10
5.759999973981759780e+00 3.269703475200000000e+10
5.799999973801078568e+00 2.244529766400000000e+10
5.839999973620396467e+00 1.271406592000000000e+10
5.879999973439711702e+00 7.115611648000000000e+09
5.919999973259030490e+00 4.986506240000000000e+09
5.959999973078349278e+00 1.056118988800000000e+10
5.999999972897667178e+00 2.233544908800000000e+10
6.039999972716985965e+00 3.447386521600000000e+10
6.079999972536301200e+00 4.601379225600000000e+10
6.119999972355619100e+00 4.799603916800000000e+10
6.159999972174937888e+00 3.859314688000000000e+10
6.199999971994255787e+00 2.676880793600000000e+10
6.239999971813574575e+00 1.882435379200000000e+10
6.279999971632892475e+00 1.393684889600000000e+10
6.319999971452207710e+00 1.225789952000000000e+10
6.359999971271526498e+00 1.508165324800000000e+10
6.399999971090844397e+00 2.521000755200000000e+10
6.439999970910163185e+00 3.889266688000000000e+10
6.479999970729481085e+00 4.364207718400000000e+10
6.519999970548796320e+00 3.924239155200000000e+10
6.559999970368115108e+00 2.838939852800000000e+10
6.599999970187433007e+00 1.967953100800000000e+10
6.639999970006751795e+00 1.328341708800000000e+10
6.679999969826069695e+00 8.961320960000000000e+09
6.719999969645388482e+00 5.531133440000000000e+09
6.759999969464703717e+00 2.684558592000000000e+09
6.799999969284021617e+00 1.384732288000000000e+09
6.839999969103340405e+00 1.367184128000000000e+09
6.879999968922659193e+00 2.883204608000000000e+09
6.919999968741977092e+00 7.002621440000000000e+09
6.959999968561292327e+00 1.672270131200000000e+10
6.999999968380611115e+00 3.024946585600000000e+10
7.039999968199929015e+00 4.379076198400000000e+10
7.079999968019247802e+00 4.844406784000000000e+10
7.119999967838565702e+00 4.146890342400000000e+10
7.159999967657880937e+00 2.787497574400000000e+10
7.199999967477199725e+00 1.446407372800000000e+10
7.239999967296517625e+00 5.751441408000000000e+09
7.279999967115836412e+00 4.397449216000000000e+09
7.319999966935154312e+00 9.070968832000000000e+09
7.359999966754473100e+00 1.594751385600000000e+10
7.399999966573788335e+00 2.012071526400000000e+10
7.439999966393106234e+00 1.735921254400000000e+10
7.479999966212425022e+00 1.153777152000000000e+10
7.519999966031742922e+00 7.993269760000000000e+09
7.559999965851061710e+00 7.869169664000000000e+09
7.599999965670376945e+00 9.775154176000000000e+09
7.639999965489694844e+00 1.196137881600000000e+10
7.679999965309013632e+00 1.381457715200000000e+10
7.719999965128331532e+00 1.398024294400000000e+10
7.759999964947650319e+00 1.123662540800000000e+10
7.799999964766968219e+00 5.899715072000000000e+09
7.839999964586283454e+00 1.253814144000000000e+09
7.879999964405602242e+00 2.011116032000000000e+09
7.919999964224921030e+00 9.493782528000000000e+09
7.959999964044238929e+00 2.312113152000000000e+10
7.999999963863557717e+00 3.747129753600000000e+10
8.039999963682872064e+00 4.408676761600000000e+10
8.079999963502190852e+00 3.880257126400000000e+10
8.119999963321509640e+00 2.672626688000000000e+10
8.159999963140828427e+00 1.448840089600000000e+10
8.199999962960145439e+00 6.720073216000000000e+09
8.239999962779460674e+00 3.265540608000000000e+09
8.279999962598779462e+00 3.382520064000000000e+09
8.319999962418098249e+00 4.646717952000000000e+09
8.359999962237417037e+00 5.552750080000000000e+09
8.399999962056734049e+00 5.369688064000000000e+09
8.439999961876052836e+00 4.534245376000000000e+09
8.479999961695368071e+00 3.148374784000000000e+09
8.519999961514686859e+00 1.657298304000000000e+09
8.559999961334005647e+00 1.333353472000000000e+09
8.599999961153322658e+00 2.112914560000000000e+09
8.639999960972641446e+00 3.203173120000000000e+09
8.679999960791956681e+00 5.404105728000000000e+09
8.719999960611275469e+00 1.093327155200000000e+10
8.759999960430594257e+00 1.972046438400000000e+10
8.799999960249911268e+00 2.681743155200000000e+10
8.839999960069230056e+00 2.832524492800000000e+10
8.879999959888548844e+00 2.662559129600000000e+10
8.919999959707864079e+00 2.773556224000000000e+10
8.959999959527182867e+00 3.261172940800000000e+10
8.999999959346501655e+00 3.309824000000000000e+10
9.039999959165818666e+00 2.671395225600000000e+10
9.079999958985137454e+00 1.630654566400000000e+10
9.119999958804452689e+00 8.610865152000000000e+09
9.159999958623771477e+00 3.951068672000000000e+09
9.199999958443090264e+00 1.535391488000000000e+09
9.239999958262407276e+00 5.820064640000000000e+08
9.279999958081726064e+00 3.733556160000000000e+08
9.319999957901041299e+00 5.582826240000000000e+08
9.359999957720360086e+00 6.599488640000000000e+08
9.399999957539678874e+00 6.242704640000000000e+08
9.439999957358995886e+00 8.013337600000000000e+08
9.479999957178314673e+00 1.636553216000000000e+09
9.519999956997633461e+00 3.214618624000000000e+09
9.559999956816948696e+00 5.146387456000000000e+09
9.599999956636267484e+00 7.084971008000000000e+09
9.639999956455584496e+00 9.032644608000000000e+09
9.679999956274903283e+00 1.175099596800000000e+10
9.719999956094222071e+00 1.653394636800000000e+10
9.759999955913537306e+00 2.430489804800000000e+10
9.799999955732856094e+00 3.264105062400000000e+10
9.839999955552174882e+00 3.674398720000000000e+10
9.879999955371491893e+00 3.345117798400000000e+10
9.919999955190810681e+00 2.524433408000000000e+10
9.959999955010125916e+00 1.593176473600000000e+10
9.999999954829444704e+00 8.593788928000000000e+09
1.003999995464876349e+01 3.980847360000000000e+09
1.007999995446808050e+01 1.459529728000000000e+09
1.011999995428739929e+01 3.234335680000000000e+08
1.015999995410671808e+01 3.277044160000000000e+08
1.019999995392603331e+01 1.419199744000000000e+09
1.023999995374535210e+01 3.149106176000000000e+09
1.027999995356466911e+01 4.854877696000000000e+09
1.031999995338398790e+01 5.981317120000000000e+09
1.035999995320330669e+01 6.078625792000000000e+09
1.039999995302262192e+01 5.161963008000000000e+09
1.043999995284194071e+01 3.728742912000000000e+09
1.047999995266125772e+01 2.385565184000000000e+09
1.051999995248057651e+01 1.396317184000000000e+09
1.055999995229989530e+01 7.784356480000000000e+08
1.059999995211921409e+01 4.464474240000000000e+08
1.063999995193852932e+01 2.817139200000000000e+08
1.067999995175784633e+01 3.225944960000000000e+08
1.071999995157716512e+01 7.736547840000000000e+08
1.075999995139648391e+01 2.152850944000000000e+09
1.079999995121580270e+01 4.956115456000000000e+09
1.083999995103511793e+01 9.288843264000000000e+09
1.087999995085443672e+01 1.427995033600000000e+10
1.091999995067375373e+01 1.794723840000000000e+10
1.095999995049307252e+01 1.811608166400000000e+10
1.099999995031239131e+01 1.475144192000000000e+10
1.103999995013170654e+01 1.007146086400000000e+10
1.107999994995102533e+01 5.797941760000000000e+09
1.111999994977034234e+01 2.749537024000000000e+09
1.115999994958966113e+01 1.334904960000000000e+09
1.119999994940897992e+01 1.484771712000000000e+09
1.123999994922829870e+01 2.793270784000000000e+09
1.127999994904761394e+01 4.521435648000000000e+09
1.131999994886693095e+01 5.814384640000000000e+09
1.135999994868624974e+01 5.938375680000000000e+09
1.139999994850556853e+01 4.737595392000000000e+09
1.143999994832488731e+01 2.997361152000000000e+09
1.147999994814420255e+01 1.494004736000000000e+09
1.151999994796351956e+01 5.190613760000000000e+08
1.155999994778283835e+01 1.012895120000000000e+08
1.159999994760215714e+01 6.249618800000000000e+07
1.163999994742147592e+01 2.387105600000000000e+08
1.167999994724079293e+01 4.936228800000000000e+08
1.171999994706010817e+01 7.762307840000000000e+08
1.175999994687942696e+01 1.065087232000000000e+09
1.179999994669874575e+01 1.322634112000000000e+09
1.183999994651806453e+01 1.567432064000000000e+09
1.187999994633738332e+01 1.797518976000000000e+09
1.191999994615669856e+01 1.968062464000000000e+09
1.195999994597601557e+01 2.072524160000000000e+09
1.199999994579533436e+01 2.049391872000000000e+09
1.203999994561465314e+01 1.822945024000000000e+09
1.207999994543397193e+01 1.455186176000000000e+09
1.211999994525328717e+01 1.019227008000000000e+09
1.215999994507260418e+01 6.014266240000000000e+08
1.219999994489192296e+01 2.931571520000000000e+08
1.223999994471124175e+01 1.075714000000000000e+08
1.227999994453056054e+01 3.672123600000000000e+07
1.231999994434987755e+01 6.385382800000000000e+07
1.235999994416919279e+01 1.603539520000000000e+08
1.239999994398851157e+01 3.061192000000000000e+08
1.243999994380783036e+01 4.707424960000000000e+08
1.247999994362714915e+01 6.461440640000000000e+08
1.251999994344646616e+01 8.232037120000000000e+08
1.255999994326578140e+01 9.849765760000000000e+08
1.259999994308510018e+01 1.131460352000000000e+09
1.263999994290441897e+01 1.272544896000000000e+09
1.267999994272373776e+01 1.401851776000000000e+09
1.271999994254305477e+01 1.504907136000000000e+09
1.275999994236237356e+01 1.607636736000000000e+09
1.279999994218168879e+01 1.698729216000000000e+09
1.283999994200100758e+01 1.767120512000000000e+09
1.287999994182032637e+01 1.841772416000000000e+09
1.291999994163964516e+01 1.919874432000000000e+09
1.295999994145896217e+01 1.983151616000000000e+09
