# x = Time (fs); y = Power (W)
-1.071999995157716690e+01 2.454686208000000000e+09
-1.067999995175784989e+01 2.816921856000000000e+09
-1.063999995193853110e+01 3.089285376000000000e+09
-1.059999995211921409e+01 3.202762240000000000e+09
-1.055999995229989707e+01 3.176165376000000000e+09
-1.051999995248057829e+01 3.057963776000000000e+09
-1.047999995266126128e+01 2.887929344000000000e+09
-1.043999995284194249e+01 2.731503872000000000e+09
-1.039999995302262548e+01 2.596352000000000000e+09
-1.035999995320330669e+01 2.531929856000000000e+09
-1.031999995338398968e+01 2.520083200000000000e+09
-1.027999995356467089e+01 2.506605312000000000e+09
-1.023999995374535388e+01 2.451624960000000000e+09
-1.019999995392603687e+01 2.325729792000000000e+09
-1.015999995410671808e+01 2.089583360000000000e+09
-1.011999995428740107e+01 1.813795456000000000e+09
-1.007999995446808228e+01 1.558653824000000000e+09
-1.003999995464876527e+01 1.333208448000000000e+09
-9.999999954829448257e+00 1.151830912000000000e+09
-9.959999955010129469e+00 1.014961280000000000e+09
-9.919999955190810681e+00 9.586644480000000000e+08
-9.879999955371493670e+00 1.061229504000000000e+09
-9.839999955552174882e+00 1.353333632000000000e+09
-9.799999955732859647e+00 1.839547392000000000e+09
-9.759999955913540859e+00 2.454465792000000000e+09
-9.719999956094222071e+00 3.025062400000000000e+09
-9.679999956274905060e+00 3.330518784000000000e+09
-9.639999956455586272e+00 3.251671552000000000e+09
-9.599999956636269260e+00 2.915305216000000000e+09
-9.559999956816952249e+00 2.397240064000000000e+09
-9.519999956997633461e+00 1.832991872000000000e+09
-9.479999957178316450e+00 1.255285632000000000e+09
-9.439999957358997662e+00 7.283066240000000000e+08
-9.399999957539680651e+00 3.310034560000000000e+08
-9.359999957720363639e+00 8.651360800000000000e+07
-9.319999957901044851e+00 2.245933400000000000e+07
-9.279999958081726064e+00 1.766696320000000000e+08
-9.239999958262409052e+00 7.048193920000000000e+08
-9.199999958443092041e+00 1.916976256000000000e+09
-9.159999958623775029e+00 4.089908992000000000e+09
-9.119999958804456242e+00 7.083296256000000000e+09
-9.079999958985137454e+00 9.955180544000000000e+09
-9.039999959165818666e+00 1.098007756800000000e+10
-8.999999959346501655e+00 9.816820736000000000e+09
-8.959999959527186419e+00 7.605403136000000000e+09
-8.919999959707867632e+00 5.518013440000000000e+09
-8.879999959888548844e+00 4.388017152000000000e+09
-8.839999960069230056e+00 4.296227328000000000e+09
-8.799999960249913045e+00 4.887475200000000000e+09
-8.759999960430597810e+00 6.008797696000000000e+09
-8.719999960611279022e+00 7.372362240000000000e+09
-8.679999960791960234e+00 8.392262144000000000e+09
-8.639999960972641446e+00 7.994591744000000000e+09
-8.599999961153324435e+00 6.339670528000000000e+09
-8.559999961334007423e+00 3.950222080000000000e+09
-8.519999961514690412e+00 1.976905344000000000e+09
-8.479999961695371624e+00 8.542629120000000000e+08
-8.439999961876052836e+00 3.408191040000000000e+08
-8.399999962056734049e+00 1.687066240000000000e+08
-8.359999962237418814e+00 2.217116000000000000e+08
-8.319999962418101802e+00 3.827487360000000000e+08
-8.279999962598783014e+00 7.993058560000000000e+08
-8.239999962779464227e+00 1.141412864000000000e+09
-8.199999962960145439e+00 1.718918016000000000e+09
-8.159999963140828427e+00 2.111879168000000000e+09
-8.119999963321513192e+00 2.943609088000000000e+09
-8.079999963502194404e+00 4.610993152000000000e+09
-8.039999963682875617e+00 6.613257216000000000e+09
-7.999999963863557717e+00 7.562505216000000000e+09
-7.959999964044240706e+00 6.238050304000000000e+09
-7.919999964224921918e+00 3.670090240000000000e+09
-7.879999964405605795e+00 1.386354176000000000e+09
-7.839999964586287007e+00 3.125642240000000000e+08
-7.799999964766968219e+00 9.703531200000000000e+07
-7.759999964947650319e+00 2.042302080000000000e+08
-7.719999965128333308e+00 2.787272192000000000e+09
-7.679999965309016297e+00 1.240336588800000000e+10
-7.639999965489698397e+00 2.851601817600000000e+10
-7.599999965670379609e+00 3.916904857600000000e+10
-7.559999965851061710e+00 3.769596313600000000e+10
-7.519999966031744698e+00 2.936203264000000000e+10
-7.479999966212426799e+00 1.996346982400000000e+10
-7.439999966393109787e+00 1.337642803200000000e+10
-7.399999966573790999e+00 8.780463104000000000e+09
-7.359999966754473100e+00 5.031924736000000000e+09
-7.319999966935154312e+00 2.480615168000000000e+09
-7.279999967115837300e+00 1.371569280000000000e+09
-7.239999967296521177e+00 9.460096640000000000e+08
-7.199999967477202389e+00 6.464645760000000000e+08
-7.159999967657884490e+00 4.711339520000000000e+08
-7.119999967838565702e+00 4.241408640000000000e+08
-7.079999968019248691e+00 1.688819520000000000e+08
-7.039999968199931679e+00 2.499679200000000000e+07
-6.999999968380612891e+00 1.627700480000000000e+08
-6.959999968561295880e+00 3.184650560000000000e+08
-6.919999968741977980e+00 5.572878720000000000e+08
-6.879999968922660081e+00 8.545088640000000000e+08
-6.839999969103342181e+00 1.205143552000000000e+09
-6.799999969284024282e+00 2.980587776000000000e+09
-6.759999969464706382e+00 1.013336064000000000e+10
-6.719999969645389370e+00 2.122057523200000000e+10
-6.679999969826070583e+00 3.336074035200000000e+10
-6.639999970006753571e+00 4.205100236800000000e+10
-6.599999970187435672e+00 4.349888512000000000e+10
-6.559999970368116884e+00 3.403862425600000000e+10
-6.519999970548799872e+00 2.346556006400000000e+10
-6.479999970729481973e+00 1.591874355200000000e+10
-6.439999970910164961e+00 1.177986764800000000e+10
-6.399999971090846174e+00 9.792141312000000000e+09
-6.359999971271528274e+00 8.478823936000000000e+09
-6.319999971452211263e+00 7.224805888000000000e+09
-6.279999971632893363e+00 7.446780416000000000e+09
-6.239999971813575463e+00 6.398875648000000000e+09
-6.199999971994257564e+00 5.195217920000000000e+09
-6.159999972174939664e+00 3.858959360000000000e+09
-6.119999972355622653e+00 2.814226944000000000e+09
-6.079999972536303865e+00 2.814056704000000000e+09
-6.039999972716985965e+00 3.157708544000000000e+09
-5.999999972897668954e+00 2.977797120000000000e+09
-5.959999973078351054e+00 2.251488000000000000e+09
-5.919999973259033155e+00 1.735612672000000000e+09
-5.879999973439715255e+00 2.653113600000000000e+09
-5.839999973620396467e+00 4.169347840000000000e+09
-5.799999973801080344e+00 5.847864832000000000e+09
-5.759999973981761556e+00 7.631652864000000000e+09
-5.719999974162444545e+00 1.324238438400000000e+10
-5.679999974343126645e+00 2.000800358400000000e+10
-5.639999974523807857e+00 2.357308416000000000e+10
-5.599999974704491734e+00 1.879213875200000000e+10
-5.559999974885172946e+00 1.266963251200000000e+10
-5.519999975065855047e+00 1.021257728000000000e+10
-5.479999975246538035e+00 1.034500812800000000e+10
-5.439999975427219248e+00 1.153688576000000000e+10
-5.399999975607903124e+00 9.466224640000000000e+09
-5.359999975788584337e+00 6.613397504000000000e+09
-5.319999975969265549e+00 4.968461824000000000e+09
-5.279999976149949426e+00 3.444220672000000000e+09
-5.239999976330630638e+00 3.130362112000000000e+09
-5.199999976511312738e+00 6.525129728000000000e+09
-5.159999976691995727e+00 1.192495616000000000e+10
-5.119999976872676939e+00 1.987854745600000000e+10
-5.079999977053359039e+00 3.155199180800000000e+10
-5.039999977234042028e+00 4.019872153600000000e+10
-4.999999977414724128e+00 4.133668044800000000e+10
-4.959999977595407117e+00 3.170793881600000000e+10
-4.919999977776088329e+00 2.113237606400000000e+10
-4.879999977956770429e+00 1.950354636800000000e+10
-4.839999978137453418e+00 2.754632704000000000e+10
-4.799999978318134630e+00 3.713823539200000000e+10
-4.759999978498816731e+00 4.033052262400000000e+10
-4.719999978679499719e+00 3.503728230400000000e+10
-4.679999978860181820e+00 2.054172672000000000e+10
-4.639999979040864808e+00 8.653842432000000000e+09
-4.599999979221546020e+00 3.337874432000000000e+09
-4.559999979402228121e+00 1.918643456000000000e+09
-4.519999979582911109e+00 3.847958784000000000e+09
-4.479999979763593210e+00 1.267353600000000000e+10
-4.439999979944274422e+00 2.420895334400000000e+10
-4.399999980124957411e+00 3.474035916800000000e+10
-4.359999980305639511e+00 4.118456729600000000e+10
-4.319999980486322499e+00 3.941467750400000000e+10
-4.279999980667003712e+00 3.269780070400000000e+10
-4.239999980847685812e+00 2.172175564800000000e+10
-4.199999981028368801e+00 1.286125158400000000e+10
-4.159999981209050901e+00 6.951051776000000000e+09
-4.119999981389732113e+00 4.036275968000000000e+09
-4.079999981570415102e+00 3.780632832000000000e+09
-4.039999981751097202e+00 4.557102592000000000e+09
-3.999999981931778859e+00 4.852476928000000000e+09
-3.959999982112461847e+00 6.622909952000000000e+09
-3.919999982293143503e+00 1.215109529600000000e+10
-3.879999982473826936e+00 2.469121228800000000e+10
-3.839999982654508148e+00 4.046299136000000000e+10
-3.799999982835189805e+00 5.015908761600000000e+10
-3.759999983015873237e+00 4.464953344000000000e+10
-3.719999983196554894e+00 2.890682368000000000e+10
-3.679999983377236550e+00 1.850337484800000000e+10
-3.639999983557919538e+00 1.188590182400000000e+10
-3.599999983738601195e+00 4.592835072000000000e+09
-3.559999983919284627e+00 3.160621824000000000e+09
-3.519999984099966284e+00 1.098302566400000000e+10
-3.479999984280647940e+00 1.283246489600000000e+10
-3.439999984461330929e+00 5.859547136000000000e+09
-3.399999984642012585e+00 1.821299456000000000e+09
-3.359999984822694241e+00 1.052912320000000000e+09
-3.319999985003377230e+00 1.637435699200000000e+10
-3.279999985184058886e+00 5.517472153600000000e+10
-3.239999985364742319e+00 8.441320243200000000e+10
-3.199999985545423975e+00 7.613916774400000000e+10
-3.159999985726105631e+00 5.068358041600000000e+10
-3.119999985906788620e+00 2.825402572800000000e+10
-3.079999986087470276e+00 1.328938188800000000e+10
-3.039999986268151932e+00 4.154849792000000000e+09
-2.999999986448835365e+00 1.764157056000000000e+09
-2.959999986629517021e+00 3.532644352000000000e+09
-2.919999986810200010e+00 7.031765504000000000e+09
-2.879999986990881666e+00 1.036822118400000000e+10
-2.839999987171563323e+00 1.231259340800000000e+10
-2.799999987352246311e+00 1.551717171200000000e+10
-2.759999987532927967e+00 2.649897984000000000e+10
-2.719999987713609624e+00 3.963876556800000000e+10
-2.679999987894293056e+00 4.110855372800000000e+10
-2.639999988074974713e+00 3.525313740800000000e+10
-2.599999988255656369e+00 3.441980211200000000e+10
-2.559999988436339358e+00 2.885426380800000000e+10
-2.519999988617021014e+00 2.037432115200000000e+10
-2.479999988797704447e+00 1.092711526400000000e+10
-2.439999988978386103e+00 2.455918848000000000e+09
-2.399999989159067315e+00 2.416493312000000000e+09
-2.359999989339750748e+00 1.104697958400000000e+10
-2.319999989520432404e+00 1.427251200000000000e+10
-2.279999989701114060e+00 1.207956787200000000e+10
-2.239999989881797049e+00 1.739737497600000000e+10
-2.199999990062478705e+00 2.039890124800000000e+10
-2.159999990243162138e+00 1.612078489600000000e+10
-2.119999990423843794e+00 1.903276441600000000e+10
-2.079999990604525451e+00 3.747008102400000000e+10
-2.039999990785208439e+00 5.799763558400000000e+10
-1.999999990965890095e+00 7.620016537600000000e+10
-1.959999991146571752e+00 8.810121625600000000e+10
-1.919999991327254962e+00 7.630404812800000000e+10
-1.879999991507936619e+00 5.156281958400000000e+10
-1.839999991688619829e+00 3.364778393600000000e+10
-1.799999991869301486e+00 2.635370905600000000e+10
-1.759999992049983142e+00 1.621737472000000000e+10
-1.719999992230666352e+00 3.638832384000000000e+09
-1.679999992411347787e+00 5.234803520000000000e+08
-1.639999992592029443e+00 2.896931584000000000e+09
-1.599999992772712654e+00 5.536592384000000000e+09
-1.559999992953394310e+00 8.167438336000000000e+09
-1.519999993134077521e+00 1.278298316800000000e+10
-1.479999993314759177e+00 1.737309593600000000e+10
-1.439999993495440833e+00 1.540655206400000000e+10
-1.399999993676124044e+00 1.386797260800000000e+10
-1.359999993856805700e+00 2.632384921600000000e+10
-1.319999994037487356e+00 4.949436416000000000e+10
-1.279999994218170567e+00 8.183866163200000000e+10
-1.239999994398852223e+00 7.239187660800000000e+10
-1.199999994579533658e+00 4.613370265600000000e+10
-1.159999994760216868e+00 4.408222105600000000e+10
-1.119999994940898524e+00 4.179308134400000000e+10
-1.079999995121581735e+00 1.627983872000000000e+10
-1.039999995302263391e+00 5.236911616000000000e+09
-9.999999954829450477e-01 3.023081267200000000e+10
-9.599999956636282583e-01 4.795908505600000000e+10
-9.199999958443099146e-01 4.039895040000000000e+10
-8.799999960249915709e-01 2.564668211200000000e+10
-8.399999962056747815e-01 1.664350515200000000e+10
-7.999999963863563268e-01 1.158448435200000000e+10
-7.599999965670395374e-01 1.448811520000000000e+10
-7.199999967477211937e-01 1.423168102400000000e+10
-6.799999969284028500e-01 1.545400217600000000e+10
-6.399999971090860607e-01 2.812469452800000000e+10
-5.999999972897677170e-01 3.503290368000000000e+10
-5.599999974704492622e-01 1.913228288000000000e+10
-5.199999976511324729e-01 3.424495820800000000e+10
-4.799999978318141292e-01 4.626715033600000000e+10
-4.399999980124973398e-01 4.561841356800000000e+10
-3.999999981931789961e-01 2.643882803200000000e+10
-3.599999983738605969e-01 2.944210432000000000e+09
-3.199999985545438075e-01 1.084588523520000000e+11
-2.799999987352254638e-01 2.130118410240000000e+11
-2.399999989159070646e-01 1.501517905920000000e+11
-1.999999990965902752e-01 4.847921152000000000e+10
-1.599999992772719037e-01 1.203456102400000000e+10
-1.199999994579535323e-01 7.677081600000000000e+09
-7.999999963863674290e-02 1.218049228800000000e+10
-3.999999981931837145e-02 2.521572761600000000e+10
-1.577721810442023611e-15 2.897490534400000000e+10
3.999999981931678938e-02 1.621693030400000000e+10
7.999999963863516084e-02 1.791154585600000000e+10
1.199999994579519502e-01 2.798918041600000000e+10
1.599999992772703217e-01 1.994010828800000000e+10
1.999999990965886931e-01 8.241725952000000000e+09
2.399999989159054825e-01 1.428765900800000000e+10
2.799999987352238540e-01 4.982189670400000000e+10
3.199999985545406433e-01 1.103931883520000000e+11
3.599999983738590426e-01 1.482132193280000000e+11
3.999999981931773863e-01 1.197947371520000000e+11
4.399999980124941756e-01 6.417909760000000000e+10
4.799999978318125748e-01 2.811043840000000000e+10
5.199999976511309185e-01 1.379816857600000000e+10
5.599999974704477079e-01 1.596385177600000000e+10
5.999999972897660516e-01 2.548724326400000000e+10
6.399999971090828410e-01 2.993408614400000000e+10
6.799999969284012957e-01 1.217562726400000000e+10
7.199999967477196394e-01 1.714495200000000000e+08
7.599999965670364288e-01 5.898376704000000000e+09
7.999999963863547725e-01 1.118678016000000000e+10
8.399999962056731162e-01 1.516348825600000000e+10
8.799999960249899056e-01 1.366166425600000000e+10
9.199999958443083603e-01 8.451063808000000000e+09
9.599999956636251497e-01 1.954061107200000000e+10
9.999999954829434934e-01 4.243052134400000000e+10
1.039999995302261837e+00 5.851292057600000000e+10
1.079999995121578626e+00 6.296822579200000000e+10
1.119999994940896970e+00 5.967904358400000000e+10
1.159999994760215314e+00 4.031114854400000000e+10
1.199999994579532103e+00 1.224169267200000000e+10
1.239999994398850447e+00 1.071478784000000000e+10
1.279999994218169013e+00 4.178221056000000000e+10
1.319999994037487356e+00 7.481970688000000000e+10
1.359999993856802591e+00 8.008206745600000000e+10
1.399999993676120935e+00 5.489334272000000000e+10
1.439999993495439279e+00 2.992095027200000000e+10
1.479999993314757623e+00 3.422986649600000000e+10
1.519999993134075966e+00 5.517195673600000000e+10
1.559999992953391201e+00 3.945527705600000000e+10
1.599999992772709545e+00 1.358007091200000000e+10
1.639999992592027889e+00 1.023863091200000000e+10
1.679999992411346232e+00 2.716555264000000000e+10
1.719999992230664798e+00 5.158923059200000000e+10
1.759999992049983142e+00 5.347129344000000000e+10
1.799999991869298377e+00 4.838307840000000000e+10
1.839999991688616721e+00 3.723996364800000000e+10
1.879999991507935064e+00 2.402159820800000000e+10
1.919999991327253408e+00 1.199542579200000000e+10
1.959999991146571752e+00 6.107449344000000000e+09
1.999999990965886987e+00 1.316248678400000000e+10
2.039999990785205330e+00 2.624020275200000000e+10
2.079999990604523674e+00 4.028812083200000000e+10
2.119999990423842018e+00 5.285640601600000000e+10
2.159999990243160362e+00 5.134138163200000000e+10
2.199999990062475597e+00 3.430899712000000000e+10
2.239999989881793940e+00 1.298066329600000000e+10
2.279999989701112284e+00 3.714372608000000000e+09
2.319999989520430628e+00 2.116199936000000000e+09
2.359999989339748971e+00 1.292205056000000000e+09
2.399999989159067315e+00 2.268485017600000000e+10
2.439999988978382550e+00 7.508671692800000000e+10
2.479999988797700894e+00 1.451953684480000000e+11
2.519999988617019682e+00 1.650447810560000000e+11
2.559999988436338025e+00 1.072433807360000000e+11
2.599999988255656369e+00 3.465312665600000000e+10
2.639999988074971604e+00 2.058702208000000000e+09
2.679999987894289948e+00 4.605590528000000000e+09
2.719999987713608292e+00 1.333081292800000000e+10
2.759999987532926635e+00 1.231127244800000000e+10
2.799999987352244979e+00 1.310193561600000000e+10
2.839999987171563323e+00 2.182408396800000000e+10
2.879999986990878558e+00 3.198805196800000000e+10
2.919999986810196901e+00 3.693675724800000000e+10
2.959999986629515245e+00 3.293563699200000000e+10
2.999999986448833589e+00 2.341260492800000000e+10
3.039999986268151932e+00 1.641239654400000000e+10
3.079999986087467168e+00 1.297012121600000000e+10
3.119999985906785511e+00 7.974968832000000000e+09
3.159999985726103855e+00 2.574394368000000000e+09
3.199999985545422199e+00 3.021236992000000000e+09
3.239999985364740542e+00 3.753373440000000000e+09
3.279999985184055777e+00 3.311449600000000000e+09
3.319999985003374121e+00 4.849628364800000000e+10
3.359999984822692465e+00 1.330143068160000000e+11
3.399999984642010808e+00 1.712270868480000000e+11
3.439999984461329596e+00 1.234616320000000000e+11
3.479999984280647940e+00 5.066699161600000000e+10
3.519999984099963175e+00 7.752410112000000000e+09
3.559999983919281519e+00 5.182433280000000000e+09
3.599999983738599862e+00 1.807631769600000000e+10
3.639999983557918206e+00 2.346974412800000000e+10
3.679999983377236550e+00 2.057258393600000000e+10
3.719999983196551785e+00 1.216519372800000000e+10
3.759999983015870129e+00 6.233417728000000000e+09
3.799999982835188472e+00 2.789391616000000000e+09
3.839999982654506816e+00 2.676056320000000000e+09
3.879999982473825160e+00 5.164188160000000000e+09
3.919999982293143503e+00 8.507314688000000000e+09
3.959999982112458738e+00 6.262611968000000000e+09
3.999999981931777082e+00 2.689010944000000000e+09
4.039999981751095426e+00 7.962434560000000000e+09
4.079999981570414214e+00 2.254846361600000000e+10
4.119999981389732113e+00 3.412365107200000000e+10
4.159999981209047348e+00 3.943548108800000000e+10
4.199999981028366136e+00 3.504365977600000000e+10
4.239999980847684036e+00 1.803839897600000000e+10
4.279999980667002824e+00 3.856169216000000000e+09
4.319999980486320723e+00 8.493496832000000000e+09
4.359999980305635958e+00 2.352827392000000000e+10
4.399999980124954746e+00 1.822034124800000000e+10
4.439999979944272646e+00 5.920516608000000000e+09
4.479999979763591433e+00 1.703007641600000000e+10
4.519999979582909333e+00 5.301397913600000000e+10
4.559999979402228121e+00 7.862716825600000000e+10
4.599999979221543356e+00 6.460129280000000000e+10
4.639999979040861255e+00 4.467035750400000000e+10
4.679999978860180043e+00 3.524387635200000000e+10
4.719999978679497943e+00 3.496066252800000000e+10
4.759999978498816731e+00 3.812053401600000000e+10
4.799999978318131966e+00 4.332785664000000000e+10
4.839999978137449865e+00 3.869045555200000000e+10
4.879999977956768653e+00 2.429259571200000000e+10
4.919999977776087441e+00 6.206079488000000000e+09
4.959999977595405340e+00 4.372761088000000000e+09
4.999999977414724128e+00 1.696415436800000000e+10
5.039999977234039363e+00 1.969435648000000000e+10
5.079999977053357263e+00 1.662118092800000000e+10
5.119999976872676051e+00 1.517006950400000000e+10
5.159999976691993950e+00 1.973621555200000000e+10
5.199999976511312738e+00 3.933732044800000000e+10
5.239999976330627973e+00 5.647294464000000000e+10
5.279999976149945873e+00 5.541709824000000000e+10
5.319999975969264661e+00 3.909419417600000000e+10
5.359999975788582560e+00 2.484525875200000000e+10
5.399999975607901348e+00 1.502165811200000000e+10
5.439999975427216583e+00 1.039043481600000000e+10
5.479999975246534483e+00 8.315002368000000000e+09
5.519999975065853270e+00 8.287355904000000000e+09
5.559999974885171170e+00 8.769618944000000000e+09
5.599999974704489958e+00 9.444841472000000000e+09
5.639999974523807857e+00 7.062496256000000000e+09
5.679999974343123093e+00 2.836300800000000000e+09
5.719999974162441880e+00 5.288956928000000000e+09
5.759999973981759780e+00 1.450687180800000000e+10
5.799999973801078568e+00 2.352170393600000000e+10
5.839999973620396467e+00 2.876738150400000000e+10
5.879999973439711702e+00 3.393961164800000000e+10
5.919999973259030490e+00 4.092560998400000000e+10
5.959999973078349278e+00 3.918801305600000000e+10
5.999999972897667178e+00 3.037494476800000000e+10
6.039999972716985965e+00 1.845634457600000000e+10
6.079999972536301200e+00 1.542106112000000000e+10
6.119999972355619100e+00 1.727338086400000000e+10
6.159999972174937888e+00 1.565254144000000000e+10
6.199999971994255787e+00 9.902301184000000000e+09
6.239999971813574575e+00 1.094680166400000000e+10
6.279999971632892475e+00 3.327302451200000000e+10
6.319999971452207710e+00 6.126156185600000000e+10
6.359999971271526498e+00 7.617752268800000000e+10
6.399999971090844397e+00 7.651514777600000000e+10
6.439999970910163185e+00 5.813550284800000000e+10
6.479999970729481085e+00 3.487912755200000000e+10
6.519999970548796320e+00 1.934262272000000000e+10
6.559999970368115108e+00 1.208756428800000000e+10
6.599999970187433007e+00 8.421092352000000000e+09
6.639999970006751795e+00 5.602865664000000000e+09
6.679999969826069695e+00 6.456423424000000000e+09
6.719999969645388482e+00 9.687640064000000000e+09
6.759999969464703717e+00 1.067634278400000000e+10
6.799999969284021617e+00 9.159578624000000000e+09
6.839999969103340405e+00 7.020631040000000000e+09
6.879999968922659193e+00 4.784914944000000000e+09
6.919999968741977092e+00 3.088041728000000000e+09
6.959999968561292327e+00 1.577687808000000000e+09
6.999999968380611115e+00 1.603388928000000000e+09
7.039999968199929015e+00 6.436989440000000000e+09
7.079999968019247802e+00 1.571469004800000000e+10
7.119999967838565702e+00 2.386632294400000000e+10
7.159999967657880937e+00 2.477033267200000000e+10
7.199999967477199725e+00 2.047147622400000000e+10
7.239999967296517625e+00 1.617431859200000000e+10
7.279999967115836412e+00 1.109082521600000000e+10
7.319999966935154312e+00 7.838284288000000000e+09
7.359999966754473100e+00 5.389334016000000000e+09
7.399999966573788335e+00 2.642324736000000000e+09
7.439999966393106234e+00 1.007182144000000000e+09
7.479999966212425022e+00 1.661493632000000000e+09
7.519999966031742922e+00 1.789812736000000000e+09
7.559999965851061710e+00 2.861822464000000000e+09
7.599999965670376945e+00 6.280443904000000000e+09
7.639999965489694844e+00 4.122050048000000000e+09
7.679999965309013632e+00 1.622854656000000000e+09
7.719999965128331532e+00 1.281947340800000000e+10
7.759999964947650319e+00 3.914430464000000000e+10
7.799999964766968219e+00 7.789952204800000000e+10
7.839999964586283454e+00 9.611989811200000000e+10
7.879999964405602242e+00 7.515734835200000000e+10
7.919999964224921030e+00 4.555748966400000000e+10
7.959999964044238929e+00 2.462700544000000000e+10
7.999999963863557717e+00 1.333936640000000000e+10
8.039999963682872064e+00 8.406779392000000000e+09
8.079999963502190852e+00 7.879411200000000000e+09
8.119999963321509640e+00 1.065036800000000000e+10
8.159999963140828427e+00 1.374603161600000000e+10
8.199999962960145439e+00 1.597928755200000000e+10
8.239999962779460674e+00 1.938109030400000000e+10
8.279999962598779462e+00 2.462544896000000000e+10
8.319999962418098249e+00 3.082714316800000000e+10
8.359999962237417037e+00 3.461906432000000000e+10
8.399999962056734049e+00 3.503571763200000000e+10
8.439999961876052836e+00 3.238059417600000000e+10
8.479999961695368071e+00 2.693579161600000000e+10
8.519999961514686859e+00 2.042161971200000000e+10
8.559999961334005647e+00 1.360951500800000000e+10
8.599999961153322658e+00 8.288704512000000000e+09
8.639999960972641446e+00 6.072732672000000000e+09
8.679999960791956681e+00 7.009956352000000000e+09
8.719999960611275469e+00 9.690164224000000000e+09
8.759999960430594257e+00 1.172811059200000000e+10
8.799999960249911268e+00 1.079009996800000000e+10
8.839999960069230056e+00 7.176981504000000000e+09
8.879999959888548844e+00 3.737741568000000000e+09
8.919999959707864079e+00 1.744065920000000000e+09
8.959999959527182867e+00 1.217883520000000000e+09
8.999999959346501655e+00 2.113828352000000000e+09
9.039999959165818666e+00 4.334041600000000000e+09
9.079999958985137454e+00 7.453181952000000000e+09
9.119999958804452689e+00 1.042671513600000000e+10
9.159999958623771477e+00 1.276408115200000000e+10
9.199999958443090264e+00 1.439349248000000000e+10
9.239999958262407276e+00 1.546781491200000000e+10
9.279999958081726064e+00 1.441987481600000000e+10
9.319999957901041299e+00 1.208031744000000000e+10
9.359999957720360086e+00 8.678961152000000000e+09
9.399999957539678874e+00 5.612810752000000000e+09
9.439999957358995886e+00 3.570057472000000000e+09
9.479999957178314673e+00 2.173129472000000000e+09
9.519999956997633461e+00 1.348061312000000000e+09
9.559999956816948696e+00 9.375116160000000000e+08
9.599999956636267484e+00 7.748789120000000000e+08
9.639999956455584496e+00 6.890073600000000000e+08
9.679999956274903283e+00 6.727429120000000000e+08
9.719999956094222071e+00 8.610689280000000000e+08
9.759999955913537306e+00 1.431511424000000000e+09
9.799999955732856094e+00 2.624288512000000000e+09
9.839999955552174882e+00 4.420065280000000000e+09
9.879999955371491893e+00 6.263531008000000000e+09
9.919999955190810681e+00 7.470560768000000000e+09
9.959999955010125916e+00 7.499113472000000000e+09
9.999999954829444704e+00 6.577963008000000000e+09
1.003999995464876349e+01 5.511921664000000000e+09
1.007999995446808050e+01 5.129803264000000000e+09
1.011999995428739929e+01 5.843468288000000000e+09
1.015999995410671808e+01 7.513460224000000000e+09
1.019999995392603331e+01 1.002396876800000000e+10
1.023999995374535210e+01 1.340040704000000000e+10
1.027999995356466911e+01 1.685777100800000000e+10
1.031999995338398790e+01 1.865507225600000000e+10
1.035999995320330669e+01 1.764958208000000000e+10
1.039999995302262192e+01 1.495757824000000000e+10
1.043999995284194071e+01 1.186392678400000000e+10
1.047999995266125772e+01 8.963520512000000000e+09
1.051999995248057651e+01 6.364497408000000000e+09
1.055999995229989530e+01 4.154451712000000000e+09
1.059999995211921409e+01 2.459426816000000000e+09
1.063999995193852932e+01 1.506041728000000000e+09
1.067999995175784633e+01 1.404485248000000000e+09
1.071999995157716512e+01 2.015110400000000000e+09
1.075999995139648391e+01 3.004245248000000000e+09
1.079999995121580270e+01 3.804224000000000000e+09
1.083999995103511793e+01 4.180145408000000000e+09
1.087999995085443672e+01 4.164720640000000000e+09
1.091999995067375373e+01 3.920487168000000000e+09
1.095999995049307252e+01 3.691192320000000000e+09
1.099999995031239131e+01 3.591159296000000000e+09
1.103999995013170654e+01 3.535392512000000000e+09
1.107999994995102533e+01 3.517919232000000000e+09
1.111999994977034234e+01 3.520774656000000000e+09
1.115999994958966113e+01 3.473350400000000000e+09
1.119999994940897992e+01 3.399718656000000000e+09
1.123999994922829870e+01 3.304120064000000000e+09
1.127999994904761394e+01 3.178821120000000000e+09
1.131999994886693095e+01 3.080367872000000000e+09
1.135999994868624974e+01 3.064565248000000000e+09
1.139999994850556853e+01 3.145922560000000000e+09
1.143999994832488731e+01 3.440789248000000000e+09
1.147999994814420255e+01 4.001668096000000000e+09
1.151999994796351956e+01 4.897018368000000000e+09
1.155999994778283835e+01 6.147990528000000000e+09
1.159999994760215714e+01 7.690339328000000000e+09
1.163999994742147592e+01 9.357671424000000000e+09
1.167999994724079293e+01 1.085923430400000000e+10
1.171999994706010817e+01 1.196884070400000000e+10
1.175999994687942696e+01 1.236164198400000000e+10
1.179999994669874575e+01 1.187145216000000000e+10
1.183999994651806453e+01 1.065435852800000000e+10
1.187999994633738332e+01 8.956935168000000000e+09
1.191999994615669856e+01 7.187449344000000000e+09
1.195999994597601557e+01 5.623725056000000000e+09
1.199999994579533436e+01 4.353367040000000000e+09
1.203999994561465314e+01 3.351182848000000000e+09
