# x = Time (fs); y = Power (W)
-1.059999995211921409e+01 1.968438016000000000e+09
-1.055999995229989707e+01 2.272004352000000000e+09
-1.051999995248057829e+01 2.670643968000000000e+09
-1.047999995266126128e+01 3.090186752000000000e+09
-1.043999995284194249e+01 3.450090752000000000e+09
-1.039999995302262548e+01 3.634970624000000000e+09
-1.035999995320330669e+01 3.545353472000000000e+09
-1.031999995338398968e+01 3.183082752000000000e+09
-1.027999995356467089e+01 2.635312384000000000e+09
-1.023999995374535388e+01 2.027640576000000000e+09
-1.019999995392603687e+01 1.461434112000000000e+09
-1.015999995410671808e+01 1.006621568000000000e+09
-1.011999995428740107e+01 6.798119680000000000e+08
-1.007999995446808228e+01 4.993912320000000000e+08
-1.003999995464876527e+01 5.564550400000000000e+08
-9.999999954829448257e+00 1.091566592000000000e+09
-9.959999955010129469e+00 2.363900416000000000e+09
-9.919999955190810681e+00 4.443271680000000000e+09
-9.879999955371493670e+00 7.056624128000000000e+09
-9.839999955552174882e+00 9.427336192000000000e+09
-9.799999955732859647e+00 1.075160473600000000e+10
-9.759999955913540859e+00 1.063888998400000000e+10
-9.719999956094222071e+00 9.150819328000000000e+09
-9.679999956274905060e+00 7.153022976000000000e+09
-9.639999956455586272e+00 5.192869376000000000e+09
-9.599999956636269260e+00 3.521489920000000000e+09
-9.559999956816952249e+00 2.337035008000000000e+09
-9.519999956997633461e+00 1.459443840000000000e+09
-9.479999957178316450e+00 8.325874560000000000e+08
-9.439999957358997662e+00 4.142520000000000000e+08
-9.399999957539680651e+00 1.600947360000000000e+08
-9.359999957720363639e+00 3.302856800000000000e+07
-9.319999957901044851e+00 1.358600600000000000e+07
-9.279999958081726064e+00 2.099793920000000000e+08
-9.239999958262409052e+00 9.901492480000000000e+08
-9.199999958443092041e+00 3.001787904000000000e+09
-9.159999958623775029e+00 6.827571712000000000e+09
-9.119999958804456242e+00 1.171026534400000000e+10
-9.079999958985137454e+00 1.558715392000000000e+10
-9.039999959165818666e+00 1.667154022400000000e+10
-8.999999959346501655e+00 1.459669401600000000e+10
-8.959999959527186419e+00 1.083950899200000000e+10
-8.919999959707867632e+00 7.259347968000000000e+09
-8.879999959888548844e+00 4.909998080000000000e+09
-8.839999960069230056e+00 3.859076864000000000e+09
-8.799999960249913045e+00 3.833860864000000000e+09
-8.759999960430597810e+00 4.691629568000000000e+09
-8.719999960611279022e+00 5.903187968000000000e+09
-8.679999960791960234e+00 7.112454656000000000e+09
-8.639999960972641446e+00 8.044009472000000000e+09
-8.599999961153324435e+00 8.219464192000000000e+09
-8.559999961334007423e+00 7.721713664000000000e+09
-8.519999961514690412e+00 7.051390464000000000e+09
-8.479999961695371624e+00 6.234491904000000000e+09
-8.439999961876052836e+00 5.896169472000000000e+09
-8.399999962056734049e+00 5.147793920000000000e+09
-8.359999962237418814e+00 4.640029184000000000e+09
-8.319999962418101802e+00 4.184551168000000000e+09
-8.279999962598783014e+00 3.386641664000000000e+09
-8.239999962779464227e+00 2.550838784000000000e+09
-8.199999962960145439e+00 1.895769728000000000e+09
-8.159999963140828427e+00 1.813177984000000000e+09
-8.119999963321513192e+00 2.100753024000000000e+09
-8.079999963502194404e+00 1.696074624000000000e+09
-8.039999963682875617e+00 6.014654080000000000e+08
-7.999999963863557717e+00 2.900522000000000000e+07
-7.959999964044240706e+00 3.303445760000000000e+08
-7.919999964224921918e+00 5.638760960000000000e+08
-7.879999964405605795e+00 8.079425920000000000e+08
-7.839999964586287007e+00 2.126336640000000000e+09
-7.799999964766968219e+00 7.042071552000000000e+09
-7.759999964947650319e+00 1.629028454400000000e+10
-7.719999965128333308e+00 2.815295692800000000e+10
-7.679999965309016297e+00 4.035624140800000000e+10
-7.639999965489698397e+00 4.780833587200000000e+10
-7.599999965670379609e+00 4.287673548800000000e+10
-7.559999965851061710e+00 3.133730406400000000e+10
-7.519999966031744698e+00 2.015119155200000000e+10
-7.479999966212426799e+00 1.270837452800000000e+10
-7.439999966393109787e+00 8.846659584000000000e+09
-7.399999966573790999e+00 7.233992192000000000e+09
-7.359999966754473100e+00 6.626900480000000000e+09
-7.319999966935154312e+00 5.869838336000000000e+09
-7.279999967115837300e+00 5.043761152000000000e+09
-7.239999967296521177e+00 4.095864576000000000e+09
-7.199999967477202389e+00 2.961383680000000000e+09
-7.159999967657884490e+00 2.129318528000000000e+09
-7.119999967838565702e+00 1.670520448000000000e+09
-7.079999968019248691e+00 1.325230848000000000e+09
-7.039999968199931679e+00 9.404468480000000000e+08
-6.999999968380612891e+00 4.908531520000000000e+08
-6.959999968561295880e+00 1.287630160000000000e+08
-6.919999968741977980e+00 1.863377600000000000e+08
-6.879999968922660081e+00 9.671813120000000000e+08
-6.839999969103342181e+00 2.796120576000000000e+09
-6.799999969284024282e+00 5.846159872000000000e+09
-6.759999969464706382e+00 1.002943283200000000e+10
-6.719999969645389370e+00 1.412325990400000000e+10
-6.679999969826070583e+00 1.566286848000000000e+10
-6.639999970006753571e+00 1.363840000000000000e+10
-6.599999970187435672e+00 9.425586176000000000e+09
-6.559999970368116884e+00 5.151821824000000000e+09
-6.519999970548799872e+00 2.088703360000000000e+09
-6.479999970729481973e+00 5.173092160000000000e+08
-6.439999970910164961e+00 4.599897600000000000e+07
-6.399999971090846174e+00 3.844830400000000000e+08
-6.359999971271528274e+00 1.387471104000000000e+09
-6.319999971452211263e+00 2.998035200000000000e+09
-6.279999971632893363e+00 5.294625792000000000e+09
-6.239999971813575463e+00 8.947366912000000000e+09
-6.199999971994257564e+00 1.295730278400000000e+10
-6.159999972174939664e+00 1.505943859200000000e+10
-6.119999972355622653e+00 1.604145356800000000e+10
-6.079999972536303865e+00 1.561388032000000000e+10
-6.039999972716985965e+00 1.486742835200000000e+10
-5.999999972897668954e+00 1.314824396800000000e+10
-5.959999973078351054e+00 1.067883110400000000e+10
-5.919999973259033155e+00 8.118905856000000000e+09
-5.879999973439715255e+00 6.141975552000000000e+09
-5.839999973620396467e+00 4.060129280000000000e+09
-5.799999973801080344e+00 1.909802752000000000e+09
-5.759999973981761556e+00 8.369955200000000000e+08
-5.719999974162444545e+00 8.398220800000000000e+08
-5.679999974343126645e+00 1.060547264000000000e+09
-5.639999974523807857e+00 1.030784576000000000e+09
-5.599999974704491734e+00 1.181250176000000000e+09
-5.559999974885172946e+00 5.251144320000000000e+08
-5.519999975065855047e+00 3.928713728000000000e+09
-5.479999975246538035e+00 1.393835520000000000e+10
-5.439999975427219248e+00 2.361880985600000000e+10
-5.399999975607903124e+00 3.371763507200000000e+10
-5.359999975788584337e+00 5.091278028800000000e+10
-5.319999975969265549e+00 5.971991347200000000e+10
-5.279999976149949426e+00 5.195719475200000000e+10
-5.239999976330630638e+00 4.147303628800000000e+10
-5.199999976511312738e+00 2.883399475200000000e+10
-5.159999976691995727e+00 1.770661478400000000e+10
-5.119999976872676939e+00 9.508468736000000000e+09
-5.079999977053359039e+00 2.619345152000000000e+09
-5.039999977234042028e+00 2.110689920000000000e+08
-4.999999977414724128e+00 4.075961344000000000e+09
-4.959999977595407117e+00 1.849635635200000000e+10
-4.919999977776088329e+00 4.164071424000000000e+10
-4.879999977956770429e+00 5.600854425600000000e+10
-4.839999978137453418e+00 5.578424320000000000e+10
-4.799999978318134630e+00 4.938603315200000000e+10
-4.759999978498816731e+00 4.437703884800000000e+10
-4.719999978679499719e+00 3.679546982400000000e+10
-4.679999978860181820e+00 3.348454604800000000e+10
-4.639999979040864808e+00 2.578549145600000000e+10
-4.599999979221546020e+00 1.441399500800000000e+10
-4.559999979402228121e+00 5.724874752000000000e+09
-4.519999979582911109e+00 5.187966976000000000e+09
-4.479999979763593210e+00 9.448685568000000000e+09
-4.439999979944274422e+00 1.548873011200000000e+10
-4.399999980124957411e+00 2.343438745600000000e+10
-4.359999980305639511e+00 3.181158400000000000e+10
-4.319999980486322499e+00 3.712785203200000000e+10
-4.279999980667003712e+00 3.529281945600000000e+10
-4.239999980847685812e+00 3.039997132800000000e+10
-4.199999981028368801e+00 2.439457996800000000e+10
-4.159999981209050901e+00 1.606481100800000000e+10
-4.119999981389732113e+00 9.774840832000000000e+09
-4.079999981570415102e+00 6.684414464000000000e+09
-4.039999981751097202e+00 5.719991296000000000e+09
-3.999999981931778859e+00 7.583728640000000000e+09
-3.959999982112461847e+00 9.982628864000000000e+09
-3.919999982293143503e+00 1.101131571200000000e+10
-3.879999982473826936e+00 9.870590976000000000e+09
-3.839999982654508148e+00 4.582838784000000000e+09
-3.799999982835189805e+00 1.352754560000000000e+09
-3.759999983015873237e+00 7.059986400000000000e+07
-3.719999983196554894e+00 1.196188032000000000e+09
-3.679999983377236550e+00 7.228305408000000000e+09
-3.639999983557919538e+00 1.268591718400000000e+10
-3.599999983738601195e+00 1.132283084800000000e+10
-3.559999983919284627e+00 6.566919168000000000e+09
-3.519999984099966284e+00 5.452975104000000000e+09
-3.479999984280647940e+00 9.618557952000000000e+09
-3.439999984461330929e+00 1.458543923200000000e+10
-3.399999984642012585e+00 1.696035532800000000e+10
-3.359999984822694241e+00 1.442966528000000000e+10
-3.319999985003377230e+00 8.211291136000000000e+09
-3.279999985184058886e+00 8.040842752000000000e+09
-3.239999985364742319e+00 1.736192614400000000e+10
-3.199999985545423975e+00 2.696014643200000000e+10
-3.159999985726105631e+00 3.072312934400000000e+10
-3.119999985906788620e+00 2.221550182400000000e+10
-3.079999986087470276e+00 1.186096128000000000e+10
-3.039999986268151932e+00 7.060699648000000000e+09
-2.999999986448835365e+00 3.156000256000000000e+09
-2.959999986629517021e+00 2.579228672000000000e+09
-2.919999986810200010e+00 6.506524160000000000e+09
-2.879999986990881666e+00 1.200109977600000000e+10
-2.839999987171563323e+00 1.835487232000000000e+10
-2.799999987352246311e+00 1.253648588800000000e+10
-2.759999987532927967e+00 8.692588160000000000e+08
-2.719999987713609624e+00 1.351343718400000000e+10
-2.679999987894293056e+00 5.594194739200000000e+10
-2.639999988074974713e+00 8.517730304000000000e+10
-2.599999988255656369e+00 8.328797388800000000e+10
-2.559999988436339358e+00 6.069034598400000000e+10
-2.519999988617021014e+00 4.028828057600000000e+10
-2.479999988797704447e+00 2.194436710400000000e+10
-2.439999988978386103e+00 1.877467750400000000e+10
-2.399999989159067315e+00 2.162459443200000000e+10
-2.359999989339750748e+00 2.386661376000000000e+10
-2.319999989520432404e+00 2.665427353600000000e+10
-2.279999989701114060e+00 2.648320819200000000e+10
-2.239999989881797049e+00 2.582247014400000000e+10
-2.199999990062478705e+00 2.211655270400000000e+10
-2.159999990243162138e+00 1.644710195200000000e+10
-2.119999990423843794e+00 1.168323788800000000e+10
-2.079999990604525451e+00 1.260249088000000000e+10
-2.039999990785208439e+00 2.052965376000000000e+10
-1.999999990965890095e+00 1.352320307200000000e+10
-1.959999991146571752e+00 1.012466240000000000e+09
-1.919999991327254962e+00 4.701224960000000000e+09
-1.879999991507936619e+00 2.540627712000000000e+09
-1.839999991688619829e+00 3.021357440000000000e+08
-1.799999991869301486e+00 1.972115968000000000e+09
-1.759999992049983142e+00 4.794812416000000000e+10
-1.719999992230666352e+00 1.560755240960000000e+11
-1.679999992411347787e+00 1.747218595840000000e+11
-1.639999992592029443e+00 9.901490995200000000e+10
-1.599999992772712654e+00 4.388052172800000000e+10
-1.559999992953394310e+00 2.471887257600000000e+10
-1.519999993134077521e+00 1.259311411200000000e+10
-1.479999993314759177e+00 2.000609408000000000e+09
-1.439999993495440833e+00 3.152497600000000000e+08
-1.399999993676124044e+00 2.428519936000000000e+09
-1.359999993856805700e+00 5.995746304000000000e+09
-1.319999994037487356e+00 7.445363200000000000e+09
-1.279999994218170567e+00 7.433139840000000000e+08
-1.239999994398852223e+00 6.575158784000000000e+09
-1.199999994579533658e+00 3.317889638400000000e+10
-1.159999994760216868e+00 4.569930956800000000e+10
-1.119999994940898524e+00 3.249050624000000000e+10
-1.079999995121581735e+00 1.776131686400000000e+10
-1.039999995302263391e+00 1.518991974400000000e+10
-9.999999954829450477e-01 1.441887641600000000e+10
-9.599999956636282583e-01 5.582011904000000000e+09
-9.199999958443099146e-01 2.138440576000000000e+09
-8.799999960249915709e-01 2.216193228800000000e+10
-8.399999962056747815e-01 5.290930585600000000e+10
-7.999999963863563268e-01 8.410666598400000000e+10
-7.599999965670395374e-01 1.060152688640000000e+11
-7.199999967477211937e-01 9.755895398400000000e+10
-6.799999969284028500e-01 6.015580160000000000e+10
-6.399999971090860607e-01 5.250105753600000000e+10
-5.999999972897677170e-01 7.286507929600000000e+10
-5.599999974704492622e-01 6.013428121600000000e+10
-5.199999976511324729e-01 2.320650240000000000e+10
-4.799999978318141292e-01 3.490022656000000000e+09
-4.399999980124973398e-01 3.621360384000000000e+09
-3.999999981931789961e-01 1.364776345600000000e+10
-3.599999983738605969e-01 3.133079756800000000e+10
-3.199999985545438075e-01 5.396242841600000000e+10
-2.799999987352254638e-01 6.771757056000000000e+10
-2.399999989159070646e-01 6.757217075200000000e+10
-1.999999990965902752e-01 4.858490060800000000e+10
-1.599999992772719037e-01 3.644898508800000000e+10
-1.199999994579535323e-01 2.370786099200000000e+10
-7.999999963863674290e-02 6.938975744000000000e+09
-3.999999981931837145e-02 2.614843392000000000e+09
-1.577721810442023611e-15 1.558616268800000000e+10
3.999999981931678938e-02 2.673148108800000000e+10
7.999999963863516084e-02 2.258603417600000000e+10
1.199999994579519502e-01 2.179716505600000000e+10
1.599999992772703217e-01 3.629786726400000000e+10
1.999999990965886931e-01 3.502092288000000000e+10
2.399999989159054825e-01 1.769776332800000000e+10
2.799999987352238540e-01 1.608462438400000000e+10
3.199999985545406433e-01 3.474089574400000000e+10
3.599999983738590426e-01 4.653737984000000000e+10
3.999999981931773863e-01 4.118871244800000000e+10
4.399999980124941756e-01 1.184785817600000000e+10
4.799999978318125748e-01 8.639562752000000000e+09
5.199999976511309185e-01 3.173773312000000000e+10
5.599999974704477079e-01 3.286943129600000000e+10
5.999999972897660516e-01 2.743901798400000000e+10
6.399999971090828410e-01 2.194531328000000000e+10
6.799999969284012957e-01 1.455416217600000000e+10
7.199999967477196394e-01 5.694336512000000000e+09
7.599999965670364288e-01 4.434470912000000000e+09
7.999999963863547725e-01 6.440733440000000000e+08
8.399999962056731162e-01 2.014449664000000000e+10
8.799999960249899056e-01 8.814433894400000000e+10
9.199999958443083603e-01 1.289038888960000000e+11
9.599999956636251497e-01 9.227236966400000000e+10
9.999999954829434934e-01 3.723664588800000000e+10
1.039999995302261837e+00 8.119009792000000000e+09
1.079999995121578626e+00 2.638420480000000000e+09
1.119999994940896970e+00 4.534760448000000000e+09
1.159999994760215314e+00 7.755662848000000000e+09
1.199999994579532103e+00 1.050481664000000000e+10
1.239999994398850447e+00 5.157952512000000000e+09
1.279999994218169013e+00 1.822650624000000000e+09
1.319999994037487356e+00 6.542301184000000000e+09
1.359999993856802591e+00 2.090137600000000000e+10
1.399999993676120935e+00 3.460437606400000000e+10
1.439999993495439279e+00 4.216958566400000000e+10
1.479999993314757623e+00 4.712372224000000000e+10
1.519999993134075966e+00 5.056674201600000000e+10
1.559999992953391201e+00 4.230833766400000000e+10
1.599999992772709545e+00 1.932299673600000000e+10
1.639999992592027889e+00 2.925153792000000000e+09
1.679999992411346232e+00 1.951608627200000000e+10
1.719999992230664798e+00 4.622810726400000000e+10
1.759999992049983142e+00 7.072234700800000000e+10
1.799999991869298377e+00 7.749039718400000000e+10
1.839999991688616721e+00 7.745520435200000000e+10
1.879999991507935064e+00 6.289340006400000000e+10
1.919999991327253408e+00 4.729594265600000000e+10
1.959999991146571752e+00 3.409278156800000000e+10
1.999999990965886987e+00 2.572652953600000000e+10
2.039999990785205330e+00 1.732685414400000000e+10
2.079999990604523674e+00 8.683072512000000000e+09
2.119999990423842018e+00 6.200786944000000000e+09
2.159999990243160362e+00 1.201298636800000000e+10
2.199999990062475597e+00 1.930135961600000000e+10
2.239999989881793940e+00 2.618949017600000000e+10
2.279999989701112284e+00 3.388223078400000000e+10
2.319999989520430628e+00 4.162392883200000000e+10
2.359999989339748971e+00 4.124961587200000000e+10
2.399999989159067315e+00 2.993237811200000000e+10
2.439999988978382550e+00 1.038201958400000000e+10
2.479999988797700894e+00 1.928093696000000000e+09
2.519999988617019682e+00 8.554832896000000000e+09
2.559999988436338025e+00 1.614616064000000000e+10
2.599999988255656369e+00 3.030949273600000000e+10
2.639999988074971604e+00 4.549181849600000000e+10
2.679999987894289948e+00 2.735327232000000000e+10
2.719999987713608292e+00 8.062763520000000000e+09
2.759999987532926635e+00 4.665757696000000000e+10
2.799999987352244979e+00 8.411104870400000000e+10
2.839999987171563323e+00 8.892343910400000000e+10
2.879999986990878558e+00 7.690735616000000000e+10
2.919999986810196901e+00 7.355532902400000000e+10
2.959999986629515245e+00 6.163607961600000000e+10
2.999999986448833589e+00 4.825515212800000000e+10
3.039999986268151932e+00 2.584282316800000000e+10
3.079999986087467168e+00 8.065623552000000000e+09
3.119999985906785511e+00 7.297940480000000000e+09
3.159999985726103855e+00 2.018041856000000000e+10
3.199999985545422199e+00 2.316065177600000000e+10
3.239999985364740542e+00 1.267822592000000000e+10
3.279999985184055777e+00 1.179102720000000000e+10
3.319999985003374121e+00 2.298376396800000000e+10
3.359999984822692465e+00 2.491581644800000000e+10
3.399999984642010808e+00 2.443133542400000000e+10
3.439999984461329596e+00 2.872228864000000000e+10
3.479999984280647940e+00 2.813652787200000000e+10
3.519999984099963175e+00 1.738023936000000000e+10
3.559999983919281519e+00 1.071372492800000000e+10
3.599999983738599862e+00 9.876218880000000000e+09
3.639999983557918206e+00 5.900971008000000000e+09
3.679999983377236550e+00 3.881350400000000000e+09
3.719999983196551785e+00 2.556402073600000000e+10
3.759999983015870129e+00 5.572601036800000000e+10
3.799999982835188472e+00 5.549322649600000000e+10
3.839999982654506816e+00 3.859107020800000000e+10
3.879999982473825160e+00 2.071971840000000000e+10
3.919999982293143503e+00 1.410823168000000000e+10
3.959999982112458738e+00 3.427196723200000000e+10
3.999999981931777082e+00 6.855535820800000000e+10
4.039999981751095426e+00 8.874020864000000000e+10
4.079999981570414214e+00 6.434956083200000000e+10
4.119999981389732113e+00 3.111555276800000000e+10
4.159999981209047348e+00 1.519250329600000000e+10
4.199999981028366136e+00 6.740449792000000000e+09
4.239999980847684036e+00 4.123665408000000000e+09
4.279999980667002824e+00 4.542887936000000000e+09
4.319999980486320723e+00 8.798544896000000000e+09
4.359999980305635958e+00 7.393398784000000000e+09
4.399999980124954746e+00 7.626461440000000000e+08
4.439999979944272646e+00 7.628952576000000000e+09
4.479999979763591433e+00 3.535614771200000000e+10
4.519999979582909333e+00 7.234916352000000000e+10
4.559999979402228121e+00 8.749426278400000000e+10
4.599999979221543356e+00 7.212485836800000000e+10
4.639999979040861255e+00 4.586556211200000000e+10
4.679999978860180043e+00 2.736921804800000000e+10
4.719999978679497943e+00 9.620469760000000000e+09
4.759999978498816731e+00 4.622408640000000000e+08
4.799999978318131966e+00 1.112775270400000000e+10
4.839999978137449865e+00 3.303410073600000000e+10
4.879999977956768653e+00 5.322206822400000000e+10
4.919999977776087441e+00 7.150087372800000000e+10
4.959999977595405340e+00 8.682690969600000000e+10
4.999999977414724128e+00 9.046567321600000000e+10
5.039999977234039363e+00 7.869916774400000000e+10
5.079999977053357263e+00 6.444952780800000000e+10
5.119999976872676051e+00 4.584968601600000000e+10
5.159999976691993950e+00 2.595327795200000000e+10
5.199999976511312738e+00 1.512569958400000000e+10
5.239999976330627973e+00 1.815013171200000000e+10
5.279999976149945873e+00 2.536334950400000000e+10
5.319999975969264661e+00 2.712825446400000000e+10
5.359999975788582560e+00 1.849907200000000000e+10
5.399999975607901348e+00 6.459864576000000000e+09
5.439999975427216583e+00 6.741123840000000000e+08
5.479999975246534483e+00 1.422151296000000000e+09
5.519999975065853270e+00 3.896342784000000000e+09
5.559999974885171170e+00 8.546974720000000000e+09
5.599999974704489958e+00 1.576936550400000000e+10
5.639999974523807857e+00 1.972577484800000000e+10
5.679999974343123093e+00 1.478165196800000000e+10
5.719999974162441880e+00 6.113193472000000000e+09
5.759999973981759780e+00 5.427780480000000000e+08
5.799999973801078568e+00 3.744342016000000000e+09
5.839999973620396467e+00 1.486223667200000000e+10
5.879999973439711702e+00 2.690290892800000000e+10
5.919999973259030490e+00 3.374136115200000000e+10
5.959999973078349278e+00 3.129990758400000000e+10
5.999999972897667178e+00 2.418979430400000000e+10
6.039999972716985965e+00 2.022094028800000000e+10
6.079999972536301200e+00 2.013471334400000000e+10
6.119999972355619100e+00 1.815258112000000000e+10
6.159999972174937888e+00 1.261284761600000000e+10
6.199999971994255787e+00 4.966424576000000000e+09
6.239999971813574575e+00 4.621154880000000000e+08
6.279999971632892475e+00 3.126054912000000000e+09
6.319999971452207710e+00 1.299587788800000000e+10
6.359999971271526498e+00 2.720891904000000000e+10
6.399999971090844397e+00 4.578057830400000000e+10
6.439999970910163185e+00 6.219442585600000000e+10
6.479999970729481085e+00 6.561513472000000000e+10
6.519999970548796320e+00 5.521015603200000000e+10
6.559999970368115108e+00 3.412015308800000000e+10
6.599999970187433007e+00 1.521268633600000000e+10
6.639999970006751795e+00 4.367441408000000000e+09
6.679999969826069695e+00 1.055451776000000000e+09
6.719999969645388482e+00 1.927696000000000000e+09
6.759999969464703717e+00 4.791124480000000000e+09
6.799999969284021617e+00 6.976382464000000000e+09
6.839999969103340405e+00 7.555485184000000000e+09
6.879999968922659193e+00 1.115663462400000000e+10
6.919999968741977092e+00 1.833223987200000000e+10
6.959999968561292327e+00 2.274552217600000000e+10
6.999999968380611115e+00 1.941540864000000000e+10
7.039999968199929015e+00 1.315406643200000000e+10
7.079999968019247802e+00 9.106655232000000000e+09
7.119999967838565702e+00 6.639749120000000000e+09
7.159999967657880937e+00 4.126363648000000000e+09
7.199999967477199725e+00 2.777823232000000000e+09
7.239999967296517625e+00 6.204517888000000000e+09
7.279999967115836412e+00 1.309948928000000000e+10
7.319999966935154312e+00 2.268818636800000000e+10
7.359999966754473100e+00 3.754069606400000000e+10
7.399999966573788335e+00 5.230721843200000000e+10
7.439999966393106234e+00 5.443785523200000000e+10
7.479999966212425022e+00 4.417854259200000000e+10
7.519999966031742922e+00 3.139587276800000000e+10
7.559999965851061710e+00 1.989986918400000000e+10
7.599999965670376945e+00 1.241510707200000000e+10
7.639999965489694844e+00 8.277426176000000000e+09
7.679999965309013632e+00 6.890736640000000000e+09
7.719999965128331532e+00 7.137780736000000000e+09
7.759999964947650319e+00 6.186230272000000000e+09
7.799999964766968219e+00 3.192951552000000000e+09
7.839999964586283454e+00 1.043571456000000000e+09
7.879999964405602242e+00 2.943292160000000000e+09
7.919999964224921030e+00 8.942444544000000000e+09
7.959999964044238929e+00 1.559390515200000000e+10
7.999999963863557717e+00 1.971189555200000000e+10
8.039999963682872064e+00 2.135059251200000000e+10
8.079999963502190852e+00 1.958269337600000000e+10
8.119999963321509640e+00 1.586966118400000000e+10
8.159999963140828427e+00 1.468740608000000000e+10
8.199999962960145439e+00 1.606441369600000000e+10
8.239999962779460674e+00 1.702614732800000000e+10
8.279999962598779462e+00 1.512347443200000000e+10
8.319999962418098249e+00 1.282763878400000000e+10
8.359999962237417037e+00 1.461238886400000000e+10
8.399999962056734049e+00 2.099708518400000000e+10
8.439999961876052836e+00 2.973994393600000000e+10
8.479999961695368071e+00 3.808645939200000000e+10
8.519999961514686859e+00 4.105673113600000000e+10
8.559999961334005647e+00 3.498639360000000000e+10
8.599999961153322658e+00 2.234298982400000000e+10
8.639999960972641446e+00 1.114319155200000000e+10
8.679999960791956681e+00 4.717751808000000000e+09
8.719999960611275469e+00 1.819308544000000000e+09
8.759999960430594257e+00 6.905308800000000000e+08
8.799999960249911268e+00 2.745378880000000000e+08
8.839999960069230056e+00 1.193586240000000000e+08
8.879999959888548844e+00 1.152022400000000000e+08
8.919999959707864079e+00 2.269966240000000000e+08
8.959999959527182867e+00 6.052099840000000000e+08
8.999999959346501655e+00 1.811533568000000000e+09
9.039999959165818666e+00 4.786507776000000000e+09
9.079999958985137454e+00 9.822724096000000000e+09
9.119999958804452689e+00 1.596848332800000000e+10
9.159999958623771477e+00 2.018765824000000000e+10
9.199999958443090264e+00 1.957669888000000000e+10
9.239999958262407276e+00 1.430821785600000000e+10
9.279999958081726064e+00 8.445512192000000000e+09
9.319999957901041299e+00 4.327115264000000000e+09
9.359999957720360086e+00 2.007182208000000000e+09
9.399999957539678874e+00 9.988773120000000000e+08
9.439999957358995886e+00 9.246246400000000000e+08
9.479999957178314673e+00 1.701833472000000000e+09
9.519999956997633461e+00 2.829099008000000000e+09
9.559999956816948696e+00 2.830665984000000000e+09
9.599999956636267484e+00 2.568380416000000000e+09
9.639999956455584496e+00 5.036460032000000000e+09
9.679999956274903283e+00 1.127921664000000000e+10
9.719999956094222071e+00 2.002438348800000000e+10
9.759999955913537306e+00 2.846601625600000000e+10
9.799999955732856094e+00 3.232518553600000000e+10
9.839999955552174882e+00 3.072357580800000000e+10
9.879999955371491893e+00 2.481392844800000000e+10
9.919999955190810681e+00 1.775867289600000000e+10
9.959999955010125916e+00 1.085895168000000000e+10
9.999999954829444704e+00 5.742263296000000000e+09
1.003999995464876349e+01 3.188392704000000000e+09
1.007999995446808050e+01 3.453816832000000000e+09
1.011999995428739929e+01 5.877713408000000000e+09
1.015999995410671808e+01 8.726866944000000000e+09
1.019999995392603331e+01 1.005851238400000000e+10
1.023999995374535210e+01 9.687575552000000000e+09
1.027999995356466911e+01 8.354366464000000000e+09
1.031999995338398790e+01 6.832960000000000000e+09
1.035999995320330669e+01 5.479383552000000000e+09
1.039999995302262192e+01 4.303736320000000000e+09
1.043999995284194071e+01 3.220602624000000000e+09
1.047999995266125772e+01 2.131806976000000000e+09
1.051999995248057651e+01 1.099363200000000000e+09
1.055999995229989530e+01 4.420946240000000000e+08
1.059999995211921409e+01 8.279685760000000000e+08
1.063999995193852932e+01 3.010854912000000000e+09
1.067999995175784633e+01 6.938428416000000000e+09
1.071999995157716512e+01 1.110171340800000000e+10
1.075999995139648391e+01 1.337163366400000000e+10
1.079999995121580270e+01 1.315988582400000000e+10
1.083999995103511793e+01 1.143378534400000000e+10
1.087999995085443672e+01 9.487405056000000000e+09
1.091999995067375373e+01 8.246882304000000000e+09
1.095999995049307252e+01 7.933177856000000000e+09
1.099999995031239131e+01 8.460764672000000000e+09
1.103999995013170654e+01 9.174776832000000000e+09
1.107999994995102533e+01 9.264222208000000000e+09
1.111999994977034234e+01 8.516609024000000000e+09
1.115999994958966113e+01 7.099532288000000000e+09
1.119999994940897992e+01 5.380507648000000000e+09
1.123999994922829870e+01 3.840721152000000000e+09
1.127999994904761394e+01 2.623694592000000000e+09
1.131999994886693095e+01 1.752856192000000000e+09
1.135999994868624974e+01 1.192242432000000000e+09
1.139999994850556853e+01 8.738878720000000000e+08
1.143999994832488731e+01 7.186422400000000000e+08
1.147999994814420255e+01 7.044456320000000000e+08
1.151999994796351956e+01 8.173440640000000000e+08
1.155999994778283835e+01 1.038121344000000000e+09
1.159999994760215714e+01 1.434393472000000000e+09
1.163999994742147592e+01 2.034680448000000000e+09
1.167999994724079293e+01 2.875212288000000000e+09
1.171999994706010817e+01 4.020767488000000000e+09
1.175999994687942696e+01 5.379491328000000000e+09
1.179999994669874575e+01 6.795266048000000000e+09
1.183999994651806453e+01 8.003144192000000000e+09
1.187999994633738332e+01 8.652783616000000000e+09
1.191999994615669856e+01 8.730587136000000000e+09
1.195999994597601557e+01 8.306882560000000000e+09
1.199999994579533436e+01 7.633618944000000000e+09
1.203999994561465314e+01 6.951807488000000000e+09
1.207999994543397193e+01 6.371830272000000000e+09
1.211999994525328717e+01 5.907119104000000000e+09
1.215999994507260418e+01 5.557734400000000000e+09
1.219999994489192296e+01 5.185645056000000000e+09
1.223999994471124175e+01 4.733239296000000000e+09
1.227999994453056054e+01 4.112953856000000000e+09
1.231999994434987755e+01 3.405298176000000000e+09
1.235999994416919279e+01 2.702712064000000000e+09
