# x = Time (fs); y = Power (W)
-1.195999994597601912e+01 1.607845504000000000e+09
-1.191999994615670033e+01 1.803420032000000000e+09
-1.187999994633738332e+01 2.017916160000000000e+09
-1.183999994651806631e+01 2.207282944000000000e+09
-1.179999994669874752e+01 2.399052544000000000e+09
-1.175999994687943051e+01 2.571499520000000000e+09
-1.171999994706011172e+01 2.696576512000000000e+09
-1.167999994724079293e+01 2.784640512000000000e+09
-1.163999994742147770e+01 2.837097216000000000e+09
-1.159999994760215891e+01 2.819982592000000000e+09
-1.155999994778284012e+01 2.791059712000000000e+09
-1.151999994796352311e+01 2.752134912000000000e+09
-1.147999994814420432e+01 2.720493056000000000e+09
-1.143999994832488731e+01 2.712239616000000000e+09
-1.139999994850557030e+01 2.676451840000000000e+09
-1.135999994868625151e+01 2.605777664000000000e+09
-1.131999994886693450e+01 2.482968064000000000e+09
-1.127999994904761571e+01 2.306283264000000000e+09
-1.123999994922829870e+01 2.136487936000000000e+09
-1.119999994940898169e+01 2.005900544000000000e+09
-1.115999994958966290e+01 1.922336768000000000e+09
-1.111999994977034589e+01 1.912216064000000000e+09
-1.107999994995102711e+01 1.940000128000000000e+09
-1.103999995013171009e+01 2.002609792000000000e+09
-1.099999995031239131e+01 2.073096960000000000e+09
-1.095999995049307429e+01 2.132372864000000000e+09
-1.091999995067375551e+01 2.150948096000000000e+09
-1.087999995085443850e+01 2.106385664000000000e+09
-1.083999995103512148e+01 1.978199936000000000e+09
-1.079999995121580270e+01 1.799198336000000000e+09
-1.075999995139648568e+01 1.567590528000000000e+09
-1.071999995157716690e+01 1.337015296000000000e+09
-1.067999995175784989e+01 1.129002496000000000e+09
-1.063999995193853110e+01 9.445149440000000000e+08
-1.059999995211921409e+01 8.208904960000000000e+08
-1.055999995229989707e+01 7.479741440000000000e+08
-1.051999995248057829e+01 7.251980160000000000e+08
-1.047999995266126128e+01 7.643285760000000000e+08
-1.043999995284194249e+01 8.378248320000000000e+08
-1.039999995302262548e+01 9.510458240000000000e+08
-1.035999995320330669e+01 1.106425728000000000e+09
-1.031999995338398968e+01 1.225793664000000000e+09
-1.027999995356467089e+01 1.336532096000000000e+09
-1.023999995374535388e+01 1.386274816000000000e+09
-1.019999995392603687e+01 1.367389184000000000e+09
-1.015999995410671808e+01 1.307367424000000000e+09
-1.011999995428740107e+01 1.196276736000000000e+09
-1.007999995446808228e+01 1.072193792000000000e+09
-1.003999995464876527e+01 9.638781440000000000e+08
-9.999999954829448257e+00 9.101283840000000000e+08
-9.959999955010129469e+00 9.915649920000000000e+08
-9.919999955190810681e+00 1.352614528000000000e+09
-9.879999955371493670e+00 2.276903168000000000e+09
-9.839999955552174882e+00 4.114863360000000000e+09
-9.799999955732859647e+00 6.619417600000000000e+09
-9.759999955913540859e+00 9.343647744000000000e+09
-9.719999956094222071e+00 1.173347430400000000e+10
-9.679999956274905060e+00 1.302982860800000000e+10
-9.639999956455586272e+00 1.315091148800000000e+10
-9.599999956636269260e+00 1.161131827200000000e+10
-9.559999956816952249e+00 9.323422720000000000e+09
-9.519999956997633461e+00 7.049309184000000000e+09
-9.479999957178316450e+00 5.061445632000000000e+09
-9.439999957358997662e+00 3.671336960000000000e+09
-9.399999957539680651e+00 2.733518592000000000e+09
-9.359999957720363639e+00 2.067642112000000000e+09
-9.319999957901044851e+00 1.622801408000000000e+09
-9.279999958081726064e+00 1.348290560000000000e+09
-9.239999958262409052e+00 1.138721536000000000e+09
-9.199999958443092041e+00 9.579162240000000000e+08
-9.159999958623775029e+00 7.591024000000000000e+08
-9.119999958804456242e+00 5.289288320000000000e+08
-9.079999958985137454e+00 2.928257280000000000e+08
-9.039999959165818666e+00 1.156384640000000000e+08
-8.999999959346501655e+00 6.578391200000000000e+07
-8.959999959527186419e+00 1.875060160000000000e+08
-8.919999959707867632e+00 5.295216320000000000e+08
-8.879999959888548844e+00 1.127972352000000000e+09
-8.839999960069230056e+00 2.072091648000000000e+09
-8.799999960249913045e+00 3.364811520000000000e+09
-8.759999960430597810e+00 4.853079552000000000e+09
-8.719999960611279022e+00 6.251723264000000000e+09
-8.679999960791960234e+00 7.198553600000000000e+09
-8.639999960972641446e+00 7.649926144000000000e+09
-8.599999961153324435e+00 7.295037952000000000e+09
-8.559999961334007423e+00 5.794960384000000000e+09
-8.519999961514690412e+00 3.847491584000000000e+09
-8.479999961695371624e+00 2.286567936000000000e+09
-8.439999961876052836e+00 1.327843328000000000e+09
-8.399999962056734049e+00 8.197813120000000000e+08
-8.359999962237418814e+00 6.498515840000000000e+08
-8.319999962418101802e+00 8.266096640000000000e+08
-8.279999962598783014e+00 1.486643328000000000e+09
-8.239999962779464227e+00 3.040188672000000000e+09
-8.199999962960145439e+00 5.731348480000000000e+09
-8.159999963140828427e+00 9.423741952000000000e+09
-8.119999963321513192e+00 1.317744742400000000e+10
-8.079999963502194404e+00 1.650314137600000000e+10
-8.039999963682875617e+00 1.865147392000000000e+10
-7.999999963863557717e+00 1.915453440000000000e+10
-7.959999964044240706e+00 1.721141043200000000e+10
-7.919999964224921918e+00 1.329649971200000000e+10
-7.879999964405605795e+00 9.332173824000000000e+09
-7.839999964586287007e+00 6.759947264000000000e+09
-7.799999964766968219e+00 5.225458176000000000e+09
-7.759999964947650319e+00 3.999143424000000000e+09
-7.719999965128333308e+00 3.340817664000000000e+09
-7.679999965309016297e+00 2.750561792000000000e+09
-7.639999965489698397e+00 1.638850688000000000e+09
-7.599999965670379609e+00 1.935847936000000000e+09
-7.559999965851061710e+00 5.418562048000000000e+09
-7.519999966031744698e+00 9.962467328000000000e+09
-7.479999966212426799e+00 1.210440192000000000e+10
-7.439999966393109787e+00 1.040870400000000000e+10
-7.399999966573790999e+00 8.131112448000000000e+09
-7.359999966754473100e+00 6.994961408000000000e+09
-7.319999966935154312e+00 7.991993856000000000e+09
-7.279999967115837300e+00 1.027387187200000000e+10
-7.239999967296521177e+00 1.385743974400000000e+10
-7.199999967477202389e+00 1.452551884800000000e+10
-7.159999967657884490e+00 1.244895846400000000e+10
-7.119999967838565702e+00 8.739650560000000000e+09
-7.079999968019248691e+00 5.665612800000000000e+09
-7.039999968199931679e+00 4.629053952000000000e+09
-6.999999968380612891e+00 4.774301696000000000e+09
-6.959999968561295880e+00 6.124201472000000000e+09
-6.919999968741977980e+00 7.945054208000000000e+09
-6.879999968922660081e+00 9.189949440000000000e+09
-6.839999969103342181e+00 9.292674048000000000e+09
-6.799999969284024282e+00 8.387863040000000000e+09
-6.759999969464706382e+00 6.903918080000000000e+09
-6.719999969645389370e+00 4.901472256000000000e+09
-6.679999969826070583e+00 2.946384128000000000e+09
-6.639999970006753571e+00 1.340454912000000000e+09
-6.599999970187435672e+00 2.979845760000000000e+08
-6.559999970368116884e+00 7.055135360000000000e+08
-6.519999970548799872e+00 3.592748288000000000e+09
-6.479999970729481973e+00 8.701236224000000000e+09
-6.439999970910164961e+00 1.378196480000000000e+10
-6.399999971090846174e+00 1.593774284800000000e+10
-6.359999971271528274e+00 1.529414656000000000e+10
-6.319999971452211263e+00 1.309813043200000000e+10
-6.279999971632893363e+00 1.025259212800000000e+10
-6.239999971813575463e+00 7.657779200000000000e+09
-6.199999971994257564e+00 6.197504512000000000e+09
-6.159999972174939664e+00 6.402158080000000000e+09
-6.119999972355622653e+00 8.830424064000000000e+09
-6.079999972536303865e+00 1.379458764800000000e+10
-6.039999972716985965e+00 1.859351347200000000e+10
-5.999999972897668954e+00 2.093680230400000000e+10
-5.959999973078351054e+00 2.008954675200000000e+10
-5.919999973259033155e+00 1.713130188800000000e+10
-5.879999973439715255e+00 1.345043353600000000e+10
-5.839999973620396467e+00 8.515697664000000000e+09
-5.799999973801080344e+00 4.964424192000000000e+09
-5.759999973981761556e+00 3.550756608000000000e+09
-5.719999974162444545e+00 3.132976640000000000e+09
-5.679999974343126645e+00 2.910204928000000000e+09
-5.639999974523807857e+00 2.129444736000000000e+09
-5.599999974704491734e+00 1.590097024000000000e+09
-5.559999974885172946e+00 3.333661184000000000e+09
-5.519999975065855047e+00 7.817611264000000000e+09
-5.479999975246538035e+00 1.357711667200000000e+10
-5.439999975427219248e+00 1.807178342400000000e+10
-5.399999975607903124e+00 1.992114380800000000e+10
-5.359999975788584337e+00 1.707238604800000000e+10
-5.319999975969265549e+00 1.250058137600000000e+10
-5.279999976149949426e+00 7.251984384000000000e+09
-5.239999976330630638e+00 4.529309184000000000e+09
-5.199999976511312738e+00 3.421747456000000000e+09
-5.159999976691995727e+00 1.981779712000000000e+09
-5.119999976872676939e+00 8.976817600000000000e+07
-5.079999977053359039e+00 1.069085760000000000e+09
-5.039999977234042028e+00 1.423726720000000000e+09
-4.999999977414724128e+00 4.559204352000000000e+09
-4.959999977595407117e+00 1.306575974400000000e+10
-4.919999977776088329e+00 8.395942400000000000e+09
-4.879999977956770429e+00 7.716698112000000000e+09
-4.839999978137453418e+00 4.278389964800000000e+10
-4.799999978318134630e+00 1.022913249280000000e+11
-4.759999978498816731e+00 1.315888742400000000e+11
-4.719999978679499719e+00 1.064759541760000000e+11
-4.679999978860181820e+00 5.459166822400000000e+10
-4.639999979040864808e+00 2.636681625600000000e+10
-4.599999979221546020e+00 1.322468966400000000e+10
-4.559999979402228121e+00 7.214806528000000000e+09
-4.519999979582911109e+00 6.838742016000000000e+09
-4.479999979763593210e+00 7.659198464000000000e+09
-4.439999979944274422e+00 9.314841600000000000e+09
-4.399999980124957411e+00 1.396287897600000000e+10
-4.359999980305639511e+00 1.893484134400000000e+10
-4.319999980486322499e+00 2.163045785600000000e+10
-4.279999980667003712e+00 2.399284838400000000e+10
-4.239999980847685812e+00 2.138807091200000000e+10
-4.199999981028368801e+00 1.672165273600000000e+10
-4.159999981209050901e+00 1.259136409600000000e+10
-4.119999981389732113e+00 1.062041292800000000e+10
-4.079999981570415102e+00 1.028038246400000000e+10
-4.039999981751097202e+00 6.955677184000000000e+09
-3.999999981931778859e+00 2.118317568000000000e+09
-3.959999982112461847e+00 1.097235328000000000e+09
-3.919999982293143503e+00 8.664995840000000000e+09
-3.879999982473826936e+00 1.934573363200000000e+10
-3.839999982654508148e+00 2.506945331200000000e+10
-3.799999982835189805e+00 2.834561638400000000e+10
-3.759999983015873237e+00 3.379180134400000000e+10
-3.719999983196554894e+00 3.662905344000000000e+10
-3.679999983377236550e+00 3.375907225600000000e+10
-3.639999983557919538e+00 2.667544576000000000e+10
-3.599999983738601195e+00 2.280211456000000000e+10
-3.559999983919284627e+00 2.217419571200000000e+10
-3.519999984099966284e+00 2.171355136000000000e+10
-3.479999984280647940e+00 2.006374604800000000e+10
-3.439999984461330929e+00 1.165435801600000000e+10
-3.399999984642012585e+00 3.913687808000000000e+09
-3.359999984822694241e+00 4.320888640000000000e+08
-3.319999985003377230e+00 1.416762400000000000e+08
-3.279999985184058886e+00 3.666287680000000000e+08
-3.239999985364742319e+00 6.242963200000000000e+08
-3.199999985545423975e+00 7.705665536000000000e+09
-3.159999985726105631e+00 2.110497177600000000e+10
-3.119999985906788620e+00 3.814363545600000000e+10
-3.079999986087470276e+00 6.633542451200000000e+10
-3.039999986268151932e+00 1.078893035520000000e+11
-2.999999986448835365e+00 1.257031270400000000e+11
-2.959999986629517021e+00 1.062028738560000000e+11
-2.919999986810200010e+00 6.083404185600000000e+10
-2.879999986990881666e+00 2.090817331200000000e+10
-2.839999987171563323e+00 3.826639104000000000e+09
-2.799999987352246311e+00 2.428545280000000000e+09
-2.759999987532927967e+00 2.892897024000000000e+09
-2.719999987713609624e+00 1.605812736000000000e+09
-2.679999987894293056e+00 3.861511168000000000e+09
-2.639999988074974713e+00 9.465536512000000000e+09
-2.599999988255656369e+00 1.357510246400000000e+10
-2.559999988436339358e+00 1.306416844800000000e+10
-2.519999988617021014e+00 9.205356544000000000e+09
-2.479999988797704447e+00 9.993989120000000000e+09
-2.439999988978386103e+00 1.287370854400000000e+10
-2.399999989159067315e+00 1.450190336000000000e+10
-2.359999989339750748e+00 1.361731993600000000e+10
-2.319999989520432404e+00 1.403702988800000000e+10
-2.279999989701114060e+00 9.521830912000000000e+09
-2.239999989881797049e+00 3.217780224000000000e+09
-2.199999990062478705e+00 3.024010444800000000e+10
-2.159999990243162138e+00 8.447949209600000000e+10
-2.119999990423843794e+00 1.108711587840000000e+11
-2.079999990604525451e+00 8.604821094400000000e+10
-2.039999990785208439e+00 4.716394905600000000e+10
-1.999999990965890095e+00 1.499303219200000000e+10
-1.959999991146571752e+00 4.555318784000000000e+09
-1.919999991327254962e+00 7.888583680000000000e+09
-1.879999991507936619e+00 9.600758784000000000e+09
-1.839999991688619829e+00 7.491700736000000000e+09
-1.799999991869301486e+00 4.233725184000000000e+09
-1.759999992049983142e+00 4.063140352000000000e+09
-1.719999992230666352e+00 5.196295168000000000e+09
-1.679999992411347787e+00 5.118130688000000000e+09
-1.639999992592029443e+00 7.155425280000000000e+09
-1.599999992772712654e+00 1.103278489600000000e+10
-1.559999992953394310e+00 1.503294771200000000e+10
-1.519999993134077521e+00 1.313678233600000000e+10
-1.479999993314759177e+00 1.187917004800000000e+10
-1.439999993495440833e+00 1.456268697600000000e+10
-1.399999993676124044e+00 2.076270182400000000e+10
-1.359999993856805700e+00 1.248746496000000000e+10
-1.319999994037487356e+00 5.472957440000000000e+09
-1.279999994218170567e+00 3.260528025600000000e+10
-1.239999994398852223e+00 7.709009510400000000e+10
-1.199999994579533658e+00 9.710081638400000000e+10
-1.159999994760216868e+00 9.659733606400000000e+10
-1.119999994940898524e+00 8.206419558400000000e+10
-1.079999995121581735e+00 5.631737446400000000e+10
-1.039999995302263391e+00 3.380798054400000000e+10
-9.999999954829450477e-01 1.762611814400000000e+10
-9.599999956636282583e-01 4.970884608000000000e+09
-9.199999958443099146e-01 4.086921280000000000e+08
-8.799999960249915709e-01 4.242452480000000000e+09
-8.399999962056747815e-01 5.750290944000000000e+09
-7.999999963863563268e-01 8.996130816000000000e+09
-7.599999965670395374e-01 2.242365440000000000e+10
-7.199999967477211937e-01 4.179047219200000000e+10
-6.799999969284028500e-01 8.595609190400000000e+10
-6.399999971090860607e-01 1.439779225600000000e+11
-5.999999972897677170e-01 1.605717524480000000e+11
-5.599999974704492622e-01 1.301889187840000000e+11
-5.199999976511324729e-01 9.160867840000000000e+10
-4.799999978318141292e-01 5.804543590400000000e+10
-4.399999980124973398e-01 3.696946380800000000e+10
-3.999999981931789961e-01 2.529308467200000000e+10
-3.599999983738605969e-01 2.251654963200000000e+10
-3.199999985545438075e-01 3.043369779200000000e+10
-2.799999987352254638e-01 4.033590886400000000e+10
-2.399999989159070646e-01 3.857936793600000000e+10
-1.999999990965902752e-01 2.073641779200000000e+10
-1.599999992772719037e-01 7.654093312000000000e+09
-1.199999994579535323e-01 5.465293312000000000e+09
-7.999999963863674290e-02 7.754966528000000000e+09
-3.999999981931837145e-02 9.245938688000000000e+09
-1.577721810442023611e-15 8.729713664000000000e+09
3.999999981931678938e-02 5.920367616000000000e+09
7.999999963863516084e-02 6.074523136000000000e+09
1.199999994579519502e-01 1.241832755200000000e+10
1.599999992772703217e-01 2.477990707200000000e+10
1.999999990965886931e-01 3.212048179200000000e+10
2.399999989159054825e-01 4.584720384000000000e+10
2.799999987352238540e-01 5.379533209600000000e+10
3.199999985545406433e-01 4.584300134400000000e+10
3.599999983738590426e-01 3.724669337600000000e+10
3.999999981931773863e-01 6.084093132800000000e+10
4.399999980124941756e-01 7.840704102400000000e+10
4.799999978318125748e-01 5.233731993600000000e+10
5.199999976511309185e-01 1.521383014400000000e+10
5.599999974704477079e-01 1.976642432000000000e+09
5.999999972897660516e-01 5.496913408000000000e+09
6.399999971090828410e-01 1.146975334400000000e+10
6.799999969284012957e-01 1.940633600000000000e+10
7.199999967477196394e-01 3.554272460800000000e+10
7.599999965670364288e-01 5.572524851200000000e+10
7.999999963863547725e-01 5.404239872000000000e+10
8.399999962056731162e-01 4.336758784000000000e+10
8.799999960249899056e-01 4.210606489600000000e+10
9.199999958443083603e-01 4.827261747200000000e+10
9.599999956636251497e-01 3.948875776000000000e+10
9.999999954829434934e-01 1.919887769600000000e+10
1.039999995302261837e+00 5.960595968000000000e+09
1.079999995121578626e+00 2.773123840000000000e+09
1.119999994940896970e+00 9.353267200000000000e+09
1.159999994760215314e+00 2.169049088000000000e+10
1.199999994579532103e+00 3.052901580800000000e+10
1.239999994398850447e+00 4.151554048000000000e+10
1.279999994218169013e+00 5.287804518400000000e+10
1.319999994037487356e+00 3.987131596800000000e+10
1.359999993856802591e+00 2.086156083200000000e+10
1.399999993676120935e+00 3.687307264000000000e+10
1.439999993495439279e+00 6.690745139200000000e+10
1.479999993314757623e+00 6.396377497600000000e+10
1.519999993134075966e+00 5.011357696000000000e+10
1.559999992953391201e+00 4.594695782400000000e+10
1.599999992772709545e+00 4.736346931200000000e+10
1.639999992592027889e+00 4.711400243200000000e+10
1.679999992411346232e+00 4.528298393600000000e+10
1.719999992230664798e+00 3.807074713600000000e+10
1.759999992049983142e+00 3.007166259200000000e+10
1.799999991869298377e+00 3.730426265600000000e+10
1.839999991688616721e+00 2.847086387200000000e+10
1.879999991507935064e+00 5.064433664000000000e+09
1.919999991327253408e+00 2.898247168000000000e+09
1.959999991146571752e+00 2.319332761600000000e+10
1.999999990965886987e+00 3.172948582400000000e+10
2.039999990785205330e+00 2.931359539200000000e+10
2.079999990604523674e+00 3.316071833600000000e+10
2.119999990423842018e+00 5.574812057600000000e+10
2.159999990243160362e+00 8.776621260800000000e+10
2.199999990062475597e+00 1.040507617280000000e+11
2.239999989881793940e+00 8.577661337600000000e+10
2.279999989701112284e+00 5.121159577600000000e+10
2.319999989520430628e+00 1.491884646400000000e+10
2.359999989339748971e+00 7.476816640000000000e+08
2.399999989159067315e+00 9.383090176000000000e+09
2.439999988978382550e+00 2.290055372800000000e+10
2.479999988797700894e+00 2.853185536000000000e+10
2.519999988617019682e+00 2.477813964800000000e+10
2.559999988436338025e+00 1.919951667200000000e+10
2.599999988255656369e+00 1.820641075200000000e+10
2.639999988074971604e+00 2.071795097600000000e+10
2.679999987894289948e+00 1.806593638400000000e+10
2.719999987713608292e+00 7.110127104000000000e+09
2.759999987532926635e+00 1.613865856000000000e+09
2.799999987352244979e+00 1.023847014400000000e+10
2.839999987171563323e+00 2.672861798400000000e+10
2.879999986990878558e+00 3.838266163200000000e+10
2.919999986810196901e+00 4.303419801600000000e+10
2.959999986629515245e+00 5.394190336000000000e+10
2.999999986448833589e+00 5.951654297600000000e+10
3.039999986268151932e+00 5.328606822400000000e+10
3.079999986087467168e+00 3.629817036800000000e+10
3.119999985906785511e+00 1.860661452800000000e+10
3.159999985726103855e+00 1.169828249600000000e+10
3.199999985545422199e+00 1.692893900800000000e+10
3.239999985364740542e+00 3.017053798400000000e+10
3.279999985184055777e+00 4.148690944000000000e+10
3.319999985003374121e+00 4.183281254400000000e+10
3.359999984822692465e+00 2.884080025600000000e+10
3.399999984642010808e+00 2.792244224000000000e+10
3.439999984461329596e+00 5.572715315200000000e+10
3.479999984280647940e+00 9.604297523200000000e+10
3.519999984099963175e+00 1.176190894080000000e+11
3.559999983919281519e+00 1.106027560960000000e+11
3.599999983738599862e+00 7.549221273600000000e+10
3.639999983557918206e+00 4.338543820800000000e+10
3.679999983377236550e+00 3.191702528000000000e+10
3.719999983196551785e+00 3.739015168000000000e+10
3.759999983015870129e+00 3.209268224000000000e+10
3.799999982835188472e+00 1.582349414400000000e+10
3.839999982654506816e+00 4.976365056000000000e+09
3.879999982473825160e+00 3.128391424000000000e+09
3.919999982293143503e+00 3.624194816000000000e+09
3.959999982112458738e+00 2.001653376000000000e+09
3.999999981931777082e+00 1.099679334400000000e+10
4.039999981751095426e+00 3.193416089600000000e+10
4.079999981570414214e+00 4.809293824000000000e+10
4.119999981389732113e+00 4.372122419200000000e+10
4.159999981209047348e+00 3.363261235200000000e+10
4.199999981028366136e+00 2.339899392000000000e+10
4.239999980847684036e+00 1.331997388800000000e+10
4.279999980667002824e+00 1.127822233600000000e+10
4.319999980486320723e+00 1.596019404800000000e+10
4.359999980305635958e+00 1.904754278400000000e+10
4.399999980124954746e+00 7.223115264000000000e+09
4.439999979944272646e+00 6.761392000000000000e+08
4.479999979763591433e+00 1.340227584000000000e+10
4.519999979582909333e+00 3.207477657600000000e+10
4.559999979402228121e+00 4.563392102400000000e+10
4.599999979221543356e+00 4.705285324800000000e+10
4.639999979040861255e+00 4.261292032000000000e+10
4.679999978860180043e+00 3.172359577600000000e+10
4.719999978679497943e+00 1.775821414400000000e+10
4.759999978498816731e+00 9.890713600000000000e+09
4.799999978318131966e+00 1.010153984000000000e+10
4.839999978137449865e+00 1.085521510400000000e+10
4.879999977956768653e+00 1.259158016000000000e+10
4.919999977776087441e+00 1.248508518400000000e+10
4.959999977595405340e+00 1.568703897600000000e+10
4.999999977414724128e+00 4.655362867200000000e+10
5.039999977234039363e+00 9.661884006400000000e+10
5.079999977053357263e+00 1.197889044480000000e+11
5.119999976872676051e+00 9.450092134400000000e+10
5.159999976691993950e+00 5.584935731200000000e+10
5.199999976511312738e+00 2.431803187200000000e+10
5.239999976330627973e+00 6.941961728000000000e+09
5.279999976149945873e+00 4.833402880000000000e+08
5.319999975969264661e+00 5.283283968000000000e+09
5.359999975788582560e+00 1.974343475200000000e+10
5.399999975607901348e+00 3.355480678400000000e+10
5.439999975427216583e+00 3.816416870400000000e+10
5.479999975246534483e+00 3.392908083200000000e+10
5.519999975065853270e+00 2.624510361600000000e+10
5.559999974885171170e+00 1.718932070400000000e+10
5.599999974704489958e+00 1.202038988800000000e+10
5.639999974523807857e+00 5.939992064000000000e+09
5.679999974343123093e+00 1.586274944000000000e+09
5.719999974162441880e+00 3.703129600000000000e+08
5.759999973981759780e+00 5.971853312000000000e+09
5.799999973801078568e+00 1.463657164800000000e+10
5.839999973620396467e+00 2.126683750400000000e+10
5.879999973439711702e+00 2.156717465600000000e+10
5.919999973259030490e+00 2.009204531200000000e+10
5.959999973078349278e+00 1.725608755200000000e+10
5.999999972897667178e+00 1.125005516800000000e+10
6.039999972716985965e+00 3.072352512000000000e+09
6.079999972536301200e+00 1.923366144000000000e+09
6.119999972355619100e+00 2.372934656000000000e+10
6.159999972174937888e+00 5.112072601600000000e+10
6.199999971994255787e+00 5.662819942400000000e+10
6.239999971813574575e+00 3.532454707200000000e+10
6.279999971632892475e+00 1.523410739200000000e+10
6.319999971452207710e+00 5.595004416000000000e+09
6.359999971271526498e+00 2.488738560000000000e+09
6.399999971090844397e+00 9.147930880000000000e+08
6.439999970910163185e+00 1.203637280000000000e+08
6.479999970729481085e+00 5.321881200000000000e+07
6.519999970548796320e+00 2.816515840000000000e+08
6.559999970368115108e+00 2.892787456000000000e+09
6.599999970187433007e+00 9.897669632000000000e+09
6.639999970006751795e+00 1.907790233600000000e+10
6.679999969826069695e+00 2.843559526400000000e+10
6.719999969645388482e+00 3.603655065600000000e+10
6.759999969464703717e+00 4.397466009600000000e+10
6.799999969284021617e+00 4.990101094400000000e+10
6.839999969103340405e+00 4.474361856000000000e+10
6.879999968922659193e+00 3.094466560000000000e+10
6.919999968741977092e+00 1.898189414400000000e+10
6.959999968561292327e+00 8.576954368000000000e+09
6.999999968380611115e+00 3.244048384000000000e+09
7.039999968199929015e+00 7.197712000000000000e+08
7.079999968019247802e+00 1.952830592000000000e+09
7.119999967838565702e+00 5.404976640000000000e+09
7.159999967657880937e+00 8.963800064000000000e+09
7.199999967477199725e+00 1.050718412800000000e+10
7.239999967296517625e+00 1.089726566400000000e+10
7.279999967115836412e+00 1.161637171200000000e+10
7.319999966935154312e+00 1.351015116800000000e+10
7.359999966754473100e+00 1.754131046400000000e+10
7.399999966573788335e+00 1.891298713600000000e+10
7.439999966393106234e+00 2.094206976000000000e+10
7.479999966212425022e+00 2.170992844800000000e+10
7.519999966031742922e+00 1.929723699200000000e+10
7.559999965851061710e+00 1.197991321600000000e+10
7.599999965670376945e+00 6.538054656000000000e+09
7.639999965489694844e+00 3.310381568000000000e+09
7.679999965309013632e+00 2.965965568000000000e+09
7.719999965128331532e+00 7.203372544000000000e+09
7.759999964947650319e+00 1.334053580800000000e+10
7.799999964766968219e+00 1.677396480000000000e+10
7.839999964586283454e+00 1.669177548800000000e+10
7.879999964405602242e+00 1.695657267200000000e+10
7.919999964224921030e+00 1.758822604800000000e+10
7.959999964044238929e+00 1.798513254400000000e+10
7.999999963863557717e+00 2.024783872000000000e+10
8.039999963682872064e+00 2.398988083200000000e+10
8.079999963502190852e+00 2.561200742400000000e+10
8.119999963321509640e+00 2.022784614400000000e+10
8.159999963140828427e+00 1.321804595200000000e+10
8.199999962960145439e+00 7.385728512000000000e+09
8.239999962779460674e+00 4.449818624000000000e+09
8.279999962598779462e+00 3.269843968000000000e+09
8.319999962418098249e+00 2.867220480000000000e+09
8.359999962237417037e+00 2.711647744000000000e+09
8.399999962056734049e+00 2.751630848000000000e+09
8.439999961876052836e+00 3.145467136000000000e+09
8.479999961695368071e+00 4.266193664000000000e+09
8.519999961514686859e+00 6.128682496000000000e+09
8.559999961334005647e+00 8.156548096000000000e+09
8.599999961153322658e+00 9.365655552000000000e+09
8.639999960972641446e+00 9.576008704000000000e+09
8.679999960791956681e+00 9.522447360000000000e+09
8.719999960611275469e+00 9.489436672000000000e+09
8.759999960430594257e+00 8.249637376000000000e+09
8.799999960249911268e+00 5.704183296000000000e+09
8.839999960069230056e+00 2.795506176000000000e+09
8.879999959888548844e+00 8.015512320000000000e+08
8.919999959707864079e+00 1.404500160000000000e+08
8.959999959527182867e+00 1.246282080000000000e+08
8.999999959346501655e+00 4.992143200000000000e+07
9.039999959165818666e+00 1.216913664000000000e+09
9.079999958985137454e+00 6.559943168000000000e+09
9.119999958804452689e+00 1.937401241600000000e+10
9.159999958623771477e+00 3.822416691200000000e+10
9.199999958443090264e+00 5.072377446400000000e+10
9.239999958262407276e+00 4.854021734400000000e+10
9.279999958081726064e+00 3.839668224000000000e+10
9.319999957901041299e+00 2.884497408000000000e+10
9.359999957720360086e+00 2.167444480000000000e+10
9.399999957539678874e+00 1.570660864000000000e+10
9.439999957358995886e+00 1.095301017600000000e+10
9.479999957178314673e+00 7.320529920000000000e+09
9.519999956997633461e+00 5.124642816000000000e+09
9.559999956816948696e+00 4.638849024000000000e+09
9.599999956636267484e+00 5.323561472000000000e+09
9.639999956455584496e+00 7.037229056000000000e+09
9.679999956274903283e+00 8.817472512000000000e+09
9.719999956094222071e+00 9.817272320000000000e+09
9.759999955913537306e+00 1.022875136000000000e+10
9.799999955732856094e+00 9.750231040000000000e+09
9.839999955552174882e+00 8.564153344000000000e+09
9.879999955371491893e+00 6.887745536000000000e+09
9.919999955190810681e+00 4.918551040000000000e+09
9.959999955010125916e+00 3.079470592000000000e+09
9.999999954829444704e+00 1.633121408000000000e+09
1.003999995464876349e+01 6.953905280000000000e+08
1.007999995446808050e+01 3.514007360000000000e+08
1.011999995428739929e+01 4.352012480000000000e+08
1.015999995410671808e+01 6.893848320000000000e+08
1.019999995392603331e+01 8.109218560000000000e+08
1.023999995374535210e+01 7.999040000000000000e+08
1.027999995356466911e+01 1.552050048000000000e+09
1.031999995338398790e+01 4.648546304000000000e+09
1.035999995320330669e+01 1.032007475200000000e+10
1.039999995302262192e+01 1.618062028800000000e+10
1.043999995284194071e+01 1.861603737600000000e+10
1.047999995266125772e+01 1.682925875200000000e+10
1.051999995248057651e+01 1.356270182400000000e+10
1.055999995229989530e+01 1.105087795200000000e+10
1.059999995211921409e+01 1.007937638400000000e+10
1.063999995193852932e+01 1.044413952000000000e+10
1.067999995175784633e+01 1.156732620800000000e+10
1.071999995157716512e+01 1.253660876800000000e+10
1.075999995139648391e+01 1.265340928000000000e+10
1.079999995121580270e+01 1.163168665600000000e+10
1.083999995103511793e+01 9.605183488000000000e+09
1.087999995085443672e+01 7.106314240000000000e+09
1.091999995067375373e+01 4.749508608000000000e+09
1.095999995049307252e+01 3.186280192000000000e+09
1.099999995031239131e+01 2.825898752000000000e+09
1.103999995013170654e+01 3.870404864000000000e+09
1.107999994995102533e+01 5.883008000000000000e+09
1.111999994977034234e+01 7.582004224000000000e+09
1.115999994958966113e+01 7.993077760000000000e+09
1.119999994940897992e+01 7.021632512000000000e+09
1.123999994922829870e+01 5.271430144000000000e+09
1.127999994904761394e+01 3.355094272000000000e+09
1.131999994886693095e+01 1.780235648000000000e+09
1.135999994868624974e+01 7.638280960000000000e+08
1.139999994850556853e+01 3.756641600000000000e+08
1.143999994832488731e+01 5.176551360000000000e+08
1.147999994814420255e+01 1.081479424000000000e+09
1.151999994796351956e+01 1.908497280000000000e+09
1.155999994778283835e+01 2.829643520000000000e+09
1.159999994760215714e+01 3.632854016000000000e+09
1.163999994742147592e+01 3.989691904000000000e+09
1.167999994724079293e+01 3.823360000000000000e+09
1.171999994706010817e+01 3.221453056000000000e+09
1.175999994687942696e+01 2.416262912000000000e+09
1.179999994669874575e+01 1.684334464000000000e+09
1.183999994651806453e+01 1.098339584000000000e+09
1.187999994633738332e+01 7.232129920000000000e+08
1.191999994615669856e+01 5.492736640000000000e+08
1.195999994597601557e+01 5.509692160000000000e+08
1.199999994579533436e+01 7.154518400000000000e+08
1.203999994561465314e+01 1.024300992000000000e+09
1.207999994543397193e+01 1.488643328000000000e+09
1.211999994525328717e+01 2.078126592000000000e+09
1.215999994507260418e+01 2.731532032000000000e+09
1.219999994489192296e+01 3.407972352000000000e+09
1.223999994471124175e+01 3.973008384000000000e+09
1.227999994453056054e+01 4.326493696000000000e+09
1.231999994434987755e+01 4.448745472000000000e+09
1.235999994416919279e+01 4.297706496000000000e+09
1.239999994398851157e+01 3.938768640000000000e+09
1.243999994380783036e+01 3.502037760000000000e+09
1.247999994362714915e+01 3.030459904000000000e+09
1.251999994344646616e+01 2.610940928000000000e+09
1.255999994326578140e+01 2.305893888000000000e+09
1.259999994308510018e+01 2.087527808000000000e+09
1.263999994290441897e+01 1.962516864000000000e+09
1.267999994272373776e+01 1.929805952000000000e+09
1.271999994254305477e+01 1.962052736000000000e+09
1.275999994236237356e+01 2.039117568000000000e+09
1.279999994218168879e+01 2.130362112000000000e+09
1.283999994200100758e+01 2.210612992000000000e+09
1.287999994182032637e+01 2.221600000000000000e+09
1.291999994163964516e+01 2.134286976000000000e+09
1.295999994145896217e+01 1.941940096000000000e+09
