# x = Time (fs); y = Power (W)
-1.135999994868625151e+01 1.950264704000000000e+09
-1.131999994886693450e+01 2.206589184000000000e+09
-1.127999994904761571e+01 2.380680192000000000e+09
-1.123999994922829870e+01 2.460771584000000000e+09
-1.119999994940898169e+01 2.409872384000000000e+09
-1.115999994958966290e+01 2.237123328000000000e+09
-1.111999994977034589e+01 1.984516992000000000e+09
-1.107999994995102711e+01 1.737312512000000000e+09
-1.103999995013171009e+01 1.529102080000000000e+09
-1.099999995031239131e+01 1.397885568000000000e+09
-1.095999995049307429e+01 1.355124480000000000e+09
-1.091999995067375551e+01 1.410022528000000000e+09
-1.087999995085443850e+01 1.512139648000000000e+09
-1.083999995103512148e+01 1.642486400000000000e+09
-1.079999995121580270e+01 1.763999872000000000e+09
-1.075999995139648568e+01 1.841494144000000000e+09
-1.071999995157716690e+01 1.858333440000000000e+09
-1.067999995175784989e+01 1.834462720000000000e+09
-1.063999995193853110e+01 1.753592704000000000e+09
-1.059999995211921409e+01 1.658744960000000000e+09
-1.055999995229989707e+01 1.576972928000000000e+09
-1.051999995248057829e+01 1.536575360000000000e+09
-1.047999995266126128e+01 1.581591808000000000e+09
-1.043999995284194249e+01 1.714449664000000000e+09
-1.039999995302262548e+01 1.913109376000000000e+09
-1.035999995320330669e+01 2.137346432000000000e+09
-1.031999995338398968e+01 2.290302720000000000e+09
-1.027999995356467089e+01 2.262468608000000000e+09
-1.023999995374535388e+01 2.041622656000000000e+09
-1.019999995392603687e+01 1.674870528000000000e+09
-1.015999995410671808e+01 1.282475904000000000e+09
-1.011999995428740107e+01 9.074875520000000000e+08
-1.007999995446808228e+01 5.954972800000000000e+08
-1.003999995464876527e+01 3.586363520000000000e+08
-9.999999954829448257e+00 1.901464480000000000e+08
-9.959999955010129469e+00 8.140687200000000000e+07
-9.919999955190810681e+00 1.951590600000000000e+07
-9.879999955371493670e+00 3.963020250000000000e+06
-9.839999955552174882e+00 3.456438400000000000e+07
-9.799999955732859647e+00 1.166364080000000000e+08
-9.759999955913540859e+00 2.570728800000000000e+08
-9.719999956094222071e+00 4.391405440000000000e+08
-9.679999956274905060e+00 6.585071360000000000e+08
-9.639999956455586272e+00 8.861157120000000000e+08
-9.599999956636269260e+00 1.090092416000000000e+09
-9.559999956816952249e+00 1.262744832000000000e+09
-9.519999956997633461e+00 1.405755264000000000e+09
-9.479999957178316450e+00 1.514821760000000000e+09
-9.439999957358997662e+00 1.635109248000000000e+09
-9.399999957539680651e+00 1.732128256000000000e+09
-9.359999957720363639e+00 1.763520640000000000e+09
-9.319999957901044851e+00 1.715653504000000000e+09
-9.279999958081726064e+00 1.642300672000000000e+09
-9.239999958262409052e+00 1.762565888000000000e+09
-9.199999958443092041e+00 2.312649216000000000e+09
-9.159999958623775029e+00 3.423377664000000000e+09
-9.119999958804456242e+00 4.990110720000000000e+09
-9.079999958985137454e+00 6.539819520000000000e+09
-9.039999959165818666e+00 7.668327424000000000e+09
-8.999999959346501655e+00 8.461281792000000000e+09
-8.959999959527186419e+00 9.120701440000000000e+09
-8.919999959707867632e+00 9.549749248000000000e+09
-8.879999959888548844e+00 9.480249344000000000e+09
-8.839999960069230056e+00 8.560317952000000000e+09
-8.799999960249913045e+00 6.930865152000000000e+09
-8.759999960430597810e+00 5.188968448000000000e+09
-8.719999960611279022e+00 3.310250496000000000e+09
-8.679999960791960234e+00 1.719179520000000000e+09
-8.639999960972641446e+00 9.263359360000000000e+08
-8.599999961153324435e+00 1.175360896000000000e+09
-8.559999961334007423e+00 2.359288064000000000e+09
-8.519999961514690412e+00 3.731744512000000000e+09
-8.479999961695371624e+00 4.500791296000000000e+09
-8.439999961876052836e+00 4.329649664000000000e+09
-8.399999962056734049e+00 3.563095808000000000e+09
-8.359999962237418814e+00 2.925666816000000000e+09
-8.319999962418101802e+00 2.841808640000000000e+09
-8.279999962598783014e+00 3.409886464000000000e+09
-8.239999962779464227e+00 4.619808768000000000e+09
-8.199999962960145439e+00 6.275119104000000000e+09
-8.159999963140828427e+00 8.074482176000000000e+09
-8.119999963321513192e+00 9.615667200000000000e+09
-8.079999963502194404e+00 1.052763545600000000e+10
-8.039999963682875617e+00 1.069523763200000000e+10
-7.999999963863557717e+00 1.024279244800000000e+10
-7.959999964044240706e+00 9.598732288000000000e+09
-7.919999964224921918e+00 8.847088640000000000e+09
-7.879999964405605795e+00 7.650364928000000000e+09
-7.839999964586287007e+00 5.894415872000000000e+09
-7.799999964766968219e+00 3.850725632000000000e+09
-7.759999964947650319e+00 2.161771776000000000e+09
-7.719999965128333308e+00 9.884865920000000000e+08
-7.679999965309016297e+00 2.812631360000000000e+08
-7.639999965489698397e+00 1.458088640000000000e+08
-7.599999965670379609e+00 7.309847040000000000e+08
-7.559999965851061710e+00 2.304391936000000000e+09
-7.519999966031744698e+00 4.822495744000000000e+09
-7.479999966212426799e+00 7.798714368000000000e+09
-7.439999966393109787e+00 9.426256896000000000e+09
-7.399999966573790999e+00 8.199305216000000000e+09
-7.359999966754473100e+00 5.444557312000000000e+09
-7.319999966935154312e+00 2.851213824000000000e+09
-7.279999967115837300e+00 1.285162496000000000e+09
-7.239999967296521177e+00 8.209809280000000000e+08
-7.199999967477202389e+00 1.674475136000000000e+09
-7.159999967657884490e+00 3.755359744000000000e+09
-7.119999967838565702e+00 6.330471936000000000e+09
-7.079999968019248691e+00 9.031710720000000000e+09
-7.039999968199931679e+00 1.116744601600000000e+10
-6.999999968380612891e+00 1.162038988800000000e+10
-6.959999968561295880e+00 1.071375564800000000e+10
-6.919999968741977980e+00 8.605006848000000000e+09
-6.879999968922660081e+00 6.212164608000000000e+09
-6.839999969103342181e+00 4.640880128000000000e+09
-6.799999969284024282e+00 3.426546688000000000e+09
-6.759999969464706382e+00 2.865203200000000000e+09
-6.719999969645389370e+00 3.235725568000000000e+09
-6.679999969826070583e+00 4.393693184000000000e+09
-6.639999970006753571e+00 5.402141184000000000e+09
-6.599999970187435672e+00 6.073609216000000000e+09
-6.559999970368116884e+00 7.549881856000000000e+09
-6.519999970548799872e+00 1.274284544000000000e+10
-6.479999970729481973e+00 2.102219776000000000e+10
-6.439999970910164961e+00 2.823132160000000000e+10
-6.399999971090846174e+00 3.182849228800000000e+10
-6.359999971271528274e+00 2.886116966400000000e+10
-6.319999971452211263e+00 2.037401804800000000e+10
-6.279999971632893363e+00 1.467782553600000000e+10
-6.239999971813575463e+00 1.294158233600000000e+10
-6.199999971994257564e+00 1.386015129600000000e+10
-6.159999972174939664e+00 1.342561177600000000e+10
-6.119999972355622653e+00 1.098088652800000000e+10
-6.079999972536303865e+00 8.334359040000000000e+09
-6.039999972716985965e+00 6.085524480000000000e+09
-5.999999972897668954e+00 5.546204160000000000e+09
-5.959999973078351054e+00 4.794752512000000000e+09
-5.919999973259033155e+00 3.520107264000000000e+09
-5.879999973439715255e+00 2.330286592000000000e+09
-5.839999973620396467e+00 2.843721984000000000e+09
-5.799999973801080344e+00 4.230772992000000000e+09
-5.759999973981761556e+00 5.798108160000000000e+09
-5.719999974162444545e+00 7.848050176000000000e+09
-5.679999974343126645e+00 9.022726144000000000e+09
-5.639999974523807857e+00 7.978481152000000000e+09
-5.599999974704491734e+00 5.204759040000000000e+09
-5.559999974885172946e+00 2.614407680000000000e+09
-5.519999975065855047e+00 1.169845120000000000e+09
-5.479999975246538035e+00 8.836817920000000000e+08
-5.439999975427219248e+00 1.083749760000000000e+09
-5.399999975607903124e+00 1.364390528000000000e+09
-5.359999975788584337e+00 4.493125440000000000e+08
-5.319999975969265549e+00 5.749718400000000000e+08
-5.279999976149949426e+00 4.024414464000000000e+09
-5.239999976330630638e+00 2.767544064000000000e+09
-5.199999976511312738e+00 1.798152320000000000e+08
-5.159999976691995727e+00 2.766864640000000000e+09
-5.119999976872676939e+00 5.141872640000000000e+09
-5.079999977053359039e+00 2.225074790400000000e+10
-5.039999977234042028e+00 6.649899008000000000e+10
-4.999999977414724128e+00 1.029558517760000000e+11
-4.959999977595407117e+00 8.838167756800000000e+10
-4.919999977776088329e+00 5.508383539200000000e+10
-4.879999977956770429e+00 3.267089612800000000e+10
-4.839999978137453418e+00 1.851656601600000000e+10
-4.799999978318134630e+00 1.137726976000000000e+10
-4.759999978498816731e+00 4.799475712000000000e+09
-4.719999978679499719e+00 1.703408512000000000e+09
-4.679999978860181820e+00 1.502906080000000000e+08
-4.639999979040864808e+00 2.941085440000000000e+08
-4.599999979221546020e+00 1.441652480000000000e+09
-4.559999979402228121e+00 3.594420992000000000e+09
-4.519999979582911109e+00 7.220432384000000000e+09
-4.479999979763593210e+00 1.228370124800000000e+10
-4.439999979944274422e+00 1.743845785600000000e+10
-4.399999980124957411e+00 2.320021094400000000e+10
-4.359999980305639511e+00 2.742358425600000000e+10
-4.319999980486322499e+00 3.125242675200000000e+10
-4.279999980667003712e+00 3.103322112000000000e+10
-4.239999980847685812e+00 2.555645337600000000e+10
-4.199999981028368801e+00 2.001133977600000000e+10
-4.159999981209050901e+00 1.227971072000000000e+10
-4.119999981389732113e+00 7.553031680000000000e+09
-4.079999981570415102e+00 5.562177024000000000e+09
-4.039999981751097202e+00 3.564518144000000000e+09
-3.999999981931778859e+00 2.624302336000000000e+09
-3.959999982112461847e+00 1.059783488000000000e+09
-3.919999982293143503e+00 3.492935424000000000e+09
-3.879999982473826936e+00 1.565921382400000000e+10
-3.839999982654508148e+00 2.454193152000000000e+10
-3.799999982835189805e+00 1.345954508800000000e+10
-3.759999983015873237e+00 1.749821644800000000e+10
-3.719999983196554894e+00 3.601179852800000000e+10
-3.679999983377236550e+00 4.788628684800000000e+10
-3.639999983557919538e+00 5.171681280000000000e+10
-3.599999983738601195e+00 4.401423564800000000e+10
-3.559999983919284627e+00 3.981812531200000000e+10
-3.519999984099966284e+00 4.747107123200000000e+10
-3.479999984280647940e+00 4.914479104000000000e+10
-3.439999984461330929e+00 2.921417932800000000e+10
-3.399999984642012585e+00 4.114055680000000000e+09
-3.359999984822694241e+00 1.298298368000000000e+10
-3.319999985003377230e+00 3.966359961600000000e+10
-3.279999985184058886e+00 5.395534233600000000e+10
-3.239999985364742319e+00 5.545404006400000000e+10
-3.199999985545423975e+00 4.422158745600000000e+10
-3.159999985726105631e+00 2.635868364800000000e+10
-3.119999985906788620e+00 2.404949401600000000e+10
-3.079999986087470276e+00 4.063329075200000000e+10
-3.039999986268151932e+00 5.259382784000000000e+10
-2.999999986448835365e+00 4.027017625600000000e+10
-2.959999986629517021e+00 2.424624128000000000e+10
-2.919999986810200010e+00 1.188473753600000000e+10
-2.879999986990881666e+00 5.325458944000000000e+09
-2.839999987171563323e+00 3.415124224000000000e+09
-2.799999987352246311e+00 6.115655168000000000e+09
-2.759999987532927967e+00 8.533812224000000000e+09
-2.719999987713609624e+00 8.979001344000000000e+09
-2.679999987894293056e+00 1.504050790400000000e+10
-2.639999988074974713e+00 2.236960153600000000e+10
-2.599999988255656369e+00 1.931941888000000000e+10
-2.559999988436339358e+00 1.181529497600000000e+10
-2.519999988617021014e+00 4.545992192000000000e+09
-2.479999988797704447e+00 4.093038848000000000e+09
-2.439999988978386103e+00 1.438175232000000000e+10
-2.399999989159067315e+00 2.875414323200000000e+10
-2.359999989339750748e+00 5.112252825600000000e+10
-2.319999989520432404e+00 7.141985484800000000e+10
-2.279999989701114060e+00 7.606083584000000000e+10
-2.239999989881797049e+00 6.476676300800000000e+10
-2.199999990062478705e+00 3.471880601600000000e+10
-2.159999990243162138e+00 1.352453120000000000e+10
-2.119999990423843794e+00 1.292000768000000000e+10
-2.079999990604525451e+00 1.928661401600000000e+10
-2.039999990785208439e+00 2.191448473600000000e+10
-1.999999990965890095e+00 1.885305241600000000e+10
-1.959999991146571752e+00 1.956180992000000000e+10
-1.919999991327254962e+00 1.689339187200000000e+10
-1.879999991507936619e+00 7.015428608000000000e+09
-1.839999991688619829e+00 6.086310400000000000e+09
-1.799999991869301486e+00 1.783224320000000000e+10
-1.759999992049983142e+00 4.454950092800000000e+10
-1.719999992230666352e+00 6.520702156800000000e+10
-1.679999992411347787e+00 6.255785574400000000e+10
-1.639999992592029443e+00 4.402916147200000000e+10
-1.599999992772712654e+00 2.628683980800000000e+10
-1.559999992953394310e+00 9.877904384000000000e+09
-1.519999993134077521e+00 1.330330880000000000e+09
-1.479999993314759177e+00 2.218433024000000000e+09
-1.439999993495440833e+00 8.706483200000000000e+09
-1.399999993676124044e+00 1.722556825600000000e+10
-1.359999993856805700e+00 2.626362368000000000e+10
-1.319999994037487356e+00 3.258249216000000000e+10
-1.279999994218170567e+00 2.776410316800000000e+10
-1.239999994398852223e+00 1.524667494400000000e+10
-1.199999994579533658e+00 6.853874176000000000e+09
-1.159999994760216868e+00 4.107467520000000000e+09
-1.119999994940898524e+00 5.111163904000000000e+09
-1.079999995121581735e+00 4.188247040000000000e+09
-1.039999995302263391e+00 3.318304000000000000e+09
-9.999999954829450477e-01 2.265018368000000000e+09
-9.599999956636282583e-01 9.042243584000000000e+09
-9.199999958443099146e-01 2.776734924800000000e+10
-8.799999960249915709e-01 4.570671513600000000e+10
-8.399999962056747815e-01 3.402746265600000000e+10
-7.999999963863563268e-01 2.796460646400000000e+10
-7.599999965670395374e-01 2.525098598400000000e+10
-7.199999967477211937e-01 4.894135296000000000e+09
-6.799999969284028500e-01 6.626573516800000000e+10
-6.399999971090860607e-01 1.761933557760000000e+11
-5.999999972897677170e-01 1.835801640960000000e+11
-5.599999974704492622e-01 9.570443264000000000e+10
-5.199999976511324729e-01 4.114959974400000000e+10
-4.799999978318141292e-01 2.267148697600000000e+10
-4.399999980124973398e-01 2.854776627200000000e+10
-3.999999981931789961e-01 3.538374246400000000e+10
-3.599999983738605969e-01 3.611541094400000000e+10
-3.199999985545438075e-01 2.577138483200000000e+10
-2.799999987352254638e-01 1.768207769600000000e+10
-2.399999989159070646e-01 1.559272448000000000e+10
-1.999999990965902752e-01 1.746626150400000000e+10
-1.599999992772719037e-01 1.614802944000000000e+10
-1.199999994579535323e-01 6.059057152000000000e+09
-7.999999963863674290e-02 3.745212416000000000e+09
-3.999999981931837145e-02 1.816208793600000000e+10
-1.577721810442023611e-15 2.803918643200000000e+10
3.999999981931678938e-02 2.152622899200000000e+10
7.999999963863516084e-02 1.369381888000000000e+10
1.199999994579519502e-01 2.472386150400000000e+10
1.599999992772703217e-01 3.860320256000000000e+10
1.999999990965886931e-01 4.938521395200000000e+10
2.399999989159054825e-01 5.786134528000000000e+10
2.799999987352238540e-01 7.402321510400000000e+10
3.199999985545406433e-01 1.259428167680000000e+11
3.599999983738590426e-01 1.707343380480000000e+11
3.999999981931773863e-01 1.834234675200000000e+11
4.399999980124941756e-01 1.497895895040000000e+11
4.799999978318125748e-01 8.375417241600000000e+10
5.199999976511309185e-01 2.606778572800000000e+10
5.599999974704477079e-01 7.698247168000000000e+09
5.999999972897660516e-01 6.106397696000000000e+09
6.399999971090828410e-01 1.523266944000000000e+09
6.799999969284012957e-01 4.704041984000000000e+09
7.199999967477196394e-01 1.531056025600000000e+10
7.599999965670364288e-01 1.406098432000000000e+10
7.999999963863547725e-01 5.404585472000000000e+09
8.399999962056731162e-01 3.209857920000000000e+08
8.799999960249899056e-01 1.188304588800000000e+10
9.199999958443083603e-01 3.229875200000000000e+10
9.599999956636251497e-01 3.867614412800000000e+10
9.999999954829434934e-01 3.154960588800000000e+10
1.039999995302261837e+00 1.638893772800000000e+10
1.079999995121578626e+00 9.498620928000000000e+09
1.119999994940896970e+00 1.249613926400000000e+10
1.159999994760215314e+00 2.083788800000000000e+10
1.199999994579532103e+00 1.708815974400000000e+10
1.239999994398850447e+00 3.377660160000000000e+09
1.279999994218169013e+00 1.134610022400000000e+10
1.319999994037487356e+00 5.618934988800000000e+10
1.359999993856802591e+00 8.572369305600000000e+10
1.399999993676120935e+00 8.699489484800000000e+10
1.439999993495439279e+00 1.091718184960000000e+11
1.479999993314757623e+00 1.260638863360000000e+11
1.519999993134075966e+00 1.276150743040000000e+11
1.559999992953391201e+00 1.040034283520000000e+11
1.599999992772709545e+00 6.103803904000000000e+10
1.639999992592027889e+00 2.737751654400000000e+10
1.679999992411346232e+00 7.462891008000000000e+09
1.719999992230664798e+00 4.785779200000000000e+09
1.759999992049983142e+00 1.214546432000000000e+10
1.799999991869298377e+00 2.475219968000000000e+10
1.839999991688616721e+00 3.701282816000000000e+10
1.879999991507935064e+00 3.839617843200000000e+10
1.919999991327253408e+00 1.679490560000000000e+10
1.959999991146571752e+00 3.188346880000000000e+09
1.999999990965886987e+00 9.099931648000000000e+09
2.039999990785205330e+00 1.193976115200000000e+10
2.079999990604523674e+00 4.251321600000000000e+09
2.119999990423842018e+00 3.720858880000000000e+08
2.159999990243160362e+00 6.161415680000000000e+09
2.199999990062475597e+00 2.375986380800000000e+10
2.239999989881793940e+00 3.109259878400000000e+10
2.279999989701112284e+00 2.699839692800000000e+10
2.319999989520430628e+00 2.743170867200000000e+10
2.359999989339748971e+00 3.716261068800000000e+10
2.399999989159067315e+00 5.556076134400000000e+10
2.439999988978382550e+00 5.869106790400000000e+10
2.479999988797700894e+00 4.243838566400000000e+10
2.519999988617019682e+00 1.922143027200000000e+10
2.559999988436338025e+00 6.006616576000000000e+09
2.599999988255656369e+00 3.884636672000000000e+09
2.639999988074971604e+00 5.791000064000000000e+09
2.679999987894289948e+00 7.370641920000000000e+09
2.719999987713608292e+00 5.126341632000000000e+09
2.759999987532926635e+00 7.703644800000000000e+08
2.799999987352244979e+00 1.321137868800000000e+10
2.839999987171563323e+00 3.722949017600000000e+10
2.879999986990878558e+00 4.941576601600000000e+10
2.919999986810196901e+00 5.150321049600000000e+10
2.959999986629515245e+00 5.762537881600000000e+10
2.999999986448833589e+00 5.917369548800000000e+10
3.039999986268151932e+00 4.052938752000000000e+10
3.079999986087467168e+00 6.207497728000000000e+09
3.119999985906785511e+00 6.398218240000000000e+09
3.159999985726103855e+00 3.554475212800000000e+10
3.199999985545422199e+00 5.367209574400000000e+10
3.239999985364740542e+00 5.849804390400000000e+10
3.279999985184055777e+00 3.677106176000000000e+10
3.319999985003374121e+00 1.616582758400000000e+10
3.359999984822692465e+00 1.214815846400000000e+10
3.399999984642010808e+00 2.782014054400000000e+10
3.439999984461329596e+00 7.318591897600000000e+10
3.479999984280647940e+00 1.138475171840000000e+11
3.519999984099963175e+00 1.024056115200000000e+11
3.559999983919281519e+00 4.877426278400000000e+10
3.599999983738599862e+00 1.158929715200000000e+10
3.639999983557918206e+00 1.150474240000000000e+09
3.679999983377236550e+00 8.937608800000000000e+07
3.719999983196551785e+00 9.533944320000000000e+08
3.759999983015870129e+00 6.238671360000000000e+09
3.799999982835188472e+00 1.815945830400000000e+10
3.839999982654506816e+00 2.157137100800000000e+10
3.879999982473825160e+00 1.472765440000000000e+10
3.919999982293143503e+00 4.822542848000000000e+09
3.959999982112458738e+00 1.942579072000000000e+09
3.999999981931777082e+00 1.896015052800000000e+10
4.039999981751095426e+00 5.372207923200000000e+10
4.079999981570414214e+00 6.330315161600000000e+10
4.119999981389732113e+00 3.614945280000000000e+10
4.159999981209047348e+00 1.897094553600000000e+10
4.199999981028366136e+00 3.006403993600000000e+10
4.239999980847684036e+00 4.007140147200000000e+10
4.279999980667002824e+00 3.157290598400000000e+10
4.319999980486320723e+00 1.588728422400000000e+10
4.359999980305635958e+00 6.202685952000000000e+09
4.399999980124954746e+00 3.140945664000000000e+09
4.439999979944272646e+00 3.093305600000000000e+09
4.479999979763591433e+00 6.127458816000000000e+09
4.519999979582909333e+00 1.181984460800000000e+10
4.559999979402228121e+00 3.253262131200000000e+10
4.599999979221543356e+00 7.539901235200000000e+10
4.639999979040861255e+00 1.137147822080000000e+11
4.679999978860180043e+00 1.000416215040000000e+11
4.719999978679497943e+00 6.445794918400000000e+10
4.759999978498816731e+00 3.910599884800000000e+10
4.799999978318131966e+00 2.270660198400000000e+10
4.839999978137449865e+00 8.129312768000000000e+09
4.879999977956768653e+00 4.490409984000000000e+09
4.919999977776087441e+00 1.456836403200000000e+10
4.959999977595405340e+00 3.312264806400000000e+10
4.999999977414724128e+00 4.385950515200000000e+10
5.039999977234039363e+00 3.978219520000000000e+10
5.079999977053357263e+00 2.486322585600000000e+10
5.119999976872676051e+00 1.074077491200000000e+10
5.159999976691993950e+00 3.142905088000000000e+09
5.199999976511312738e+00 4.960925696000000000e+09
5.239999976330627973e+00 1.487728844800000000e+10
5.279999976149945873e+00 2.225353932800000000e+10
5.319999975969264661e+00 1.752402944000000000e+10
5.359999975788582560e+00 9.896868864000000000e+09
5.399999975607901348e+00 7.490697216000000000e+09
5.439999975427216583e+00 1.104913510400000000e+10
5.479999975246534483e+00 1.735275520000000000e+10
5.519999975065853270e+00 2.167471923200000000e+10
5.559999974885171170e+00 3.076374732800000000e+10
5.599999974704489958e+00 4.135472332800000000e+10
5.639999974523807857e+00 4.699052032000000000e+10
5.679999974343123093e+00 5.018463436800000000e+10
5.719999974162441880e+00 4.163324723200000000e+10
5.759999973981759780e+00 2.182005145600000000e+10
5.799999973801078568e+00 9.390304256000000000e+09
5.839999973620396467e+00 1.068967424000000000e+10
5.879999973439711702e+00 1.595781529600000000e+10
5.919999973259030490e+00 1.630971904000000000e+10
5.959999973078349278e+00 1.188488601600000000e+10
5.999999972897667178e+00 1.196963840000000000e+10
6.039999972716985965e+00 1.739264409600000000e+10
6.079999972536301200e+00 2.009866444800000000e+10
6.119999972355619100e+00 1.966219468800000000e+10
6.159999972174937888e+00 2.330579558400000000e+10
6.199999971994255787e+00 2.891284684800000000e+10
6.239999971813574575e+00 3.638692249600000000e+10
6.279999971632892475e+00 4.022030336000000000e+10
6.319999971452207710e+00 3.511652761600000000e+10
6.359999971271526498e+00 2.052816896000000000e+10
6.399999971090844397e+00 7.560557056000000000e+09
6.439999970910163185e+00 6.402514944000000000e+09
6.479999970729481085e+00 1.595838873600000000e+10
6.519999970548796320e+00 2.373495603200000000e+10
6.559999970368115108e+00 2.512174899200000000e+10
6.599999970187433007e+00 2.251768627200000000e+10
6.639999970006751795e+00 2.044024422400000000e+10
6.679999969826069695e+00 2.153577676800000000e+10
6.719999969645388482e+00 2.388350361600000000e+10
6.759999969464703717e+00 2.468312883200000000e+10
6.799999969284021617e+00 2.125684121600000000e+10
6.839999969103340405e+00 1.672887500800000000e+10
6.879999968922659193e+00 1.273038233600000000e+10
6.919999968741977092e+00 1.376859238400000000e+10
6.959999968561292327e+00 2.150403481600000000e+10
6.999999968380611115e+00 3.178094592000000000e+10
7.039999968199929015e+00 3.448608358400000000e+10
7.079999968019247802e+00 2.795523686400000000e+10
7.119999967838565702e+00 2.029555916800000000e+10
7.159999967657880937e+00 1.667217510400000000e+10
7.199999967477199725e+00 1.351241728000000000e+10
7.239999967296517625e+00 1.040385638400000000e+10
7.279999967115836412e+00 4.883786752000000000e+09
7.319999966935154312e+00 7.894400000000000000e+08
7.359999966754473100e+00 9.033639936000000000e+09
7.399999966573788335e+00 3.550029824000000000e+10
7.439999966393106234e+00 6.450919833600000000e+10
7.479999966212425022e+00 6.644904345600000000e+10
7.519999966031742922e+00 4.654111129600000000e+10
7.559999965851061710e+00 2.392824422400000000e+10
7.599999965670376945e+00 9.393596416000000000e+09
7.639999965489694844e+00 1.939788800000000000e+09
7.679999965309013632e+00 1.172698320000000000e+08
7.719999965128331532e+00 5.001864320000000000e+08
7.759999964947650319e+00 4.411868800000000000e+08
7.799999964766968219e+00 1.421926400000000000e+09
7.839999964586283454e+00 4.168836352000000000e+09
7.879999964405602242e+00 6.133004288000000000e+09
7.919999964224921030e+00 6.806870016000000000e+09
7.959999964044238929e+00 1.145096294400000000e+10
7.999999963863557717e+00 2.070286540800000000e+10
8.039999963682872064e+00 3.003962982400000000e+10
8.079999963502190852e+00 3.624644608000000000e+10
8.119999963321509640e+00 3.725028966400000000e+10
8.159999963140828427e+00 3.194544128000000000e+10
8.199999962960145439e+00 2.352216678400000000e+10
8.239999962779460674e+00 1.498170880000000000e+10
8.279999962598779462e+00 9.064014848000000000e+09
8.319999962418098249e+00 5.610917888000000000e+09
8.359999962237417037e+00 3.583660288000000000e+09
8.399999962056734049e+00 2.270988544000000000e+09
8.439999961876052836e+00 1.372879104000000000e+09
8.479999961695368071e+00 2.522341120000000000e+09
8.519999961514686859e+00 7.491447808000000000e+09
8.559999961334005647e+00 1.456622489600000000e+10
8.599999961153322658e+00 1.943858790400000000e+10
8.639999960972641446e+00 1.950961459200000000e+10
8.679999960791956681e+00 1.643137536000000000e+10
8.719999960611275469e+00 1.315868774400000000e+10
8.759999960430594257e+00 1.169315635200000000e+10
8.799999960249911268e+00 1.238278860800000000e+10
8.839999960069230056e+00 1.401669632000000000e+10
8.879999959888548844e+00 1.494311116800000000e+10
8.919999959707864079e+00 1.377231667200000000e+10
8.959999959527182867e+00 1.069114060800000000e+10
8.999999959346501655e+00 7.514206208000000000e+09
9.039999959165818666e+00 5.173926400000000000e+09
9.079999958985137454e+00 3.758538496000000000e+09
9.119999958804452689e+00 2.985820672000000000e+09
9.159999958623771477e+00 2.433502720000000000e+09
9.199999958443090264e+00 1.932836352000000000e+09
9.239999958262407276e+00 1.686280192000000000e+09
9.279999958081726064e+00 2.123354240000000000e+09
9.319999957901041299e+00 2.384896512000000000e+09
9.359999957720360086e+00 1.378662272000000000e+09
9.399999957539678874e+00 4.924681280000000000e+08
9.439999957358995886e+00 3.752436992000000000e+09
9.479999957178314673e+00 1.211748659200000000e+10
9.519999956997633461e+00 2.210847948800000000e+10
9.559999956816948696e+00 3.054319411200000000e+10
9.599999956636267484e+00 3.556176281600000000e+10
9.639999956455584496e+00 3.447608934400000000e+10
9.679999956274903283e+00 2.795182284800000000e+10
9.719999956094222071e+00 1.978132070400000000e+10
9.759999955913537306e+00 1.315337830400000000e+10
9.799999955732856094e+00 8.639514624000000000e+09
9.839999955552174882e+00 5.862107648000000000e+09
9.879999955371491893e+00 4.228053760000000000e+09
9.919999955190810681e+00 3.216985344000000000e+09
9.959999955010125916e+00 2.612466176000000000e+09
9.999999954829444704e+00 2.363056896000000000e+09
1.003999995464876349e+01 2.470478848000000000e+09
1.007999995446808050e+01 3.065709568000000000e+09
1.011999995428739929e+01 4.203895808000000000e+09
1.015999995410671808e+01 5.780628992000000000e+09
1.019999995392603331e+01 7.448176128000000000e+09
1.023999995374535210e+01 8.522611712000000000e+09
1.027999995356466911e+01 8.495542784000000000e+09
1.031999995338398790e+01 7.673862144000000000e+09
1.035999995320330669e+01 6.797018624000000000e+09
1.039999995302262192e+01 6.369051136000000000e+09
1.043999995284194071e+01 6.373103616000000000e+09
1.047999995266125772e+01 6.837356032000000000e+09
1.051999995248057651e+01 8.046865920000000000e+09
1.055999995229989530e+01 9.851099136000000000e+09
1.059999995211921409e+01 1.148606156800000000e+10
1.063999995193852932e+01 1.210210508800000000e+10
1.067999995175784633e+01 1.116860620800000000e+10
1.071999995157716512e+01 9.173860352000000000e+09
1.075999995139648391e+01 7.100331008000000000e+09
1.079999995121580270e+01 5.318925824000000000e+09
1.083999995103511793e+01 3.884784640000000000e+09
1.087999995085443672e+01 2.902344192000000000e+09
1.091999995067375373e+01 2.169556224000000000e+09
1.095999995049307252e+01 1.628545152000000000e+09
1.099999995031239131e+01 1.266890368000000000e+09
1.103999995013170654e+01 9.813011840000000000e+08
1.107999994995102533e+01 7.715911040000000000e+08
1.111999994977034234e+01 6.506384640000000000e+08
1.115999994958966113e+01 6.075118080000000000e+08
1.119999994940897992e+01 6.295360640000000000e+08
1.123999994922829870e+01 7.678459520000000000e+08
1.127999994904761394e+01 1.055647360000000000e+09
1.131999994886693095e+01 1.553473024000000000e+09
1.135999994868624974e+01 2.437901824000000000e+09
1.139999994850556853e+01 3.857521664000000000e+09
1.143999994832488731e+01 6.036357120000000000e+09
1.147999994814420255e+01 9.143148544000000000e+09
1.151999994796351956e+01 1.290077491200000000e+10
1.155999994778283835e+01 1.660318003200000000e+10
1.159999994760215714e+01 1.889796505600000000e+10
1.163999994742147592e+01 1.846065766400000000e+10
1.167999994724079293e+01 1.547736985600000000e+10
1.171999994706010817e+01 1.130808832000000000e+10
1.175999994687942696e+01 7.349724672000000000e+09
1.179999994669874575e+01 4.339402752000000000e+09
