# x = Time (fs); y = Power (W)
-1.139999994850557030e+01 1.520663936000000000e+09
-1.135999994868625151e+01 1.653212672000000000e+09
-1.131999994886693450e+01 1.720800256000000000e+09
-1.127999994904761571e+01 1.628958848000000000e+09
-1.123999994922829870e+01 1.388178560000000000e+09
-1.119999994940898169e+01 1.039309696000000000e+09
-1.115999994958966290e+01 6.489744640000000000e+08
-1.111999994977034589e+01 3.329432960000000000e+08
-1.107999994995102711e+01 1.431932960000000000e+08
-1.103999995013171009e+01 5.848498400000000000e+07
-1.099999995031239131e+01 4.115725200000000000e+07
-1.095999995049307429e+01 4.670855200000000000e+07
-1.091999995067375551e+01 4.898992800000000000e+07
-1.087999995085443850e+01 4.509436800000000000e+07
-1.083999995103512148e+01 4.337200000000000000e+07
-1.079999995121580270e+01 4.648465200000000000e+07
-1.075999995139648568e+01 4.700162000000000000e+07
-1.071999995157716690e+01 5.211133200000000000e+07
-1.067999995175784989e+01 6.130122000000000000e+07
-1.063999995193853110e+01 7.194754400000000000e+07
-1.059999995211921409e+01 9.526140000000000000e+07
-1.055999995229989707e+01 1.339078480000000000e+08
-1.051999995248057829e+01 1.972815680000000000e+08
-1.047999995266126128e+01 3.166977920000000000e+08
-1.043999995284194249e+01 5.588227840000000000e+08
-1.039999995302262548e+01 1.077276288000000000e+09
-1.035999995320330669e+01 2.051247872000000000e+09
-1.031999995338398968e+01 3.580413952000000000e+09
-1.027999995356467089e+01 5.338487808000000000e+09
-1.023999995374535388e+01 6.565881856000000000e+09
-1.019999995392603687e+01 6.782389760000000000e+09
-1.015999995410671808e+01 6.313506304000000000e+09
-1.011999995428740107e+01 5.557112320000000000e+09
-1.007999995446808228e+01 4.739280896000000000e+09
-1.003999995464876527e+01 3.946355968000000000e+09
-9.999999954829448257e+00 3.067231232000000000e+09
-9.959999955010129469e+00 2.084966144000000000e+09
-9.919999955190810681e+00 1.095623552000000000e+09
-9.879999955371493670e+00 3.236812800000000000e+08
-9.839999955552174882e+00 1.780599360000000000e+08
-9.799999955732859647e+00 1.175417984000000000e+09
-9.759999955913540859e+00 3.770519552000000000e+09
-9.719999956094222071e+00 8.139039232000000000e+09
-9.679999956274905060e+00 1.356058624000000000e+10
-9.639999956455586272e+00 1.738863206400000000e+10
-9.599999956636269260e+00 1.770405478400000000e+10
-9.559999956816952249e+00 1.519653580800000000e+10
-9.519999956997633461e+00 1.185183334400000000e+10
-9.479999957178316450e+00 8.825842688000000000e+09
-9.439999957358997662e+00 6.424795136000000000e+09
-9.399999957539680651e+00 4.541920768000000000e+09
-9.359999957720363639e+00 3.197116672000000000e+09
-9.319999957901044851e+00 2.369056256000000000e+09
-9.279999958081726064e+00 1.880324864000000000e+09
-9.239999958262409052e+00 1.537548928000000000e+09
-9.199999958443092041e+00 1.250820480000000000e+09
-9.159999958623775029e+00 9.750820480000000000e+08
-9.119999958804456242e+00 7.417925760000000000e+08
-9.079999958985137454e+00 5.686280320000000000e+08
-9.039999959165818666e+00 4.450031360000000000e+08
-8.999999959346501655e+00 3.198425280000000000e+08
-8.959999959527186419e+00 2.091695520000000000e+08
-8.919999959707867632e+00 1.285324720000000000e+08
-8.879999959888548844e+00 9.044230400000000000e+07
-8.839999960069230056e+00 8.314672000000000000e+07
-8.799999960249913045e+00 7.117500000000000000e+07
-8.759999960430597810e+00 3.540533200000000000e+07
-8.719999960611279022e+00 4.731375600000000000e+07
-8.679999960791960234e+00 2.036828800000000000e+08
-8.639999960972641446e+00 4.307596480000000000e+08
-8.599999961153324435e+00 5.408689280000000000e+08
-8.559999961334007423e+00 6.495416960000000000e+08
-8.519999961514690412e+00 9.867941120000000000e+08
-8.479999961695371624e+00 1.753116672000000000e+09
-8.439999961876052836e+00 2.710874112000000000e+09
-8.399999962056734049e+00 3.761183744000000000e+09
-8.359999962237418814e+00 5.549027328000000000e+09
-8.319999962418101802e+00 9.918251008000000000e+09
-8.279999962598783014e+00 1.715811123200000000e+10
-8.239999962779464227e+00 2.463058534400000000e+10
-8.199999962960145439e+00 3.005096550400000000e+10
-8.159999963140828427e+00 3.177542246400000000e+10
-8.119999963321513192e+00 3.037269196800000000e+10
-8.079999963502194404e+00 2.541347225600000000e+10
-8.039999963682875617e+00 1.771516108800000000e+10
-7.999999963863557717e+00 9.784301568000000000e+09
-7.959999964044240706e+00 4.006934784000000000e+09
-7.919999964224921918e+00 1.174456704000000000e+09
-7.879999964405605795e+00 9.139184640000000000e+08
-7.839999964586287007e+00 2.030538624000000000e+09
-7.799999964766968219e+00 3.261687296000000000e+09
-7.759999964947650319e+00 3.696781312000000000e+09
-7.719999965128333308e+00 2.905627904000000000e+09
-7.679999965309016297e+00 1.583037824000000000e+09
-7.639999965489698397e+00 7.011143040000000000e+08
-7.599999965670379609e+00 5.109763520000000000e+08
-7.559999965851061710e+00 8.298104320000000000e+08
-7.519999966031744698e+00 1.368814080000000000e+09
-7.479999966212426799e+00 2.017570048000000000e+09
-7.439999966393109787e+00 2.478586112000000000e+09
-7.399999966573790999e+00 2.546257920000000000e+09
-7.359999966754473100e+00 2.457673728000000000e+09
-7.319999966935154312e+00 2.429453568000000000e+09
-7.279999967115837300e+00 2.901770752000000000e+09
-7.239999967296521177e+00 4.494202368000000000e+09
-7.199999967477202389e+00 7.557499904000000000e+09
-7.159999967657884490e+00 1.151782809600000000e+10
-7.119999967838565702e+00 1.512805376000000000e+10
-7.079999968019248691e+00 1.749344460800000000e+10
-7.039999968199931679e+00 1.761460428800000000e+10
-6.999999968380612891e+00 1.496348262400000000e+10
-6.959999968561295880e+00 1.077531750400000000e+10
-6.919999968741977980e+00 6.390239744000000000e+09
-6.879999968922660081e+00 3.634006272000000000e+09
-6.839999969103342181e+00 1.996207488000000000e+09
-6.799999969284024282e+00 6.930028160000000000e+08
-6.759999969464706382e+00 2.240103360000000000e+08
-6.719999969645389370e+00 9.612807200000000000e+07
-6.679999969826070583e+00 5.259667200000000000e+07
-6.639999970006753571e+00 5.168386000000000000e+07
-6.599999970187435672e+00 3.180712800000000000e+07
-6.559999970368116884e+00 4.951069600000000000e+07
-6.519999970548799872e+00 6.697851520000000000e+08
-6.479999970729481973e+00 2.944066304000000000e+09
-6.439999970910164961e+00 5.089626624000000000e+09
-6.399999971090846174e+00 4.879388672000000000e+09
-6.359999971271528274e+00 2.039810688000000000e+09
-6.319999971452211263e+00 2.087653888000000000e+09
-6.279999971632893363e+00 3.323146240000000000e+09
-6.239999971813575463e+00 2.514953472000000000e+09
-6.199999971994257564e+00 6.744637440000000000e+09
-6.159999972174939664e+00 2.626742067200000000e+10
-6.119999972355622653e+00 5.356925747200000000e+10
-6.079999972536303865e+00 6.301341286400000000e+10
-6.039999972716985965e+00 5.703677132800000000e+10
-5.999999972897668954e+00 4.508214886400000000e+10
-5.959999973078351054e+00 3.479264460800000000e+10
-5.919999973259033155e+00 2.597605376000000000e+10
-5.879999973439715255e+00 1.849433088000000000e+10
-5.839999973620396467e+00 1.142740787200000000e+10
-5.799999973801080344e+00 6.581891072000000000e+09
-5.759999973981761556e+00 3.649999616000000000e+09
-5.719999974162444545e+00 2.272166144000000000e+09
-5.679999974343126645e+00 2.294624000000000000e+09
-5.639999974523807857e+00 2.802045184000000000e+09
-5.599999974704491734e+00 2.954864128000000000e+09
-5.559999974885172946e+00 1.845412992000000000e+09
-5.519999975065855047e+00 9.037732480000000000e+08
-5.479999975246538035e+00 2.465725184000000000e+09
-5.439999975427219248e+00 5.834522112000000000e+09
-5.399999975607903124e+00 6.009740800000000000e+09
-5.359999975788584337e+00 2.530271488000000000e+09
-5.319999975969265549e+00 6.819032064000000000e+09
-5.279999976149949426e+00 3.377840128000000000e+10
-5.239999976330630638e+00 7.280755507200000000e+10
-5.199999976511312738e+00 9.521518182400000000e+10
-5.159999976691995727e+00 9.179604582400000000e+10
-5.119999976872676939e+00 6.591053414400000000e+10
-5.079999977053359039e+00 3.532086067200000000e+10
-5.039999977234042028e+00 1.423370035200000000e+10
-4.999999977414724128e+00 4.026455040000000000e+09
-4.959999977595407117e+00 1.116214272000000000e+09
-4.919999977776088329e+00 7.774457600000000000e+08
-4.879999977956770429e+00 1.488952448000000000e+09
-4.839999978137453418e+00 3.785321216000000000e+09
-4.799999978318134630e+00 6.037587456000000000e+09
-4.759999978498816731e+00 7.218467328000000000e+09
-4.719999978679499719e+00 5.987281920000000000e+09
-4.679999978860181820e+00 2.799261696000000000e+09
-4.639999979040864808e+00 5.235845120000000000e+08
-4.599999979221546020e+00 2.623470592000000000e+09
-4.559999979402228121e+00 7.201959936000000000e+09
-4.519999979582911109e+00 8.628074496000000000e+09
-4.479999979763593210e+00 6.817330176000000000e+09
-4.439999979944274422e+00 4.327743488000000000e+09
-4.399999980124957411e+00 7.601391104000000000e+09
-4.359999980305639511e+00 1.463749120000000000e+10
-4.319999980486322499e+00 1.642719539200000000e+10
-4.279999980667003712e+00 1.849944473600000000e+10
-4.239999980847685812e+00 3.389673881600000000e+10
-4.199999981028368801e+00 4.865798144000000000e+10
-4.159999981209050901e+00 5.421276774400000000e+10
-4.119999981389732113e+00 5.397858304000000000e+10
-4.079999981570415102e+00 5.223829504000000000e+10
-4.039999981751097202e+00 4.973155123200000000e+10
-3.999999981931778859e+00 4.486154240000000000e+10
-3.959999982112461847e+00 3.864693555200000000e+10
-3.919999982293143503e+00 3.383439974400000000e+10
-3.879999982473826936e+00 3.499957862400000000e+10
-3.839999982654508148e+00 3.747824025600000000e+10
-3.799999982835189805e+00 3.427875635200000000e+10
-3.759999983015873237e+00 2.911968870400000000e+10
-3.719999983196554894e+00 2.375492812800000000e+10
-3.679999983377236550e+00 2.098233958400000000e+10
-3.639999983557919538e+00 1.883622604800000000e+10
-3.599999983738601195e+00 2.283968512000000000e+10
-3.559999983919284627e+00 2.825568665600000000e+10
-3.519999984099966284e+00 2.596582604800000000e+10
-3.479999984280647940e+00 2.052977049600000000e+10
-3.439999984461330929e+00 1.197877657600000000e+10
-3.399999984642012585e+00 8.396646912000000000e+09
-3.359999984822694241e+00 7.676701184000000000e+09
-3.319999985003377230e+00 4.751255552000000000e+09
-3.279999985184058886e+00 5.602143232000000000e+09
-3.239999985364742319e+00 1.339291340800000000e+10
-3.199999985545423975e+00 2.980713472000000000e+10
-3.159999985726105631e+00 3.631107686400000000e+10
-3.119999985906788620e+00 2.509158195200000000e+10
-3.079999986087470276e+00 1.324584038400000000e+10
-3.039999986268151932e+00 5.510026240000000000e+09
-2.999999986448835365e+00 3.182651648000000000e+09
-2.959999986629517021e+00 9.968450560000000000e+09
-2.919999986810200010e+00 1.845789696000000000e+10
-2.879999986990881666e+00 1.896253440000000000e+10
-2.839999987171563323e+00 8.856782848000000000e+09
-2.799999987352246311e+00 3.170945280000000000e+09
-2.759999987532927967e+00 1.165224832000000000e+09
-2.719999987713609624e+00 2.351561920000000000e+08
-2.679999987894293056e+00 3.628631040000000000e+09
-2.639999988074974713e+00 5.409521152000000000e+09
-2.599999988255656369e+00 3.964877760000000000e+08
-2.559999988436339358e+00 7.448259072000000000e+09
-2.519999988617021014e+00 2.301001318400000000e+10
-2.479999988797704447e+00 3.935864422400000000e+10
-2.439999988978386103e+00 5.305314918400000000e+10
-2.399999989159067315e+00 6.396530278400000000e+10
-2.359999989339750748e+00 7.231648563200000000e+10
-2.319999989520432404e+00 7.340946227200000000e+10
-2.279999989701114060e+00 5.010697011200000000e+10
-2.239999989881797049e+00 1.754716160000000000e+10
-2.199999990062478705e+00 2.365412352000000000e+09
-2.159999990243162138e+00 2.978237696000000000e+09
-2.119999990423843794e+00 4.753832448000000000e+09
-2.079999990604525451e+00 1.632345292800000000e+10
-2.039999990785208439e+00 3.627321344000000000e+10
-1.999999990965890095e+00 5.165748633600000000e+10
-1.959999991146571752e+00 5.807178137600000000e+10
-1.919999991327254962e+00 4.102251315200000000e+10
-1.879999991507936619e+00 2.159191244800000000e+10
-1.839999991688619829e+00 2.348892364800000000e+10
-1.799999991869301486e+00 4.714855628800000000e+10
-1.759999992049983142e+00 5.913085542400000000e+10
-1.719999992230666352e+00 4.112675225600000000e+10
-1.679999992411347787e+00 2.198771302400000000e+10
-1.639999992592029443e+00 2.259228262400000000e+10
-1.599999992772712654e+00 1.336615219200000000e+10
-1.559999992953394310e+00 3.181960704000000000e+09
-1.519999993134077521e+00 5.248192921600000000e+10
-1.479999993314759177e+00 1.283613245440000000e+11
-1.439999993495440833e+00 1.366548480000000000e+11
-1.399999993676124044e+00 9.051042611200000000e+10
-1.359999993856805700e+00 3.396817715200000000e+10
-1.319999994037487356e+00 8.424730112000000000e+09
-1.279999994218170567e+00 2.330119936000000000e+09
-1.239999994398852223e+00 7.011579520000000000e+08
-1.199999994579533658e+00 7.802294400000000000e+08
-1.159999994760216868e+00 7.130725888000000000e+09
-1.119999994940898524e+00 2.300525158400000000e+10
-1.079999995121581735e+00 4.524414156800000000e+10
-1.039999995302263391e+00 5.984743424000000000e+10
-9.999999954829450477e-01 6.441373286400000000e+10
-9.599999956636282583e-01 5.938655641600000000e+10
-9.199999958443099146e-01 5.972595916800000000e+10
-8.799999960249915709e-01 5.157880217600000000e+10
-8.399999962056747815e-01 3.982509260800000000e+10
-7.999999963863563268e-01 1.582268723200000000e+10
-7.599999965670395374e-01 4.206782080000000000e+08
-7.199999967477211937e-01 1.030718771200000000e+10
-6.799999969284028500e-01 2.988682444800000000e+10
-6.399999971090860607e-01 3.531207475200000000e+10
-5.999999972897677170e-01 3.484876800000000000e+10
-5.599999974704492622e-01 2.585257984000000000e+10
-5.199999976511324729e-01 1.659938406400000000e+10
-4.799999978318141292e-01 8.576515072000000000e+09
-4.399999980124973398e-01 2.048005529600000000e+10
-3.999999981931789961e-01 2.448705331200000000e+10
-3.599999983738605969e-01 1.420813414400000000e+10
-3.199999985545438075e-01 2.787569152000000000e+09
-2.799999987352254638e-01 1.056930406400000000e+10
-2.399999989159070646e-01 7.230962892800000000e+10
-1.999999990965902752e-01 1.468709273600000000e+11
-1.599999992772719037e-01 1.419911987200000000e+11
-1.199999994579535323e-01 8.946888704000000000e+10
-7.999999963863674290e-02 4.501433139200000000e+10
-3.999999981931837145e-02 1.685491404800000000e+10
-1.577721810442023611e-15 2.382233600000000000e+09
3.999999981931678938e-02 1.003177881600000000e+10
7.999999963863516084e-02 3.794833817600000000e+10
1.199999994579519502e-01 7.385960448000000000e+10
1.599999992772703217e-01 7.313009868800000000e+10
1.999999990965886931e-01 5.305976832000000000e+10
2.399999989159054825e-01 2.754975744000000000e+10
2.799999987352238540e-01 1.356258508800000000e+10
3.199999985545406433e-01 6.852906496000000000e+09
3.599999983738590426e-01 5.655936512000000000e+09
3.999999981931773863e-01 4.890380800000000000e+09
4.399999980124941756e-01 7.708530688000000000e+09
4.799999978318125748e-01 1.116329574400000000e+10
5.199999976511309185e-01 1.201116364800000000e+10
5.599999974704477079e-01 5.547706880000000000e+09
5.999999972897660516e-01 1.858914944000000000e+09
6.399999971090828410e-01 5.582816256000000000e+09
6.799999969284012957e-01 2.305206681600000000e+10
7.199999967477196394e-01 5.034480844800000000e+10
7.599999965670364288e-01 4.371948339200000000e+10
7.999999963863547725e-01 2.216810086400000000e+10
8.399999962056731162e-01 1.322551091200000000e+10
8.799999960249899056e-01 2.078718156800000000e+10
9.199999958443083603e-01 4.280848793600000000e+10
9.599999956636251497e-01 6.554453606400000000e+10
9.999999954829434934e-01 7.241102131200000000e+10
1.039999995302261837e+00 6.363258060800000000e+10
1.079999995121578626e+00 4.994863513600000000e+10
1.119999994940896970e+00 3.169073356800000000e+10
1.159999994760215314e+00 1.902112563200000000e+10
1.199999994579532103e+00 5.518468608000000000e+09
1.239999994398850447e+00 2.014569600000000000e+08
1.279999994218169013e+00 2.216185856000000000e+09
1.319999994037487356e+00 1.921369088000000000e+09
1.359999993856802591e+00 4.978981888000000000e+09
1.399999993676120935e+00 1.789407232000000000e+10
1.439999993495439279e+00 3.565814169600000000e+10
1.479999993314757623e+00 3.378499379200000000e+10
1.519999993134075966e+00 1.764610662400000000e+10
1.559999992953391201e+00 5.593874432000000000e+09
1.599999992772709545e+00 4.639788544000000000e+09
1.639999992592027889e+00 8.246938880000000000e+08
1.679999992411346232e+00 1.520020172800000000e+10
1.719999992230664798e+00 3.878416793600000000e+10
1.759999992049983142e+00 2.157884211200000000e+10
1.799999991869298377e+00 7.613050880000000000e+09
1.839999991688616721e+00 3.411803955200000000e+10
1.879999991507935064e+00 5.956616601600000000e+10
1.919999991327253408e+00 8.707776512000000000e+10
1.959999991146571752e+00 1.322026516480000000e+11
1.999999990965886987e+00 1.512711946240000000e+11
2.039999990785205330e+00 1.005729955840000000e+11
2.079999990604523674e+00 3.588696883200000000e+10
2.119999990423842018e+00 8.554181120000000000e+09
2.159999990243160362e+00 1.433657856000000000e+10
2.199999990062475597e+00 2.218728243200000000e+10
2.239999989881793940e+00 1.563476377600000000e+10
2.279999989701112284e+00 1.345485004800000000e+10
2.319999989520430628e+00 2.799740313600000000e+10
2.359999989339748971e+00 4.241991680000000000e+10
2.399999989159067315e+00 5.074398822400000000e+10
2.439999988978382550e+00 5.836204851200000000e+10
2.479999988797700894e+00 6.741416345600000000e+10
2.519999988617019682e+00 7.015791001600000000e+10
2.559999988436338025e+00 7.101254041600000000e+10
2.599999988255656369e+00 6.420076544000000000e+10
2.639999988074971604e+00 3.765854208000000000e+10
2.679999987894289948e+00 8.597588992000000000e+09
2.719999987713608292e+00 5.224338944000000000e+09
2.759999987532926635e+00 2.397077504000000000e+10
2.799999987352244979e+00 3.640132403200000000e+10
2.839999987171563323e+00 2.674462515200000000e+10
2.879999986990878558e+00 1.044064256000000000e+10
2.919999986810196901e+00 2.800759040000000000e+09
2.959999986629515245e+00 1.302011392000000000e+09
2.999999986448833589e+00 3.253733376000000000e+09
3.039999986268151932e+00 6.711470080000000000e+09
3.079999986087467168e+00 7.790020096000000000e+09
3.119999985906785511e+00 3.326816256000000000e+09
3.159999985726103855e+00 1.936551680000000000e+08
3.199999985545422199e+00 6.313930240000000000e+09
3.239999985364740542e+00 1.852102246400000000e+10
3.279999985184055777e+00 3.532428083200000000e+10
3.319999985003374121e+00 5.757026304000000000e+10
3.359999984822692465e+00 7.412075724800000000e+10
3.399999984642010808e+00 6.923451596800000000e+10
3.439999984461329596e+00 4.596203520000000000e+10
3.479999984280647940e+00 2.623319040000000000e+10
3.519999984099963175e+00 3.020464742400000000e+10
3.559999983919281519e+00 3.795093504000000000e+10
3.599999983738599862e+00 2.820868915200000000e+10
3.639999983557918206e+00 6.707277312000000000e+09
3.679999983377236550e+00 7.042429952000000000e+09
3.719999983196551785e+00 2.450929049600000000e+10
3.759999983015870129e+00 2.592261120000000000e+10
3.799999982835188472e+00 1.683443302400000000e+10
3.839999982654506816e+00 8.461453312000000000e+09
3.879999982473825160e+00 5.548884992000000000e+09
3.919999982293143503e+00 6.742819840000000000e+09
3.959999982112458738e+00 1.814079078400000000e+10
3.999999981931777082e+00 4.413817651200000000e+10
4.039999981751095426e+00 6.454470656000000000e+10
4.079999981570414214e+00 6.980535091200000000e+10
4.119999981389732113e+00 6.775690854400000000e+10
4.159999981209047348e+00 5.555211878400000000e+10
4.199999981028366136e+00 4.604615065600000000e+10
4.239999980847684036e+00 7.463093862400000000e+10
4.279999980667002824e+00 1.169944330240000000e+11
4.319999980486320723e+00 1.051726315520000000e+11
4.359999980305635958e+00 5.970979225600000000e+10
4.399999980124954746e+00 2.275171532800000000e+10
4.439999979944272646e+00 4.585830400000000000e+09
4.479999979763591433e+00 1.316706944000000000e+09
4.519999979582909333e+00 2.952515072000000000e+09
4.559999979402228121e+00 1.321988505600000000e+10
4.599999979221543356e+00 3.507659980800000000e+10
4.639999979040861255e+00 5.736144896000000000e+10
4.679999978860180043e+00 5.543115161600000000e+10
4.719999978679497943e+00 3.859491635200000000e+10
4.759999978498816731e+00 2.656978329600000000e+10
4.799999978318131966e+00 2.349933363200000000e+10
4.839999978137449865e+00 1.379294924800000000e+10
4.879999977956768653e+00 2.087458176000000000e+09
4.919999977776087441e+00 2.476955904000000000e+09
4.959999977595405340e+00 1.089755033600000000e+10
4.999999977414724128e+00 2.146902425600000000e+10
5.039999977234039363e+00 2.622923161600000000e+10
5.079999977053357263e+00 2.236697190400000000e+10
5.119999976872676051e+00 1.320811929600000000e+10
5.159999976691993950e+00 6.741295616000000000e+09
5.199999976511312738e+00 5.354501632000000000e+09
5.239999976330627973e+00 9.186885632000000000e+09
5.279999976149945873e+00 1.564465868800000000e+10
5.319999975969264661e+00 1.401796812800000000e+10
5.359999975788582560e+00 3.308068608000000000e+09
5.399999975607901348e+00 4.321438208000000000e+09
5.439999975427216583e+00 1.477359104000000000e+10
5.479999975246534483e+00 1.632468787200000000e+10
5.519999975065853270e+00 1.043776614400000000e+10
5.559999974885171170e+00 1.365567180800000000e+10
5.599999974704489958e+00 1.782233497600000000e+10
5.639999974523807857e+00 1.214956134400000000e+10
5.679999974343123093e+00 2.132469632000000000e+09
5.719999974162441880e+00 2.508961587200000000e+10
5.759999973981759780e+00 6.257569382400000000e+10
5.799999973801078568e+00 7.187887718400000000e+10
5.839999973620396467e+00 6.903920230400000000e+10
5.879999973439711702e+00 6.138130841600000000e+10
5.919999973259030490e+00 4.875277926400000000e+10
5.959999973078349278e+00 3.418046873600000000e+10
5.999999972897667178e+00 1.789822976000000000e+10
6.039999972716985965e+00 4.914349568000000000e+09
6.079999972536301200e+00 5.702087680000000000e+08
6.119999972355619100e+00 5.828593664000000000e+09
6.159999972174937888e+00 1.656926310400000000e+10
6.199999971994255787e+00 3.507993804800000000e+10
6.239999971813574575e+00 5.355635507200000000e+10
6.279999971632892475e+00 6.516356710400000000e+10
6.319999971452207710e+00 6.766079590400000000e+10
6.359999971271526498e+00 5.919711232000000000e+10
6.399999971090844397e+00 4.020040089600000000e+10
6.439999970910163185e+00 2.025223782400000000e+10
6.479999970729481085e+00 8.857361408000000000e+09
6.519999970548796320e+00 3.466412032000000000e+09
6.559999970368115108e+00 1.309381504000000000e+09
6.599999970187433007e+00 8.637056000000000000e+08
6.639999970006751795e+00 3.416883200000000000e+08
6.679999969826069695e+00 6.891797120000000000e+08
6.719999969645388482e+00 2.433768704000000000e+09
6.759999969464703717e+00 3.484982016000000000e+09
6.799999969284021617e+00 3.619636480000000000e+09
6.839999969103340405e+00 3.628140032000000000e+09
6.879999968922659193e+00 5.132833792000000000e+09
6.919999968741977092e+00 5.248390656000000000e+09
6.959999968561292327e+00 4.050850304000000000e+09
6.999999968380611115e+00 3.283292416000000000e+09
7.039999968199929015e+00 6.141298176000000000e+09
7.079999968019247802e+00 1.066948915200000000e+10
7.119999967838565702e+00 1.267781324800000000e+10
7.159999967657880937e+00 1.344648806400000000e+10
7.199999967477199725e+00 1.982719590400000000e+10
7.239999967296517625e+00 3.379952230400000000e+10
7.279999967115836412e+00 5.879999692800000000e+10
7.319999966935154312e+00 8.116689305600000000e+10
7.359999966754473100e+00 7.332158668800000000e+10
7.399999966573788335e+00 4.433917542400000000e+10
7.439999966393106234e+00 2.082737152000000000e+10
7.479999966212425022e+00 6.037029888000000000e+09
7.519999966031742922e+00 5.423623680000000000e+08
7.559999965851061710e+00 1.383406592000000000e+09
7.599999965670376945e+00 5.176248832000000000e+09
7.639999965489694844e+00 9.968388096000000000e+09
7.679999965309013632e+00 1.853599334400000000e+10
7.719999965128331532e+00 3.188266598400000000e+10
7.759999964947650319e+00 4.657317068800000000e+10
7.799999964766968219e+00 5.397351219200000000e+10
7.839999964586283454e+00 4.671008768000000000e+10
7.879999964405602242e+00 2.993702912000000000e+10
7.919999964224921030e+00 1.386151628800000000e+10
7.959999964044238929e+00 4.035676416000000000e+09
7.999999963863557717e+00 6.723166080000000000e+08
8.039999963682872064e+00 1.374467072000000000e+09
8.079999963502190852e+00 3.257038848000000000e+09
8.119999963321509640e+00 4.491097088000000000e+09
8.159999963140828427e+00 4.889137664000000000e+09
8.199999962960145439e+00 5.111057408000000000e+09
8.239999962779460674e+00 5.864573440000000000e+09
8.279999962598779462e+00 7.504342016000000000e+09
8.319999962418098249e+00 9.804302336000000000e+09
8.359999962237417037e+00 1.203776102400000000e+10
8.399999962056734049e+00 1.255272243200000000e+10
8.439999961876052836e+00 1.108210585600000000e+10
8.479999961695368071e+00 8.438299136000000000e+09
8.519999961514686859e+00 5.869150208000000000e+09
8.559999961334005647e+00 3.815323392000000000e+09
8.599999961153322658e+00 2.450227712000000000e+09
8.639999960972641446e+00 1.668082432000000000e+09
8.679999960791956681e+00 1.542168576000000000e+09
8.719999960611275469e+00 2.034152320000000000e+09
8.759999960430594257e+00 2.750136064000000000e+09
8.799999960249911268e+00 3.012455424000000000e+09
8.839999960069230056e+00 2.745899520000000000e+09
8.879999959888548844e+00 2.519457024000000000e+09
8.919999959707864079e+00 2.356029440000000000e+09
8.959999959527182867e+00 2.219956736000000000e+09
8.999999959346501655e+00 1.945107200000000000e+09
9.039999959165818666e+00 1.639052416000000000e+09
9.079999958985137454e+00 2.085043840000000000e+09
9.119999958804452689e+00 3.633786368000000000e+09
9.159999958623771477e+00 5.880529408000000000e+09
9.199999958443090264e+00 8.950045696000000000e+09
9.239999958262407276e+00 1.502394982400000000e+10
9.279999958081726064e+00 2.647831961600000000e+10
9.319999957901041299e+00 3.992138547200000000e+10
9.359999957720360086e+00 4.296642150400000000e+10
9.399999957539678874e+00 3.339672371200000000e+10
9.439999957358995886e+00 2.022519398400000000e+10
9.479999957178314673e+00 1.006624768000000000e+10
9.519999956997633461e+00 4.277076480000000000e+09
9.559999956816948696e+00 1.818152960000000000e+09
9.599999956636267484e+00 1.349392000000000000e+09
9.639999956455584496e+00 1.148387712000000000e+09
9.679999956274903283e+00 8.702205440000000000e+08
9.719999956094222071e+00 7.880743040000000000e+08
9.759999955913537306e+00 1.380904960000000000e+09
9.799999955732856094e+00 3.048842752000000000e+09
9.839999955552174882e+00 5.891293184000000000e+09
9.879999955371491893e+00 9.765279744000000000e+09
9.919999955190810681e+00 1.407314022400000000e+10
9.959999955010125916e+00 1.750766387200000000e+10
9.999999954829444704e+00 1.940973977600000000e+10
1.003999995464876349e+01 1.947692851200000000e+10
1.007999995446808050e+01 1.785066291200000000e+10
1.011999995428739929e+01 1.479242752000000000e+10
1.015999995410671808e+01 1.130013286400000000e+10
1.019999995392603331e+01 8.066978304000000000e+09
1.023999995374535210e+01 5.735859200000000000e+09
1.027999995356466911e+01 4.255399168000000000e+09
1.031999995338398790e+01 3.330766848000000000e+09
1.035999995320330669e+01 2.627705088000000000e+09
1.039999995302262192e+01 2.039464064000000000e+09
1.043999995284194071e+01 1.527195904000000000e+09
1.047999995266125772e+01 1.168055296000000000e+09
1.051999995248057651e+01 1.101992832000000000e+09
1.055999995229989530e+01 1.646381184000000000e+09
1.059999995211921409e+01 3.287809024000000000e+09
1.063999995193852932e+01 6.237927936000000000e+09
1.067999995175784633e+01 9.943111680000000000e+09
1.071999995157716512e+01 1.293031526400000000e+10
1.075999995139648391e+01 1.364249190400000000e+10
1.079999995121580270e+01 1.219129241600000000e+10
1.083999995103511793e+01 9.738582016000000000e+09
1.087999995085443672e+01 7.063618560000000000e+09
1.091999995067375373e+01 4.763746816000000000e+09
1.095999995049307252e+01 2.998118400000000000e+09
1.099999995031239131e+01 1.642424832000000000e+09
1.103999995013170654e+01 7.276563200000000000e+08
1.107999994995102533e+01 1.934232960000000000e+08
1.111999994977034234e+01 4.490460400000000000e+07
1.115999994958966113e+01 3.788602880000000000e+08
1.119999994940897992e+01 1.349203328000000000e+09
1.123999994922829870e+01 3.148460032000000000e+09
1.127999994904761394e+01 5.510572032000000000e+09
1.131999994886693095e+01 7.650011136000000000e+09
1.135999994868624974e+01 8.753384448000000000e+09
1.139999994850556853e+01 8.542401024000000000e+09
1.143999994832488731e+01 7.452249600000000000e+09
1.147999994814420255e+01 6.021921792000000000e+09
1.151999994796351956e+01 4.739041792000000000e+09
1.155999994778283835e+01 3.709424896000000000e+09
1.159999994760215714e+01 2.991870720000000000e+09
1.163999994742147592e+01 2.560274688000000000e+09
1.167999994724079293e+01 2.326918400000000000e+09
1.171999994706010817e+01 2.255341056000000000e+09
1.175999994687942696e+01 2.325042432000000000e+09
1.179999994669874575e+01 2.524051200000000000e+09
1.183999994651806453e+01 2.803799040000000000e+09
1.187999994633738332e+01 3.209827840000000000e+09
1.191999994615669856e+01 3.711902720000000000e+09
1.195999994597601557e+01 4.332523008000000000e+09
1.199999994579533436e+01 5.045015040000000000e+09
1.203999994561465314e+01 5.760869376000000000e+09
1.207999994543397193e+01 6.408483328000000000e+09
1.211999994525328717e+01 6.834844160000000000e+09
1.215999994507260418e+01 6.900637184000000000e+09
1.219999994489192296e+01 6.530692096000000000e+09
1.223999994471124175e+01 5.747738624000000000e+09
1.227999994453056054e+01 4.727707648000000000e+09
1.231999994434987755e+01 3.637897472000000000e+09
1.235999994416919279e+01 2.677389568000000000e+09
1.239999994398851157e+01 1.942733568000000000e+09
1.243999994380783036e+01 1.411966720000000000e+09
1.247999994362714915e+01 1.086993280000000000e+09
1.251999994344646616e+01 9.285184000000000000e+08
1.255999994326578140e+01 8.699514240000000000e+08
1.259999994308510018e+01 9.021481600000000000e+08
1.263999994290441897e+01 9.899231360000000000e+08
1.267999994272373776e+01 1.107081600000000000e+09
1.271999994254305477e+01 1.245801344000000000e+09
1.275999994236237356e+01 1.388910848000000000e+09
1.279999994218168879e+01 1.511454336000000000e+09
1.283999994200100758e+01 1.621225856000000000e+09
1.287999994182032637e+01 1.689347712000000000e+09
1.291999994163964516e+01 1.736761344000000000e+09
1.295999994145896217e+01 1.750518784000000000e+09
