# x = Time (fs); y = Power (W)
-1.127999994904761571e+01 1.536513920000000000e+09
-1.123999994922829870e+01 1.885239552000000000e+09
-1.119999994940898169e+01 2.285603328000000000e+09
-1.115999994958966290e+01 2.713350656000000000e+09
-1.111999994977034589e+01 3.152804096000000000e+09
-1.107999994995102711e+01 3.575222272000000000e+09
-1.103999995013171009e+01 3.940158208000000000e+09
-1.099999995031239131e+01 4.135980800000000000e+09
-1.095999995049307429e+01 4.134613760000000000e+09
-1.091999995067375551e+01 3.882279680000000000e+09
-1.087999995085443850e+01 3.365199360000000000e+09
-1.083999995103512148e+01 2.729615872000000000e+09
-1.079999995121580270e+01 2.070925824000000000e+09
-1.075999995139648568e+01 1.490774272000000000e+09
-1.071999995157716690e+01 1.036411648000000000e+09
-1.067999995175784989e+01 7.005657600000000000e+08
-1.063999995193853110e+01 4.784838080000000000e+08
-1.059999995211921409e+01 3.568768000000000000e+08
-1.055999995229989707e+01 2.976843840000000000e+08
-1.051999995248057829e+01 2.955418560000000000e+08
-1.047999995266126128e+01 3.345372480000000000e+08
-1.043999995284194249e+01 4.037534080000000000e+08
-1.039999995302262548e+01 4.930648000000000000e+08
-1.035999995320330669e+01 5.938096640000000000e+08
-1.031999995338398968e+01 6.862856960000000000e+08
-1.027999995356467089e+01 7.568390400000000000e+08
-1.023999995374535388e+01 8.087859200000000000e+08
-1.019999995392603687e+01 8.213885440000000000e+08
-1.015999995410671808e+01 7.959948160000000000e+08
-1.011999995428740107e+01 7.393251840000000000e+08
-1.007999995446808228e+01 6.944934400000000000e+08
-1.003999995464876527e+01 6.823376000000000000e+08
-9.999999954829448257e+00 7.859735040000000000e+08
-9.959999955010129469e+00 1.094478592000000000e+09
-9.919999955190810681e+00 1.777589632000000000e+09
-9.879999955371493670e+00 3.061271808000000000e+09
-9.839999955552174882e+00 5.043709952000000000e+09
-9.799999955732859647e+00 7.563233280000000000e+09
-9.759999955913540859e+00 9.860295680000000000e+09
-9.719999956094222071e+00 1.064667648000000000e+10
-9.679999956274905060e+00 9.439874048000000000e+09
-9.639999956455586272e+00 7.277548032000000000e+09
-9.599999956636269260e+00 4.973935104000000000e+09
-9.559999956816952249e+00 3.100453888000000000e+09
-9.519999956997633461e+00 1.818222336000000000e+09
-9.479999957178316450e+00 1.059585792000000000e+09
-9.439999957358997662e+00 5.499647360000000000e+08
-9.399999957539680651e+00 1.900990240000000000e+08
-9.359999957720363639e+00 1.705301600000000000e+08
-9.319999957901044851e+00 9.017130240000000000e+08
-9.279999958081726064e+00 2.436801536000000000e+09
-9.239999958262409052e+00 4.336037888000000000e+09
-9.199999958443092041e+00 6.016587264000000000e+09
-9.159999958623775029e+00 7.389443584000000000e+09
-9.119999958804456242e+00 8.311471104000000000e+09
-9.079999958985137454e+00 8.341732864000000000e+09
-9.039999959165818666e+00 8.106712576000000000e+09
-8.999999959346501655e+00 7.083570176000000000e+09
-8.959999959527186419e+00 6.062312960000000000e+09
-8.919999959707867632e+00 5.406317056000000000e+09
-8.879999959888548844e+00 4.800278016000000000e+09
-8.839999960069230056e+00 4.312906752000000000e+09
-8.799999960249913045e+00 3.950497792000000000e+09
-8.759999960430597810e+00 3.628462592000000000e+09
-8.719999960611279022e+00 3.233363456000000000e+09
-8.679999960791960234e+00 2.823844864000000000e+09
-8.639999960972641446e+00 2.971039488000000000e+09
-8.599999961153324435e+00 3.992096000000000000e+09
-8.559999961334007423e+00 5.381427200000000000e+09
-8.519999961514690412e+00 6.615400448000000000e+09
-8.479999961695371624e+00 7.542471168000000000e+09
-8.439999961876052836e+00 8.888359936000000000e+09
-8.399999962056734049e+00 1.112595558400000000e+10
-8.359999962237418814e+00 1.231154790400000000e+10
-8.319999962418101802e+00 1.118235955200000000e+10
-8.279999962598783014e+00 8.030000640000000000e+09
-8.239999962779464227e+00 4.509468160000000000e+09
-8.199999962960145439e+00 2.387582720000000000e+09
-8.159999963140828427e+00 1.327355264000000000e+09
-8.119999963321513192e+00 7.286887680000000000e+08
-8.079999963502194404e+00 4.661128640000000000e+08
-8.039999963682875617e+00 4.134614720000000000e+08
-7.999999963863557717e+00 6.131754880000000000e+08
-7.959999964044240706e+00 1.259905536000000000e+09
-7.919999964224921918e+00 2.374628096000000000e+09
-7.879999964405605795e+00 3.749283584000000000e+09
-7.839999964586287007e+00 5.253358592000000000e+09
-7.799999964766968219e+00 6.948761600000000000e+09
-7.759999964947650319e+00 9.214559232000000000e+09
-7.719999965128333308e+00 1.212117196800000000e+10
-7.679999965309016297e+00 1.513374412800000000e+10
-7.639999965489698397e+00 1.680897024000000000e+10
-7.599999965670379609e+00 1.623319654400000000e+10
-7.559999965851061710e+00 1.318390476800000000e+10
-7.519999966031744698e+00 9.708268544000000000e+09
-7.479999966212426799e+00 6.893316608000000000e+09
-7.439999966393109787e+00 4.554245120000000000e+09
-7.399999966573790999e+00 2.754813952000000000e+09
-7.359999966754473100e+00 1.573340928000000000e+09
-7.319999966935154312e+00 1.217711360000000000e+09
-7.279999967115837300e+00 1.638392576000000000e+09
-7.239999967296521177e+00 2.501670912000000000e+09
-7.199999967477202389e+00 3.640778752000000000e+09
-7.159999967657884490e+00 5.314360320000000000e+09
-7.119999967838565702e+00 8.127842304000000000e+09
-7.079999968019248691e+00 1.190883430400000000e+10
-7.039999968199931679e+00 1.476043571200000000e+10
-6.999999968380612891e+00 1.505738649600000000e+10
-6.959999968561295880e+00 1.284128358400000000e+10
-6.919999968741977980e+00 1.051803545600000000e+10
-6.879999968922660081e+00 8.373514240000000000e+09
-6.839999969103342181e+00 5.933137408000000000e+09
-6.799999969284024282e+00 3.816826624000000000e+09
-6.759999969464706382e+00 1.953937280000000000e+09
-6.719999969645389370e+00 6.189532800000000000e+08
-6.679999969826070583e+00 1.402986880000000000e+08
-6.639999970006753571e+00 1.038545200000000000e+08
-6.599999970187435672e+00 4.953844000000000000e+07
-6.559999970368116884e+00 1.512577664000000000e+09
-6.519999970548799872e+00 6.668870144000000000e+09
-6.479999970729481973e+00 1.477383168000000000e+10
-6.439999970910164961e+00 2.482015436800000000e+10
-6.399999971090846174e+00 3.005071360000000000e+10
-6.359999971271528274e+00 2.703718195200000000e+10
-6.319999971452211263e+00 1.897097625600000000e+10
-6.279999971632893363e+00 1.327759257600000000e+10
-6.239999971813575463e+00 1.081856921600000000e+10
-6.199999971994257564e+00 9.446250496000000000e+09
-6.159999972174939664e+00 7.012597248000000000e+09
-6.119999972355622653e+00 5.331259904000000000e+09
-6.079999972536303865e+00 3.965870848000000000e+09
-6.039999972716985965e+00 3.269266944000000000e+09
-5.999999972897668954e+00 2.670315008000000000e+09
-5.959999973078351054e+00 1.885446144000000000e+09
-5.919999973259033155e+00 1.336363008000000000e+09
-5.879999973439715255e+00 2.990778112000000000e+09
-5.839999973620396467e+00 8.661106688000000000e+09
-5.799999973801080344e+00 1.459277414400000000e+10
-5.759999973981761556e+00 1.488529100800000000e+10
-5.719999974162444545e+00 1.404282982400000000e+10
-5.679999974343126645e+00 2.581822873600000000e+10
-5.639999974523807857e+00 4.628234240000000000e+10
-5.599999974704491734e+00 5.927821721600000000e+10
-5.559999974885172946e+00 5.690618675200000000e+10
-5.519999975065855047e+00 4.822260940800000000e+10
-5.479999975246538035e+00 3.438969241600000000e+10
-5.439999975427219248e+00 1.950029414400000000e+10
-5.399999975607903124e+00 1.026340556800000000e+10
-5.359999975788584337e+00 4.687237632000000000e+09
-5.319999975969265549e+00 4.554531840000000000e+09
-5.279999976149949426e+00 5.569866240000000000e+09
-5.239999976330630638e+00 4.371268608000000000e+09
-5.199999976511312738e+00 2.495899392000000000e+09
-5.159999976691995727e+00 2.766694144000000000e+09
-5.119999976872676939e+00 6.868096000000000000e+09
-5.079999977053359039e+00 1.156463411200000000e+10
-5.039999977234042028e+00 1.087785984000000000e+10
-4.999999977414724128e+00 7.664432640000000000e+09
-4.959999977595407117e+00 5.611389440000000000e+09
-4.919999977776088329e+00 5.724352000000000000e+09
-4.879999977956770429e+00 7.492936704000000000e+09
-4.839999978137453418e+00 1.049699225600000000e+10
-4.799999978318134630e+00 1.195632435200000000e+10
-4.759999978498816731e+00 1.073018880000000000e+10
-4.719999978679499719e+00 4.794426368000000000e+09
-4.679999978860181820e+00 5.285443520000000000e+08
-4.639999979040864808e+00 6.508040192000000000e+09
-4.599999979221546020e+00 2.348034867200000000e+10
-4.559999979402228121e+00 3.384997888000000000e+10
-4.519999979582911109e+00 2.697191014400000000e+10
-4.479999979763593210e+00 1.453205401600000000e+10
-4.439999979944274422e+00 9.679195136000000000e+09
-4.399999980124957411e+00 1.088411033600000000e+10
-4.359999980305639511e+00 1.449418444800000000e+10
-4.319999980486322499e+00 1.271902003200000000e+10
-4.279999980667003712e+00 1.088259584000000000e+10
-4.239999980847685812e+00 1.246721228800000000e+10
-4.199999981028368801e+00 2.631688601600000000e+10
-4.159999981209050901e+00 5.483099340800000000e+10
-4.119999981389732113e+00 7.701596569600000000e+10
-4.079999981570415102e+00 7.027927449600000000e+10
-4.039999981751097202e+00 5.410210201600000000e+10
-3.999999981931778859e+00 2.950275072000000000e+10
-3.959999982112461847e+00 1.263883059200000000e+10
-3.919999982293143503e+00 2.433598720000000000e+09
-3.879999982473826936e+00 9.634038400000000000e+08
-3.839999982654508148e+00 4.465790976000000000e+09
-3.799999982835189805e+00 7.957190144000000000e+09
-3.759999983015873237e+00 1.185647923200000000e+10
-3.719999983196554894e+00 1.167153356800000000e+10
-3.679999983377236550e+00 6.821053952000000000e+09
-3.639999983557919538e+00 4.458402304000000000e+09
-3.599999983738601195e+00 2.647975168000000000e+09
-3.559999983919284627e+00 2.962498560000000000e+09
-3.519999984099966284e+00 7.734851584000000000e+09
-3.479999984280647940e+00 1.306997248000000000e+10
-3.439999984461330929e+00 1.515230003200000000e+10
-3.399999984642012585e+00 1.104178278400000000e+10
-3.359999984822694241e+00 1.252661555200000000e+10
-3.319999985003377230e+00 1.830343884800000000e+10
-3.279999985184058886e+00 1.932616294400000000e+10
-3.239999985364742319e+00 1.190941286400000000e+10
-3.199999985545423975e+00 2.344317747200000000e+10
-3.159999985726105631e+00 3.632010854400000000e+10
-3.119999985906788620e+00 1.929561497600000000e+10
-3.079999986087470276e+00 4.906704896000000000e+09
-3.039999986268151932e+00 3.918571110400000000e+10
-2.999999986448835365e+00 5.216419430400000000e+10
-2.959999986629517021e+00 8.487926169600000000e+10
-2.919999986810200010e+00 1.199637463040000000e+11
-2.879999986990881666e+00 1.263015362560000000e+11
-2.839999987171563323e+00 1.081573294080000000e+11
-2.799999987352246311e+00 6.745214156800000000e+10
-2.759999987532927967e+00 2.549729689600000000e+10
-2.719999987713609624e+00 6.966903808000000000e+09
-2.679999987894293056e+00 2.155002368000000000e+09
-2.639999988074974713e+00 1.351794944000000000e+09
-2.599999988255656369e+00 1.532682368000000000e+09
-2.559999988436339358e+00 2.423601152000000000e+09
-2.519999988617021014e+00 2.160353024000000000e+09
-2.479999988797704447e+00 4.766712832000000000e+09
-2.439999988978386103e+00 7.038303232000000000e+09
-2.399999989159067315e+00 5.457934336000000000e+09
-2.359999989339750748e+00 2.948335872000000000e+09
-2.319999989520432404e+00 1.328553856000000000e+09
-2.279999989701114060e+00 2.290744576000000000e+09
-2.239999989881797049e+00 6.616230400000000000e+09
-2.199999990062478705e+00 5.514821632000000000e+09
-2.159999990243162138e+00 5.302631936000000000e+09
-2.119999990423843794e+00 1.993886310400000000e+10
-2.079999990604525451e+00 4.493653196800000000e+10
-2.039999990785208439e+00 7.304893235200000000e+10
-1.999999990965890095e+00 8.053288140800000000e+10
-1.959999991146571752e+00 6.142453350400000000e+10
-1.919999991327254962e+00 4.189899980800000000e+10
-1.879999991507936619e+00 3.363396198400000000e+10
-1.839999991688619829e+00 3.213177651200000000e+10
-1.799999991869301486e+00 2.489899622400000000e+10
-1.759999992049983142e+00 1.173620736000000000e+10
-1.719999992230666352e+00 6.637976576000000000e+09
-1.679999992411347787e+00 5.669997568000000000e+09
-1.639999992592029443e+00 5.689301504000000000e+09
-1.599999992772712654e+00 6.958348288000000000e+09
-1.559999992953394310e+00 7.140328960000000000e+09
-1.519999993134077521e+00 8.575225856000000000e+09
-1.479999993314759177e+00 1.469911654400000000e+10
-1.439999993495440833e+00 3.383587635200000000e+10
-1.399999993676124044e+00 6.435806822400000000e+10
-1.359999993856805700e+00 9.007907635200000000e+10
-1.319999994037487356e+00 9.136957030400000000e+10
-1.279999994218170567e+00 4.964542873600000000e+10
-1.239999994398852223e+00 1.190397747200000000e+10
-1.199999994579533658e+00 2.622877081600000000e+10
-1.159999994760216868e+00 6.019727360000000000e+10
-1.119999994940898524e+00 6.946131968000000000e+10
-1.079999995121581735e+00 6.327803084800000000e+10
-1.039999995302263391e+00 5.767775027200000000e+10
-9.999999954829450477e-01 6.554315980800000000e+10
-9.599999956636282583e-01 6.715270348800000000e+10
-9.199999958443099146e-01 5.666556723200000000e+10
-8.799999960249915709e-01 4.329438822400000000e+10
-8.399999962056747815e-01 3.544700518400000000e+10
-7.999999963863563268e-01 3.098508492800000000e+10
-7.599999965670395374e-01 2.251978137600000000e+10
-7.199999967477211937e-01 1.415439360000000000e+10
-6.799999969284028500e-01 8.747813888000000000e+09
-6.399999971090860607e-01 7.007652864000000000e+09
-5.999999972897677170e-01 4.088357888000000000e+09
-5.599999974704492622e-01 2.525407360000000000e+08
-5.199999976511324729e-01 8.841661440000000000e+09
-4.799999978318141292e-01 2.265034956800000000e+10
-4.399999980124973398e-01 3.496224768000000000e+10
-3.999999981931789961e-01 3.689059942400000000e+10
-3.599999983738605969e-01 2.959578316800000000e+10
-3.199999985545438075e-01 1.008501452800000000e+10
-2.799999987352254638e-01 7.126930560000000000e+08
-2.399999989159070646e-01 1.782923059200000000e+10
-1.999999990965902752e-01 5.015810867200000000e+10
-1.599999992772719037e-01 6.769223680000000000e+10
-1.199999994579535323e-01 6.842983219200000000e+10
-7.999999963863674290e-02 7.594477977600000000e+10
-3.999999981931837145e-02 7.940345856000000000e+10
-1.577721810442023611e-15 3.685193318400000000e+10
3.999999981931678938e-02 3.266754560000000000e+09
7.999999963863516084e-02 7.627388416000000000e+09
1.199999994579519502e-01 3.028348313600000000e+10
1.599999992772703217e-01 4.117001011200000000e+10
1.999999990965886931e-01 3.180179046400000000e+10
2.399999989159054825e-01 3.350998016000000000e+10
2.799999987352238540e-01 4.548774707200000000e+10
3.199999985545406433e-01 4.292032512000000000e+10
3.599999983738590426e-01 3.413724979200000000e+10
3.999999981931773863e-01 3.963422720000000000e+10
4.399999980124941756e-01 5.401227264000000000e+10
4.799999978318125748e-01 4.214143385600000000e+10
5.199999976511309185e-01 2.908913664000000000e+10
5.599999974704477079e-01 2.019826483200000000e+10
5.999999972897660516e-01 1.985163878400000000e+10
6.399999971090828410e-01 2.450610995200000000e+10
6.799999969284012957e-01 3.385730252800000000e+10
7.199999967477196394e-01 3.057119436800000000e+10
7.599999965670364288e-01 1.607865548800000000e+10
7.999999963863547725e-01 3.520385536000000000e+09
8.399999962056731162e-01 1.396117504000000000e+10
8.799999960249899056e-01 4.023935795200000000e+10
9.199999958443083603e-01 5.420068044800000000e+10
9.599999956636251497e-01 4.344070144000000000e+10
9.999999954829434934e-01 1.740519833600000000e+10
1.039999995302261837e+00 1.417216819200000000e+10
1.079999995121578626e+00 3.211334041600000000e+10
1.119999994940896970e+00 4.824293785600000000e+10
1.159999994760215314e+00 4.004634624000000000e+10
1.199999994579532103e+00 2.520622899200000000e+10
1.239999994398850447e+00 1.841631232000000000e+10
1.279999994218169013e+00 1.872001638400000000e+10
1.319999994037487356e+00 1.716014489600000000e+10
1.359999993856802591e+00 2.373966438400000000e+10
1.399999993676120935e+00 4.055257907200000000e+10
1.439999993495439279e+00 5.780827340800000000e+10
1.479999993314757623e+00 7.504805068800000000e+10
1.519999993134075966e+00 9.192031846400000000e+10
1.559999992953391201e+00 9.051439923200000000e+10
1.599999992772709545e+00 6.701452902400000000e+10
1.639999992592027889e+00 2.665143091200000000e+10
1.679999992411346232e+00 2.558132480000000000e+09
1.719999992230664798e+00 1.707616768000000000e+10
1.759999992049983142e+00 5.166502707200000000e+10
1.799999991869298377e+00 6.605205913600000000e+10
1.839999991688616721e+00 5.862913638400000000e+10
1.879999991507935064e+00 4.043691212800000000e+10
1.919999991327253408e+00 3.064956313600000000e+10
1.959999991146571752e+00 2.376629862400000000e+10
1.999999990965886987e+00 1.397244416000000000e+10
2.039999990785205330e+00 1.086304768000000000e+10
2.079999990604523674e+00 1.289157427200000000e+10
2.119999990423842018e+00 1.360294195200000000e+10
2.159999990243160362e+00 1.139275468800000000e+10
2.199999990062475597e+00 1.409582387200000000e+10
2.239999989881793940e+00 1.636499251200000000e+10
2.279999989701112284e+00 1.206178918400000000e+10
2.319999989520430628e+00 3.241345280000000000e+09
2.359999989339748971e+00 1.301096345600000000e+10
2.399999989159067315e+00 2.729796198400000000e+10
2.439999988978382550e+00 5.560889344000000000e+09
2.479999988797700894e+00 8.941939712000000000e+09
2.519999988617019682e+00 6.499210444800000000e+10
2.559999988436338025e+00 1.004515737600000000e+11
2.599999988255656369e+00 1.013052784640000000e+11
2.639999988074971604e+00 7.681001881600000000e+10
2.679999987894289948e+00 5.143124787200000000e+10
2.719999987713608292e+00 4.062819123200000000e+10
2.759999987532926635e+00 4.112606003200000000e+10
2.799999987352244979e+00 3.341250969600000000e+10
2.839999987171563323e+00 2.277345075200000000e+10
2.879999986990878558e+00 1.430102323200000000e+10
2.919999986810196901e+00 1.111736934400000000e+10
2.959999986629515245e+00 9.294970880000000000e+09
2.999999986448833589e+00 7.357257728000000000e+09
3.039999986268151932e+00 6.744759808000000000e+09
3.079999986087467168e+00 1.332248166400000000e+10
3.119999985906785511e+00 2.388525875200000000e+10
3.159999985726103855e+00 2.578093260800000000e+10
3.199999985545422199e+00 1.544805376000000000e+10
3.239999985364740542e+00 1.019431628800000000e+10
3.279999985184055777e+00 2.133243084800000000e+10
3.319999985003374121e+00 3.268228915200000000e+10
3.359999984822692465e+00 3.216336486400000000e+10
3.399999984642010808e+00 2.965145804800000000e+10
3.439999984461329596e+00 2.748164096000000000e+10
3.479999984280647940e+00 2.438316236800000000e+10
3.519999984099963175e+00 2.894910259200000000e+10
3.559999983919281519e+00 3.691337728000000000e+10
3.599999983738599862e+00 4.580839424000000000e+10
3.639999983557918206e+00 3.497125888000000000e+10
3.679999983377236550e+00 2.238020812800000000e+10
3.719999983196551785e+00 2.117716992000000000e+10
3.759999983015870129e+00 1.858558976000000000e+10
3.799999982835188472e+00 1.676593356800000000e+10
3.839999982654506816e+00 6.958439936000000000e+09
3.879999982473825160e+00 2.039856896000000000e+09
3.919999982293143503e+00 9.748531200000000000e+09
3.959999982112458738e+00 5.832584192000000000e+09
3.999999981931777082e+00 7.345902592000000000e+09
4.039999981751095426e+00 3.315437363200000000e+10
4.079999981570414214e+00 4.601930137600000000e+10
4.119999981389732113e+00 5.212860416000000000e+10
4.159999981209047348e+00 7.102183014400000000e+10
4.199999981028366136e+00 7.880018329600000000e+10
4.239999980847684036e+00 8.466005196800000000e+10
4.279999980667002824e+00 7.533051904000000000e+10
4.319999980486320723e+00 5.892262297600000000e+10
4.359999980305635958e+00 3.628520243200000000e+10
4.399999980124954746e+00 2.332165734400000000e+10
4.439999979944272646e+00 1.615367372800000000e+10
4.479999979763591433e+00 1.067990528000000000e+10
4.519999979582909333e+00 6.709067776000000000e+09
4.559999979402228121e+00 3.707743232000000000e+09
4.599999979221543356e+00 3.123016960000000000e+08
4.639999979040861255e+00 1.790455168000000000e+09
4.679999978860180043e+00 1.370531430400000000e+10
4.719999978679497943e+00 3.032637235200000000e+10
4.759999978498816731e+00 3.758752153600000000e+10
4.799999978318131966e+00 2.830370816000000000e+10
4.839999978137449865e+00 1.790193459200000000e+10
4.879999977956768653e+00 1.110108774400000000e+10
4.919999977776087441e+00 5.682863616000000000e+09
4.959999977595405340e+00 4.970314752000000000e+09
4.999999977414724128e+00 1.008334438400000000e+10
5.039999977234039363e+00 9.918881792000000000e+09
5.079999977053357263e+00 7.250405760000000000e+08
5.119999976872676051e+00 9.526074368000000000e+09
5.159999976691993950e+00 3.805070131200000000e+10
5.199999976511312738e+00 5.018921779200000000e+10
5.239999976330627973e+00 3.427337216000000000e+10
5.279999976149945873e+00 2.040201625600000000e+10
5.319999975969264661e+00 1.254435123200000000e+10
5.359999975788582560e+00 1.460206694400000000e+10
5.399999975607901348e+00 3.369960857600000000e+10
5.439999975427216583e+00 6.219944755200000000e+10
5.479999975246534483e+00 7.006751948800000000e+10
5.519999975065853270e+00 5.533104947200000000e+10
5.559999974885171170e+00 3.987134054400000000e+10
5.599999974704489958e+00 2.830532608000000000e+10
5.639999974523807857e+00 2.030554521600000000e+10
5.679999974343123093e+00 1.525888512000000000e+10
5.719999974162441880e+00 1.364634419200000000e+10
5.759999973981759780e+00 1.474743705600000000e+10
5.799999973801078568e+00 1.682092339200000000e+10
5.839999973620396467e+00 2.183333478400000000e+10
5.879999973439711702e+00 2.631080140800000000e+10
5.919999973259030490e+00 2.631796531200000000e+10
5.959999973078349278e+00 2.079077990400000000e+10
5.999999972897667178e+00 1.231090278400000000e+10
6.039999972716985965e+00 5.498793472000000000e+09
6.079999972536301200e+00 5.463247872000000000e+09
6.119999972355619100e+00 1.157089689600000000e+10
6.159999972174937888e+00 1.560813977600000000e+10
6.199999971994255787e+00 1.328677888000000000e+10
6.239999971813574575e+00 9.150528512000000000e+09
6.279999971632892475e+00 6.631903744000000000e+09
6.319999971452207710e+00 7.084019200000000000e+09
6.359999971271526498e+00 7.236755456000000000e+09
6.399999971090844397e+00 7.673118208000000000e+09
6.439999970910163185e+00 1.216300953600000000e+10
6.479999970729481085e+00 1.142004633600000000e+10
6.519999970548796320e+00 2.056569600000000000e+09
6.559999970368115108e+00 6.209029632000000000e+09
6.599999970187433007e+00 2.273744281600000000e+10
6.639999970006751795e+00 2.422455296000000000e+10
6.679999969826069695e+00 2.153047244800000000e+10
6.719999969645388482e+00 2.307582156800000000e+10
6.759999969464703717e+00 2.892646195200000000e+10
6.799999969284021617e+00 3.549831168000000000e+10
6.839999969103340405e+00 3.723877580800000000e+10
6.879999968922659193e+00 2.850516992000000000e+10
6.919999968741977092e+00 1.778651340800000000e+10
6.959999968561292327e+00 9.956918272000000000e+09
6.999999968380611115e+00 4.950178304000000000e+09
7.039999968199929015e+00 2.814822144000000000e+09
7.079999968019247802e+00 1.915393536000000000e+09
7.119999967838565702e+00 3.503522048000000000e+09
7.159999967657880937e+00 8.379944960000000000e+09
7.199999967477199725e+00 1.617060352000000000e+10
7.239999967296517625e+00 2.365048422400000000e+10
7.279999967115836412e+00 3.007599616000000000e+10
7.319999966935154312e+00 3.668048691200000000e+10
7.359999966754473100e+00 4.180474675200000000e+10
7.399999966573788335e+00 4.075186585600000000e+10
7.439999966393106234e+00 3.384028160000000000e+10
7.479999966212425022e+00 2.643843686400000000e+10
7.519999966031742922e+00 1.971223142400000000e+10
7.559999965851061710e+00 1.400250675200000000e+10
7.599999965670376945e+00 7.794317312000000000e+09
7.639999965489694844e+00 2.909727232000000000e+09
7.679999965309013632e+00 4.708943872000000000e+09
7.719999965128331532e+00 1.552708505600000000e+10
7.759999964947650319e+00 2.903694131200000000e+10
7.799999964766968219e+00 3.289836953600000000e+10
7.839999964586283454e+00 2.556185600000000000e+10
7.879999964405602242e+00 1.649621094400000000e+10
7.919999964224921030e+00 1.070668492800000000e+10
7.959999964044238929e+00 7.424497664000000000e+09
7.999999963863557717e+00 4.999814144000000000e+09
8.039999963682872064e+00 3.656363264000000000e+09
8.079999963502190852e+00 3.048994048000000000e+09
8.119999963321509640e+00 3.111850240000000000e+09
8.159999963140828427e+00 2.965693440000000000e+09
8.199999962960145439e+00 2.919058688000000000e+09
8.239999962779460674e+00 2.830708224000000000e+09
8.279999962598779462e+00 2.868150016000000000e+09
8.319999962418098249e+00 3.798897920000000000e+09
8.359999962237417037e+00 5.649038336000000000e+09
8.399999962056734049e+00 6.359406592000000000e+09
8.439999961876052836e+00 5.149227008000000000e+09
8.479999961695368071e+00 4.625566208000000000e+09
8.519999961514686859e+00 6.869371392000000000e+09
8.559999961334005647e+00 9.325287424000000000e+09
8.599999961153322658e+00 1.013780172800000000e+10
8.639999960972641446e+00 1.616708608000000000e+10
8.679999960791956681e+00 2.819890995200000000e+10
8.719999960611275469e+00 3.458327756800000000e+10
8.759999960430594257e+00 2.600717516800000000e+10
8.799999960249911268e+00 1.591604326400000000e+10
8.839999960069230056e+00 1.151171891200000000e+10
8.879999959888548844e+00 1.247555072000000000e+10
8.919999959707864079e+00 1.567556915200000000e+10
8.959999959527182867e+00 1.843806412800000000e+10
8.999999959346501655e+00 1.797511782400000000e+10
9.039999959165818666e+00 1.519365324800000000e+10
9.079999958985137454e+00 1.237405081600000000e+10
9.119999958804452689e+00 1.017109401600000000e+10
9.159999958623771477e+00 8.925427712000000000e+09
9.199999958443090264e+00 8.361146368000000000e+09
9.239999958262407276e+00 8.643376128000000000e+09
9.279999958081726064e+00 9.986952192000000000e+09
9.319999957901041299e+00 1.202192998400000000e+10
9.359999957720360086e+00 1.371599974400000000e+10
9.399999957539678874e+00 1.391670681600000000e+10
9.439999957358995886e+00 1.230628659200000000e+10
9.479999957178314673e+00 9.985470464000000000e+09
9.519999956997633461e+00 8.283932160000000000e+09
9.559999956816948696e+00 7.744613888000000000e+09
9.599999956636267484e+00 8.776822784000000000e+09
9.639999956455584496e+00 1.154971136000000000e+10
9.679999956274903283e+00 1.599588147200000000e+10
9.719999956094222071e+00 2.106429235200000000e+10
9.759999955913537306e+00 2.317873766400000000e+10
9.799999955732856094e+00 2.018729164800000000e+10
9.839999955552174882e+00 1.438927360000000000e+10
9.879999955371491893e+00 9.135401984000000000e+09
9.919999955190810681e+00 5.576523264000000000e+09
9.959999955010125916e+00 3.619832064000000000e+09
9.999999954829444704e+00 2.548563968000000000e+09
1.003999995464876349e+01 2.050195072000000000e+09
1.007999995446808050e+01 2.123096064000000000e+09
1.011999995428739929e+01 2.848340736000000000e+09
1.015999995410671808e+01 4.262616320000000000e+09
1.019999995392603331e+01 5.758553600000000000e+09
1.023999995374535210e+01 6.510183424000000000e+09
1.027999995356466911e+01 6.272985600000000000e+09
1.031999995338398790e+01 5.565767680000000000e+09
1.035999995320330669e+01 4.803972608000000000e+09
1.039999995302262192e+01 3.929538560000000000e+09
1.043999995284194071e+01 2.849992704000000000e+09
1.047999995266125772e+01 1.726913792000000000e+09
1.051999995248057651e+01 8.827442560000000000e+08
1.055999995229989530e+01 6.609549440000000000e+08
1.059999995211921409e+01 1.226109312000000000e+09
1.063999995193852932e+01 2.427236352000000000e+09
1.067999995175784633e+01 3.932343040000000000e+09
1.071999995157716512e+01 5.488641024000000000e+09
1.075999995139648391e+01 6.962565632000000000e+09
1.079999995121580270e+01 8.360930304000000000e+09
1.083999995103511793e+01 9.802625024000000000e+09
1.087999995085443672e+01 1.124390707200000000e+10
1.091999995067375373e+01 1.253351731200000000e+10
1.095999995049307252e+01 1.329340313600000000e+10
1.099999995031239131e+01 1.268810444800000000e+10
1.103999995013170654e+01 1.032138137600000000e+10
1.107999994995102533e+01 7.023486976000000000e+09
1.111999994977034234e+01 4.045050880000000000e+09
1.115999994958966113e+01 1.954647424000000000e+09
1.119999994940897992e+01 7.842160000000000000e+08
1.123999994922829870e+01 2.995125440000000000e+08
1.127999994904761394e+01 2.273428480000000000e+08
1.131999994886693095e+01 3.927224960000000000e+08
1.135999994868624974e+01 6.778595840000000000e+08
1.139999994850556853e+01 1.016438848000000000e+09
1.143999994832488731e+01 1.411051776000000000e+09
1.147999994814420255e+01 1.853684480000000000e+09
1.151999994796351956e+01 2.377000192000000000e+09
1.155999994778283835e+01 3.009708800000000000e+09
1.159999994760215714e+01 3.759305472000000000e+09
1.163999994742147592e+01 4.579610112000000000e+09
1.167999994724079293e+01 5.446469120000000000e+09
1.171999994706010817e+01 6.205658624000000000e+09
1.175999994687942696e+01 6.604280832000000000e+09
1.179999994669874575e+01 6.455915008000000000e+09
1.183999994651806453e+01 5.652120576000000000e+09
1.187999994633738332e+01 4.389892608000000000e+09
1.191999994615669856e+01 3.024491264000000000e+09
