# x = Time (fs); y = Power (W)
-1.003999995464876527e+01 2.238629120000000000e+09
-9.999999954829448257e+00 3.350153984000000000e+09
-9.959999955010129469e+00 5.099025408000000000e+09
-9.919999955190810681e+00 7.430627328000000000e+09
-9.879999955371493670e+00 9.748291584000000000e+09
-9.839999955552174882e+00 1.120502272000000000e+10
-9.799999955732859647e+00 1.142138265600000000e+10
-9.759999955913540859e+00 1.064764108800000000e+10
-9.719999956094222071e+00 9.337306112000000000e+09
-9.679999956274905060e+00 7.877685248000000000e+09
-9.639999956455586272e+00 6.498789888000000000e+09
-9.599999956636269260e+00 5.458799104000000000e+09
-9.559999956816952249e+00 5.057198080000000000e+09
-9.519999956997633461e+00 5.302094336000000000e+09
-9.479999957178316450e+00 5.987449344000000000e+09
-9.439999957358997662e+00 6.978863104000000000e+09
-9.399999957539680651e+00 7.655340032000000000e+09
-9.359999957720363639e+00 7.719766016000000000e+09
-9.319999957901044851e+00 7.569418240000000000e+09
-9.279999958081726064e+00 7.006261248000000000e+09
-9.239999958262409052e+00 6.339019776000000000e+09
-9.199999958443092041e+00 5.732156928000000000e+09
-9.159999958623775029e+00 4.923263488000000000e+09
-9.119999958804456242e+00 4.311695872000000000e+09
-9.079999958985137454e+00 3.943182592000000000e+09
-9.039999959165818666e+00 3.621729024000000000e+09
-8.999999959346501655e+00 3.362526464000000000e+09
-8.959999959527186419e+00 3.222477824000000000e+09
-8.919999959707867632e+00 3.120831232000000000e+09
-8.879999959888548844e+00 3.174089984000000000e+09
-8.839999960069230056e+00 3.386099200000000000e+09
-8.799999960249913045e+00 3.688960000000000000e+09
-8.759999960430597810e+00 3.945718528000000000e+09
-8.719999960611279022e+00 4.029172992000000000e+09
-8.679999960791960234e+00 3.823558144000000000e+09
-8.639999960972641446e+00 3.224273408000000000e+09
-8.599999961153324435e+00 2.402603264000000000e+09
-8.559999961334007423e+00 1.628757120000000000e+09
-8.519999961514690412e+00 1.101923328000000000e+09
-8.479999961695371624e+00 1.055563072000000000e+09
-8.439999961876052836e+00 1.593203328000000000e+09
-8.399999962056734049e+00 2.680866816000000000e+09
-8.359999962237418814e+00 4.160867840000000000e+09
-8.319999962418101802e+00 5.280627712000000000e+09
-8.279999962598783014e+00 5.266519040000000000e+09
-8.239999962779464227e+00 4.701904896000000000e+09
-8.199999962960145439e+00 3.717089536000000000e+09
-8.159999963140828427e+00 2.849934080000000000e+09
-8.119999963321513192e+00 1.950512000000000000e+09
-8.079999963502194404e+00 1.035453760000000000e+09
-8.039999963682875617e+00 6.807434880000000000e+08
-7.999999963863557717e+00 1.362798848000000000e+09
-7.959999964044240706e+00 3.124541184000000000e+09
-7.919999964224921918e+00 5.172801536000000000e+09
-7.879999964405605795e+00 6.503636992000000000e+09
-7.839999964586287007e+00 6.742858752000000000e+09
-7.799999964766968219e+00 6.134341632000000000e+09
-7.759999964947650319e+00 5.806245888000000000e+09
-7.719999965128333308e+00 5.569008640000000000e+09
-7.679999965309016297e+00 5.644110848000000000e+09
-7.639999965489698397e+00 5.154216448000000000e+09
-7.599999965670379609e+00 3.653180416000000000e+09
-7.559999965851061710e+00 2.206016768000000000e+09
-7.519999966031744698e+00 1.319842560000000000e+09
-7.479999966212426799e+00 8.965569920000000000e+08
-7.439999966393109787e+00 8.189153280000000000e+08
-7.399999966573790999e+00 9.799727360000000000e+08
-7.359999966754473100e+00 1.242550912000000000e+09
-7.319999966935154312e+00 1.645463424000000000e+09
-7.279999967115837300e+00 1.940815360000000000e+09
-7.239999967296521177e+00 2.209937664000000000e+09
-7.199999967477202389e+00 2.867777792000000000e+09
-7.159999967657884490e+00 3.995612160000000000e+09
-7.119999967838565702e+00 7.214136832000000000e+09
-7.079999968019248691e+00 1.093276979200000000e+10
-7.039999968199931679e+00 1.148460544000000000e+10
-6.999999968380612891e+00 8.947527680000000000e+09
-6.959999968561295880e+00 5.238671872000000000e+09
-6.919999968741977980e+00 3.003495936000000000e+09
-6.879999968922660081e+00 1.466117888000000000e+09
-6.839999969103342181e+00 4.474185280000000000e+08
-6.799999969284024282e+00 4.476498800000000000e+07
-6.759999969464706382e+00 1.891647000000000000e+07
-6.719999969645389370e+00 1.310833520000000000e+08
-6.679999969826070583e+00 5.752832000000000000e+08
-6.639999970006753571e+00 1.019998720000000000e+09
-6.599999970187435672e+00 3.448405504000000000e+09
-6.559999970368116884e+00 1.085298278400000000e+10
-6.519999970548799872e+00 2.103446937600000000e+10
-6.479999970729481973e+00 2.659064627200000000e+10
-6.439999970910164961e+00 2.168841420800000000e+10
-6.399999971090846174e+00 1.447756902400000000e+10
-6.359999971271528274e+00 1.054480691200000000e+10
-6.319999971452211263e+00 1.339703705600000000e+10
-6.279999971632893363e+00 2.299104870400000000e+10
-6.239999971813575463e+00 3.467477401600000000e+10
-6.199999971994257564e+00 3.709367910400000000e+10
-6.159999972174939664e+00 3.475270041600000000e+10
-6.119999972355622653e+00 2.922862182400000000e+10
-6.079999972536303865e+00 2.409508044800000000e+10
-6.039999972716985965e+00 1.911842201600000000e+10
-5.999999972897668954e+00 1.493826969600000000e+10
-5.959999973078351054e+00 1.219704627200000000e+10
-5.919999973259033155e+00 1.098986700800000000e+10
-5.879999973439715255e+00 9.115313152000000000e+09
-5.839999973620396467e+00 6.308507136000000000e+09
-5.799999973801080344e+00 3.172130816000000000e+09
-5.759999973981761556e+00 6.530298240000000000e+08
-5.719999974162444545e+00 2.898997760000000000e+09
-5.679999974343126645e+00 1.200354406400000000e+10
-5.639999974523807857e+00 2.147871334400000000e+10
-5.599999974704491734e+00 2.256074547200000000e+10
-5.559999974885172946e+00 1.553909760000000000e+10
-5.519999975065855047e+00 8.179558912000000000e+09
-5.479999975246538035e+00 4.552568832000000000e+09
-5.439999975427219248e+00 2.773130496000000000e+09
-5.399999975607903124e+00 1.743309568000000000e+09
-5.359999975788584337e+00 1.188109824000000000e+09
-5.319999975969265549e+00 1.095559040000000000e+09
-5.279999976149949426e+00 1.308164480000000000e+09
-5.239999976330630638e+00 1.432661120000000000e+09
-5.199999976511312738e+00 1.547585280000000000e+09
-5.159999976691995727e+00 1.724314240000000000e+09
-5.119999976872676939e+00 2.012497408000000000e+09
-5.079999977053359039e+00 2.501595136000000000e+09
-5.039999977234042028e+00 4.125922816000000000e+09
-4.999999977414724128e+00 8.292785152000000000e+09
-4.959999977595407117e+00 1.626871193600000000e+10
-4.919999977776088329e+00 2.672146636800000000e+10
-4.879999977956770429e+00 3.671741235200000000e+10
-4.839999978137453418e+00 3.985588633600000000e+10
-4.799999978318134630e+00 3.603499417600000000e+10
-4.759999978498816731e+00 2.641653760000000000e+10
-4.719999978679499719e+00 1.578878156800000000e+10
-4.679999978860181820e+00 8.782999552000000000e+09
-4.639999979040864808e+00 5.713001984000000000e+09
-4.599999979221546020e+00 5.072637440000000000e+09
-4.559999979402228121e+00 4.081677824000000000e+09
-4.519999979582911109e+00 2.376014848000000000e+09
-4.479999979763593210e+00 2.494121216000000000e+09
-4.439999979944274422e+00 6.356260864000000000e+09
-4.399999980124957411e+00 1.275375513600000000e+10
-4.359999980305639511e+00 1.972956160000000000e+10
-4.319999980486322499e+00 2.683618713600000000e+10
-4.279999980667003712e+00 2.590836736000000000e+10
-4.239999980847685812e+00 2.046664294400000000e+10
-4.199999981028368801e+00 1.378380595200000000e+10
-4.159999981209050901e+00 9.095196672000000000e+09
-4.119999981389732113e+00 8.009684480000000000e+09
-4.079999981570415102e+00 9.259749376000000000e+09
-4.039999981751097202e+00 1.027157504000000000e+10
-3.999999981931778859e+00 1.079763148800000000e+10
-3.959999982112461847e+00 1.115546828800000000e+10
-3.919999982293143503e+00 5.442631168000000000e+09
-3.879999982473826936e+00 2.902115328000000000e+09
-3.839999982654508148e+00 1.255125606400000000e+10
-3.799999982835189805e+00 3.473584947200000000e+10
-3.759999983015873237e+00 5.011723468800000000e+10
-3.719999983196554894e+00 4.696154931200000000e+10
-3.679999983377236550e+00 3.821012992000000000e+10
-3.639999983557919538e+00 2.316340224000000000e+10
-3.599999983738601195e+00 1.168701132800000000e+10
-3.559999983919284627e+00 7.183931904000000000e+09
-3.519999984099966284e+00 1.029757440000000000e+10
-3.479999984280647940e+00 1.180118016000000000e+10
-3.439999984461330929e+00 4.851654144000000000e+09
-3.399999984642012585e+00 1.714315264000000000e+09
-3.359999984822694241e+00 1.476222361600000000e+10
-3.319999985003377230e+00 2.604688588800000000e+10
-3.279999985184058886e+00 3.202732851200000000e+10
-3.239999985364742319e+00 6.346361651200000000e+10
-3.199999985545423975e+00 8.841560883200000000e+10
-3.159999985726105631e+00 7.522517811200000000e+10
-3.119999985906788620e+00 4.123955609600000000e+10
-3.079999986087470276e+00 2.072378163200000000e+10
-3.039999986268151932e+00 1.448248115200000000e+10
-2.999999986448835365e+00 1.474936627200000000e+10
-2.959999986629517021e+00 2.045089792000000000e+10
-2.919999986810200010e+00 2.100006092800000000e+10
-2.879999986990881666e+00 2.155028480000000000e+10
-2.839999987171563323e+00 2.697348096000000000e+10
-2.799999987352246311e+00 3.742384128000000000e+10
-2.759999987532927967e+00 4.912776806400000000e+10
-2.719999987713609624e+00 5.384871526400000000e+10
-2.679999987894293056e+00 5.358435532800000000e+10
-2.639999988074974713e+00 4.567585177600000000e+10
-2.599999988255656369e+00 3.865493913600000000e+10
-2.559999988436339358e+00 2.738218803200000000e+10
-2.519999988617021014e+00 1.386728652800000000e+10
-2.479999988797704447e+00 4.235836928000000000e+09
-2.439999988978386103e+00 5.786497024000000000e+09
-2.399999989159067315e+00 1.549375488000000000e+10
-2.359999989339750748e+00 2.377482035200000000e+10
-2.319999989520432404e+00 1.673778380800000000e+10
-2.279999989701114060e+00 6.517328896000000000e+09
-2.239999989881797049e+00 8.668033024000000000e+09
-2.199999990062478705e+00 1.942875545600000000e+10
-2.159999990243162138e+00 1.354033561600000000e+10
-2.119999990423843794e+00 2.890760192000000000e+09
-2.079999990604525451e+00 4.364009984000000000e+09
-2.039999990785208439e+00 1.526752972800000000e+10
-1.999999990965890095e+00 3.215961088000000000e+10
-1.959999991146571752e+00 5.693621043200000000e+10
-1.919999991327254962e+00 6.927936716800000000e+10
-1.879999991507936619e+00 4.958047846400000000e+10
-1.839999991688619829e+00 1.154018508800000000e+10
-1.799999991869301486e+00 9.967145984000000000e+09
-1.759999992049983142e+00 4.332431360000000000e+10
-1.719999992230666352e+00 5.775313305600000000e+10
-1.679999992411347787e+00 5.046363750400000000e+10
-1.639999992592029443e+00 3.056830464000000000e+10
-1.599999992772712654e+00 2.754541977600000000e+10
-1.559999992953394310e+00 3.040107520000000000e+10
-1.519999993134077521e+00 3.626160947200000000e+10
-1.479999993314759177e+00 2.836090265600000000e+10
-1.439999993495440833e+00 1.536888217600000000e+10
-1.399999993676124044e+00 9.880003584000000000e+09
-1.359999993856805700e+00 5.932266496000000000e+09
-1.319999994037487356e+00 3.379331840000000000e+09
-1.279999994218170567e+00 3.701848320000000000e+09
-1.239999994398852223e+00 7.629317120000000000e+09
-1.199999994579533658e+00 1.517624012800000000e+10
-1.159999994760216868e+00 1.464503910400000000e+10
-1.119999994940898524e+00 1.137414758400000000e+10
-1.079999995121581735e+00 1.997223116800000000e+10
-1.039999995302263391e+00 1.389225574400000000e+10
-9.999999954829450477e-01 2.727904640000000000e+08
-9.599999956636282583e-01 5.029581824000000000e+09
-9.199999958443099146e-01 3.717063424000000000e+09
-8.799999960249915709e-01 5.981576396800000000e+10
-8.399999962056747815e-01 1.594578370560000000e+11
-7.999999963863563268e-01 1.634249932800000000e+11
-7.599999965670395374e-01 1.233651630080000000e+11
-7.199999967477211937e-01 8.745895526400000000e+10
-6.799999969284028500e-01 7.480548556800000000e+10
-6.399999971090860607e-01 6.201470566400000000e+10
-5.999999972897677170e-01 3.976026112000000000e+10
-5.599999974704492622e-01 1.052775219200000000e+10
-5.199999976511324729e-01 3.207365760000000000e+08
-4.799999978318141292e-01 1.270490752000000000e+09
-4.399999980124973398e-01 4.325007872000000000e+09
-3.999999981931789961e-01 1.614044160000000000e+10
-3.599999983738605969e-01 4.192556236800000000e+10
-3.199999985545438075e-01 4.883823820800000000e+10
-2.799999987352254638e-01 2.051932569600000000e+10
-2.399999989159070646e-01 5.473988096000000000e+09
-1.999999990965902752e-01 3.038623948800000000e+10
-1.599999992772719037e-01 4.978291097600000000e+10
-1.199999994579535323e-01 4.036822220800000000e+10
-7.999999963863674290e-02 2.191775744000000000e+10
-3.999999981931837145e-02 1.315728998400000000e+10
-1.577721810442023611e-15 1.756479078400000000e+10
3.999999981931678938e-02 2.937851904000000000e+10
7.999999963863516084e-02 5.076655308800000000e+10
1.199999994579519502e-01 6.530526003200000000e+10
1.599999992772703217e-01 6.628857856000000000e+10
1.999999990965886931e-01 5.281910374400000000e+10
2.399999989159054825e-01 3.243759411200000000e+10
2.799999987352238540e-01 2.295466803200000000e+10
3.199999985545406433e-01 2.159036825600000000e+10
3.599999983738590426e-01 2.874271539200000000e+10
3.999999981931773863e-01 3.061024358400000000e+10
4.399999980124941756e-01 2.174544486400000000e+10
4.799999978318125748e-01 2.125032857600000000e+10
5.199999976511309185e-01 2.424051712000000000e+10
5.599999974704477079e-01 1.205613670400000000e+10
5.999999972897660516e-01 1.499063808000000000e+09
6.399999971090828410e-01 6.016804864000000000e+09
6.799999969284012957e-01 1.482158899200000000e+10
7.199999967477196394e-01 1.554652364800000000e+10
7.599999965670364288e-01 1.859194880000000000e+10
7.999999963863547725e-01 2.284970598400000000e+10
8.399999962056731162e-01 4.569460736000000000e+10
8.799999960249899056e-01 8.176768614400000000e+10
9.199999958443083603e-01 8.723850854400000000e+10
9.599999956636251497e-01 2.684258713600000000e+10
9.999999954829434934e-01 9.091828736000000000e+09
1.039999995302261837e+00 6.393988300800000000e+10
1.079999995121578626e+00 1.004917882880000000e+11
1.119999994940896970e+00 7.491673292800000000e+10
1.159999994760215314e+00 3.469272678400000000e+10
1.199999994579532103e+00 1.569672294400000000e+10
1.239999994398850447e+00 1.568310374400000000e+10
1.279999994218169013e+00 2.717465600000000000e+10
1.319999994037487356e+00 3.618648064000000000e+10
1.359999993856802591e+00 3.997208576000000000e+10
1.399999993676120935e+00 3.291565875200000000e+10
1.439999993495439279e+00 2.928040960000000000e+10
1.479999993314757623e+00 2.604412108800000000e+10
1.519999993134075966e+00 2.051927654400000000e+10
1.559999992953391201e+00 4.667262976000000000e+09
1.599999992772709545e+00 6.364381184000000000e+09
1.639999992592027889e+00 5.218918809600000000e+10
1.679999992411346232e+00 1.062489456640000000e+11
1.719999992230664798e+00 1.108566999040000000e+11
1.759999992049983142e+00 7.011323904000000000e+10
1.799999991869298377e+00 3.344779673600000000e+10
1.839999991688616721e+00 1.376621056000000000e+10
1.879999991507935064e+00 2.313349939200000000e+10
1.919999991327253408e+00 3.390802329600000000e+10
1.959999991146571752e+00 2.524190310400000000e+10
1.999999990965886987e+00 7.341745152000000000e+09
2.039999990785205330e+00 3.380884480000000000e+09
2.079999990604523674e+00 8.699052032000000000e+09
2.119999990423842018e+00 1.651336601600000000e+10
2.159999990243160362e+00 2.752517529600000000e+10
2.199999990062475597e+00 4.986629734400000000e+10
2.239999989881793940e+00 6.362117324800000000e+10
2.279999989701112284e+00 5.286006374400000000e+10
2.319999989520430628e+00 2.491986124800000000e+10
2.359999989339748971e+00 1.051125964800000000e+10
2.399999989159067315e+00 1.265544499200000000e+10
2.439999988978382550e+00 2.718296064000000000e+10
2.479999988797700894e+00 4.936916172800000000e+10
2.519999988617019682e+00 6.788246323200000000e+10
2.559999988436338025e+00 6.745593446400000000e+10
2.599999988255656369e+00 5.103149056000000000e+10
2.639999988074971604e+00 2.975815475200000000e+10
2.679999987894289948e+00 1.313854873600000000e+10
2.719999987713608292e+00 7.071686144000000000e+09
2.759999987532926635e+00 3.359102464000000000e+09
2.799999987352244979e+00 2.603896320000000000e+09
2.839999987171563323e+00 2.442548736000000000e+09
2.879999986990878558e+00 3.320435456000000000e+09
2.919999986810196901e+00 3.688894720000000000e+09
2.959999986629515245e+00 2.328353536000000000e+09
2.999999986448833589e+00 3.083621376000000000e+09
3.039999986268151932e+00 6.607273984000000000e+09
3.079999986087467168e+00 5.772172800000000000e+09
3.119999985906785511e+00 5.404716032000000000e+09
3.159999985726103855e+00 7.125191680000000000e+09
3.199999985545422199e+00 1.248503500800000000e+10
3.239999985364740542e+00 3.343284224000000000e+10
3.279999985184055777e+00 7.793926144000000000e+10
3.319999985003374121e+00 7.811944448000000000e+10
3.359999984822692465e+00 1.544067891200000000e+10
3.399999984642010808e+00 3.718897664000000000e+10
3.439999984461329596e+00 8.907814502400000000e+10
3.479999984280647940e+00 8.782322892800000000e+10
3.519999984099963175e+00 9.821559193600000000e+10
3.559999983919281519e+00 1.171812843520000000e+11
3.599999983738599862e+00 1.135363194880000000e+11
3.639999983557918206e+00 8.919936204800000000e+10
3.679999983377236550e+00 5.342300569600000000e+10
3.719999983196551785e+00 2.382547558400000000e+10
3.759999983015870129e+00 7.483435008000000000e+09
3.799999982835188472e+00 9.664248320000000000e+08
3.839999982654506816e+00 2.686467584000000000e+09
3.879999982473825160e+00 1.199252172800000000e+10
3.919999982293143503e+00 1.147241369600000000e+10
3.959999982112458738e+00 1.515657216000000000e+09
3.999999981931777082e+00 1.066562457600000000e+10
4.039999981751095426e+00 3.001419980800000000e+10
4.079999981570414214e+00 3.961304268800000000e+10
4.119999981389732113e+00 4.563449446400000000e+10
4.159999981209047348e+00 4.809229107200000000e+10
4.199999981028366136e+00 3.550847795200000000e+10
4.239999980847684036e+00 2.601553510400000000e+10
4.279999980667002824e+00 2.608988569600000000e+10
4.319999980486320723e+00 3.101004185600000000e+10
4.359999980305635958e+00 2.364445696000000000e+10
4.399999980124954746e+00 1.019189043200000000e+10
4.439999979944272646e+00 8.594490368000000000e+09
4.479999979763591433e+00 2.423565312000000000e+10
4.519999979582909333e+00 3.583536332800000000e+10
4.559999979402228121e+00 3.537528012800000000e+10
4.599999979221543356e+00 2.468778188800000000e+10
4.639999979040861255e+00 9.096201216000000000e+09
4.679999978860180043e+00 2.669137920000000000e+09
4.719999978679497943e+00 2.694700032000000000e+09
4.759999978498816731e+00 8.561395712000000000e+09
4.799999978318131966e+00 1.676454707200000000e+10
4.839999978137449865e+00 1.041427968000000000e+10
4.879999977956768653e+00 9.758074880000000000e+08
4.919999977776087441e+00 1.068856832000000000e+10
4.959999977595405340e+00 3.053852057600000000e+10
4.999999977414724128e+00 4.895621939200000000e+10
5.039999977234039363e+00 4.901957632000000000e+10
5.079999977053357263e+00 3.771410022400000000e+10
5.119999976872676051e+00 2.336035020800000000e+10
5.159999976691993950e+00 2.245106892800000000e+10
5.199999976511312738e+00 4.081312153600000000e+10
5.239999976330627973e+00 4.673203404800000000e+10
5.279999976149945873e+00 4.136566784000000000e+10
5.319999975969264661e+00 3.443369984000000000e+10
5.359999975788582560e+00 2.883426099200000000e+10
5.399999975607901348e+00 2.494387404800000000e+10
5.439999975427216583e+00 2.794283622400000000e+10
5.479999975246534483e+00 2.903571046400000000e+10
5.519999975065853270e+00 2.059098726400000000e+10
5.559999974885171170e+00 7.044271104000000000e+09
5.599999974704489958e+00 2.080908672000000000e+09
5.639999974523807857e+00 6.589297152000000000e+09
5.679999974343123093e+00 7.535967232000000000e+09
5.719999974162441880e+00 4.394212864000000000e+09
5.759999973981759780e+00 9.865798400000000000e+08
5.799999973801078568e+00 4.565845504000000000e+09
5.839999973620396467e+00 1.674907648000000000e+10
5.879999973439711702e+00 3.578557644800000000e+10
5.919999973259030490e+00 5.250317926400000000e+10
5.959999973078349278e+00 5.267886899200000000e+10
5.999999972897667178e+00 3.968223232000000000e+10
6.039999972716985965e+00 2.250598195200000000e+10
6.079999972536301200e+00 1.110438092800000000e+10
6.119999972355619100e+00 9.962568704000000000e+09
6.159999972174937888e+00 1.167558860800000000e+10
6.199999971994255787e+00 1.069915340800000000e+10
6.239999971813574575e+00 7.473806336000000000e+09
6.279999971632892475e+00 5.107695616000000000e+09
6.319999971452207710e+00 5.460404736000000000e+09
6.359999971271526498e+00 5.645484544000000000e+09
6.399999971090844397e+00 4.316652032000000000e+09
6.439999970910163185e+00 7.125368832000000000e+09
6.479999970729481085e+00 1.721543475200000000e+10
6.519999970548796320e+00 2.668880076800000000e+10
6.559999970368115108e+00 2.879379660800000000e+10
6.599999970187433007e+00 2.480235520000000000e+10
6.639999970006751795e+00 1.691521433600000000e+10
6.679999969826069695e+00 1.163270144000000000e+10
6.719999969645388482e+00 1.197387366400000000e+10
6.759999969464703717e+00 1.633718476800000000e+10
6.799999969284021617e+00 1.980781977600000000e+10
6.839999969103340405e+00 1.904047104000000000e+10
6.879999968922659193e+00 1.606364979200000000e+10
6.919999968741977092e+00 1.413256806400000000e+10
6.959999968561292327e+00 1.648530944000000000e+10
6.999999968380611115e+00 2.443252736000000000e+10
7.039999968199929015e+00 3.652760780800000000e+10
7.079999968019247802e+00 4.520130969600000000e+10
7.119999967838565702e+00 4.837652070400000000e+10
7.159999967657880937e+00 4.899638476800000000e+10
7.199999967477199725e+00 4.607431475200000000e+10
7.239999967296517625e+00 3.783715635200000000e+10
7.279999967115836412e+00 2.726437273600000000e+10
7.319999966935154312e+00 1.836937011200000000e+10
7.359999966754473100e+00 1.428115456000000000e+10
7.399999966573788335e+00 1.643136819200000000e+10
7.439999966393106234e+00 2.082146713600000000e+10
7.479999966212425022e+00 2.404519526400000000e+10
7.519999966031742922e+00 2.120498176000000000e+10
7.559999965851061710e+00 1.596854579200000000e+10
7.599999965670376945e+00 1.446859468800000000e+10
7.639999965489694844e+00 1.761256857600000000e+10
7.679999965309013632e+00 2.175773696000000000e+10
7.719999965128331532e+00 2.144971776000000000e+10
7.759999964947650319e+00 1.702792294400000000e+10
7.799999964766968219e+00 1.083658342400000000e+10
7.839999964586283454e+00 6.185394176000000000e+09
7.879999964405602242e+00 5.069991936000000000e+09
7.919999964224921030e+00 5.978289152000000000e+09
7.959999964044238929e+00 6.353027584000000000e+09
7.999999963863557717e+00 6.527682048000000000e+09
8.039999963682872064e+00 7.000759296000000000e+09
8.079999963502190852e+00 1.142558924800000000e+10
8.119999963321509640e+00 1.812462592000000000e+10
8.159999963140828427e+00 2.332021145600000000e+10
8.199999962960145439e+00 2.582815744000000000e+10
8.239999962779460674e+00 2.692850483200000000e+10
8.279999962598779462e+00 2.860314419200000000e+10
8.319999962418098249e+00 3.002667212800000000e+10
8.359999962237417037e+00 2.655967027200000000e+10
8.399999962056734049e+00 2.108390604800000000e+10
8.439999961876052836e+00 1.448949555200000000e+10
8.479999961695368071e+00 8.286183936000000000e+09
8.519999961514686859e+00 5.398345728000000000e+09
8.559999961334005647e+00 8.116179456000000000e+09
8.599999961153322658e+00 1.444314521600000000e+10
8.639999960972641446e+00 1.936339148800000000e+10
8.679999960791956681e+00 1.931325235200000000e+10
8.719999960611275469e+00 1.608597504000000000e+10
8.759999960430594257e+00 1.296628019200000000e+10
8.799999960249911268e+00 1.091601305600000000e+10
8.839999960069230056e+00 1.013224960000000000e+10
8.879999959888548844e+00 8.666402816000000000e+09
8.919999959707864079e+00 6.559699456000000000e+09
8.959999959527182867e+00 5.250667008000000000e+09
8.999999959346501655e+00 4.660884992000000000e+09
9.039999959165818666e+00 5.054146048000000000e+09
9.079999958985137454e+00 5.658557952000000000e+09
9.119999958804452689e+00 5.100489216000000000e+09
9.159999958623771477e+00 3.481039872000000000e+09
9.199999958443090264e+00 2.100858368000000000e+09
9.239999958262407276e+00 2.298423808000000000e+09
9.279999958081726064e+00 3.767449344000000000e+09
9.319999957901041299e+00 5.816967680000000000e+09
9.359999957720360086e+00 8.477423616000000000e+09
9.399999957539678874e+00 1.143983923200000000e+10
9.439999957358995886e+00 1.313960755200000000e+10
9.479999957178314673e+00 1.254877184000000000e+10
9.519999956997633461e+00 1.094244659200000000e+10
9.559999956816948696e+00 9.339915264000000000e+09
9.599999956636267484e+00 7.952712192000000000e+09
9.639999956455584496e+00 7.055959040000000000e+09
9.679999956274903283e+00 7.334802432000000000e+09
9.719999956094222071e+00 9.567417344000000000e+09
9.759999955913537306e+00 1.410965094400000000e+10
9.799999955732856094e+00 2.022272819200000000e+10
9.839999955552174882e+00 2.592829440000000000e+10
9.879999955371491893e+00 2.849242316800000000e+10
9.919999955190810681e+00 2.669568204800000000e+10
9.959999955010125916e+00 2.150871040000000000e+10
9.999999954829444704e+00 1.573266432000000000e+10
1.003999995464876349e+01 1.060940185600000000e+10
1.007999995446808050e+01 6.738301440000000000e+09
1.011999995428739929e+01 4.073368320000000000e+09
1.015999995410671808e+01 2.377726720000000000e+09
1.019999995392603331e+01 1.333662976000000000e+09
1.023999995374535210e+01 7.488885120000000000e+08
1.027999995356466911e+01 4.199885440000000000e+08
1.031999995338398790e+01 2.267852640000000000e+08
1.035999995320330669e+01 1.142723520000000000e+08
1.039999995302262192e+01 4.564702800000000000e+07
1.043999995284194071e+01 3.385220800000000000e+07
1.047999995266125772e+01 1.111222320000000000e+08
1.051999995248057651e+01 3.136716800000000000e+08
1.055999995229989530e+01 6.332531200000000000e+08
1.059999995211921409e+01 1.034198784000000000e+09
1.063999995193852932e+01 1.501740672000000000e+09
1.067999995175784633e+01 2.119815552000000000e+09
1.071999995157716512e+01 3.023288064000000000e+09
1.075999995139648391e+01 4.285425920000000000e+09
1.079999995121580270e+01 6.092112896000000000e+09
1.083999995103511793e+01 8.663397376000000000e+09
1.087999995085443672e+01 1.210201190400000000e+10
1.091999995067375373e+01 1.574389760000000000e+10
1.095999995049307252e+01 1.811732070400000000e+10
1.099999995031239131e+01 1.824867123200000000e+10
1.103999995013170654e+01 1.644963225600000000e+10
1.107999994995102533e+01 1.400391680000000000e+10
1.111999994977034234e+01 1.186365542400000000e+10
1.115999994958966113e+01 1.045175808000000000e+10
1.119999994940897992e+01 9.751449600000000000e+09
1.123999994922829870e+01 9.671769088000000000e+09
1.127999994904761394e+01 9.902583808000000000e+09
1.131999994886693095e+01 1.021443379200000000e+10
1.135999994868624974e+01 1.022502707200000000e+10
1.139999994850556853e+01 9.532645376000000000e+09
1.143999994832488731e+01 7.897378304000000000e+09
1.147999994814420255e+01 5.728738304000000000e+09
1.151999994796351956e+01 3.730526464000000000e+09
1.155999994778283835e+01 2.203509760000000000e+09
1.159999994760215714e+01 1.215546368000000000e+09
1.163999994742147592e+01 6.471402880000000000e+08
1.167999994724079293e+01 3.404729920000000000e+08
1.171999994706010817e+01 2.176869440000000000e+08
1.175999994687942696e+01 2.110564800000000000e+08
1.179999994669874575e+01 2.925165440000000000e+08
1.183999994651806453e+01 4.311789120000000000e+08
1.187999994633738332e+01 6.208168960000000000e+08
1.191999994615669856e+01 8.795380480000000000e+08
1.195999994597601557e+01 1.178982912000000000e+09
1.199999994579533436e+01 1.503385600000000000e+09
1.203999994561465314e+01 1.870068992000000000e+09
1.207999994543397193e+01 2.253424896000000000e+09
1.211999994525328717e+01 2.630994688000000000e+09
1.215999994507260418e+01 3.003078912000000000e+09
1.219999994489192296e+01 3.369133824000000000e+09
1.223999994471124175e+01 3.732729344000000000e+09
1.227999994453056054e+01 4.075448064000000000e+09
1.231999994434987755e+01 4.417187328000000000e+09
1.235999994416919279e+01 4.715192832000000000e+09
1.239999994398851157e+01 4.932711424000000000e+09
1.243999994380783036e+01 5.056126976000000000e+09
1.247999994362714915e+01 5.019395072000000000e+09
1.251999994344646616e+01 4.792881664000000000e+09
1.255999994326578140e+01 4.402157056000000000e+09
1.259999994308510018e+01 3.887985152000000000e+09
1.263999994290441897e+01 3.314327040000000000e+09
1.267999994272373776e+01 2.764855808000000000e+09
1.271999994254305477e+01 2.281452032000000000e+09
