# x = Time (fs); y = Power (W)
-1.083999995103512148e+01 3.981164544000000000e+09
-1.079999995121580270e+01 5.966550528000000000e+09
-1.075999995139648568e+01 8.306744320000000000e+09
-1.071999995157716690e+01 1.013300121600000000e+10
-1.067999995175784989e+01 9.956861952000000000e+09
-1.063999995193853110e+01 7.895874560000000000e+09
-1.059999995211921409e+01 5.188590592000000000e+09
-1.055999995229989707e+01 2.749612544000000000e+09
-1.051999995248057829e+01 1.020614592000000000e+09
-1.047999995266126128e+01 1.319177040000000000e+08
-1.043999995284194249e+01 1.536241600000000000e+08
-1.039999995302262548e+01 1.087798528000000000e+09
-1.035999995320330669e+01 2.522415360000000000e+09
-1.031999995338398968e+01 3.838268160000000000e+09
-1.027999995356467089e+01 4.475655168000000000e+09
-1.023999995374535388e+01 4.422406144000000000e+09
-1.019999995392603687e+01 3.979474432000000000e+09
-1.015999995410671808e+01 3.234479616000000000e+09
-1.011999995428740107e+01 2.514223872000000000e+09
-1.007999995446808228e+01 1.929912576000000000e+09
-1.003999995464876527e+01 1.444226048000000000e+09
-9.999999954829448257e+00 1.089564928000000000e+09
-9.959999955010129469e+00 8.483011200000000000e+08
-9.919999955190810681e+00 6.676451840000000000e+08
-9.879999955371493670e+00 5.481838720000000000e+08
-9.839999955552174882e+00 4.530921920000000000e+08
-9.799999955732859647e+00 3.643064960000000000e+08
-9.759999955913540859e+00 2.671241120000000000e+08
-9.719999956094222071e+00 3.454163200000000000e+08
-9.679999956274905060e+00 1.170814208000000000e+09
-9.639999956455586272e+00 3.222923264000000000e+09
-9.599999956636269260e+00 6.312765952000000000e+09
-9.559999956816952249e+00 9.872777216000000000e+09
-9.519999956997633461e+00 1.318083993600000000e+10
-9.479999957178316450e+00 1.488094310400000000e+10
-9.439999957358997662e+00 1.433133875200000000e+10
-9.399999957539680651e+00 1.211573248000000000e+10
-9.359999957720363639e+00 9.025097728000000000e+09
-9.319999957901044851e+00 6.261939200000000000e+09
-9.279999958081726064e+00 4.225562368000000000e+09
-9.239999958262409052e+00 2.776692736000000000e+09
-9.199999958443092041e+00 1.862534784000000000e+09
-9.159999958623775029e+00 1.410987648000000000e+09
-9.119999958804456242e+00 1.271095296000000000e+09
-9.079999958985137454e+00 1.379837568000000000e+09
-9.039999959165818666e+00 1.818621312000000000e+09
-8.999999959346501655e+00 2.597592576000000000e+09
-8.959999959527186419e+00 3.719630080000000000e+09
-8.919999959707867632e+00 5.149027840000000000e+09
-8.879999959888548844e+00 6.972963840000000000e+09
-8.839999960069230056e+00 9.183772672000000000e+09
-8.799999960249913045e+00 1.111293952000000000e+10
-8.759999960430597810e+00 1.201401753600000000e+10
-8.719999960611279022e+00 1.209227264000000000e+10
-8.679999960791960234e+00 1.132808499200000000e+10
-8.639999960972641446e+00 9.785066496000000000e+09
-8.599999961153324435e+00 7.651678208000000000e+09
-8.559999961334007423e+00 5.081712128000000000e+09
-8.519999961514690412e+00 2.850742016000000000e+09
-8.479999961695371624e+00 1.428138240000000000e+09
-8.439999961876052836e+00 8.337537920000000000e+08
-8.399999962056734049e+00 6.130275840000000000e+08
-8.359999962237418814e+00 5.137418880000000000e+08
-8.319999962418101802e+00 4.164484160000000000e+08
-8.279999962598783014e+00 2.419602240000000000e+08
-8.239999962779464227e+00 9.022953600000000000e+07
-8.199999962960145439e+00 4.442690400000000000e+07
-8.159999963140828427e+00 9.478851200000000000e+07
-8.119999963321513192e+00 3.924532160000000000e+08
-8.079999963502194404e+00 1.249758976000000000e+09
-8.039999963682875617e+00 3.034400256000000000e+09
-7.999999963863557717e+00 6.077129728000000000e+09
-7.959999964044240706e+00 9.816422400000000000e+09
-7.919999964224921918e+00 1.220860416000000000e+10
-7.879999964405605795e+00 1.271699251200000000e+10
-7.839999964586287007e+00 1.252105216000000000e+10
-7.799999964766968219e+00 1.426559488000000000e+10
-7.759999964947650319e+00 1.895651328000000000e+10
-7.719999965128333308e+00 2.682892288000000000e+10
-7.679999965309016297e+00 3.209309798400000000e+10
-7.639999965489698397e+00 3.146307993600000000e+10
-7.599999965670379609e+00 2.465300275200000000e+10
-7.559999965851061710e+00 1.623940915200000000e+10
-7.519999966031744698e+00 9.678447616000000000e+09
-7.479999966212426799e+00 5.641939968000000000e+09
-7.439999966393109787e+00 3.492171264000000000e+09
-7.399999966573790999e+00 2.328268800000000000e+09
-7.359999966754473100e+00 1.376231040000000000e+09
-7.319999966935154312e+00 6.553838720000000000e+08
-7.279999967115837300e+00 2.017544640000000000e+08
-7.239999967296521177e+00 2.820707200000000000e+07
-7.199999967477202389e+00 1.758893440000000000e+08
-7.159999967657884490e+00 3.107596160000000000e+08
-7.119999967838565702e+00 3.204178880000000000e+08
-7.079999968019248691e+00 9.435809280000000000e+08
-7.039999968199931679e+00 2.140609920000000000e+09
-6.999999968380612891e+00 3.598248960000000000e+09
-6.959999968561295880e+00 3.866784256000000000e+09
-6.919999968741977980e+00 3.260082944000000000e+09
-6.879999968922660081e+00 1.818836352000000000e+09
-6.839999969103342181e+00 3.003796800000000000e+08
-6.799999969284024282e+00 5.071209920000000000e+08
-6.759999969464706382e+00 4.124592896000000000e+09
-6.719999969645389370e+00 9.713798144000000000e+09
-6.679999969826070583e+00 1.420208742400000000e+10
-6.639999970006753571e+00 1.520240128000000000e+10
-6.599999970187435672e+00 1.403594342400000000e+10
-6.559999970368116884e+00 1.222867865600000000e+10
-6.519999970548799872e+00 1.200813875200000000e+10
-6.479999970729481973e+00 1.327981977600000000e+10
-6.439999970910164961e+00 1.404192665600000000e+10
-6.399999971090846174e+00 1.271097548800000000e+10
-6.359999971271528274e+00 1.100556902400000000e+10
-6.319999971452211263e+00 6.607564288000000000e+09
-6.279999971632893363e+00 1.228457856000000000e+09
-6.239999971813575463e+00 2.123904512000000000e+09
-6.199999971994257564e+00 9.434546176000000000e+09
-6.159999972174939664e+00 1.457045299200000000e+10
-6.119999972355622653e+00 1.870431436800000000e+10
-6.079999972536303865e+00 2.327989657600000000e+10
-6.039999972716985965e+00 2.425795379200000000e+10
-5.999999972897668954e+00 2.151296409600000000e+10
-5.959999973078351054e+00 2.283532288000000000e+10
-5.919999973259033155e+00 3.120377651200000000e+10
-5.879999973439715255e+00 3.601296998400000000e+10
-5.839999973620396467e+00 3.134920499200000000e+10
-5.799999973801080344e+00 2.873929523200000000e+10
-5.759999973981761556e+00 3.152305356800000000e+10
-5.719999974162444545e+00 3.231771648000000000e+10
-5.679999974343126645e+00 3.052310118400000000e+10
-5.639999974523807857e+00 2.503455334400000000e+10
-5.599999974704491734e+00 2.014210867200000000e+10
-5.559999974885172946e+00 1.472708915200000000e+10
-5.519999975065855047e+00 9.230181376000000000e+09
-5.479999975246538035e+00 4.331223040000000000e+09
-5.439999975427219248e+00 1.350346752000000000e+09
-5.399999975607903124e+00 3.102521280000000000e+08
-5.359999975788584337e+00 1.492186752000000000e+09
-5.319999975969265549e+00 2.788018944000000000e+09
-5.279999976149949426e+00 2.252296960000000000e+09
-5.239999976330630638e+00 9.183943680000000000e+08
-5.199999976511312738e+00 3.384887040000000000e+08
-5.159999976691995727e+00 7.479643520000000000e+08
-5.119999976872676939e+00 1.485058176000000000e+09
-5.079999977053359039e+00 2.239364608000000000e+09
-5.039999977234042028e+00 5.027227648000000000e+09
-4.999999977414724128e+00 8.564387840000000000e+09
-4.959999977595407117e+00 1.067776921600000000e+10
-4.919999977776088329e+00 9.336208384000000000e+09
-4.879999977956770429e+00 8.293133312000000000e+09
-4.839999978137453418e+00 1.353440460800000000e+10
-4.799999978318134630e+00 2.346055475200000000e+10
-4.759999978498816731e+00 3.584029081600000000e+10
-4.719999978679499719e+00 4.129197260800000000e+10
-4.679999978860181820e+00 3.721753804800000000e+10
-4.639999979040864808e+00 3.476123648000000000e+10
-4.599999979221546020e+00 2.518974464000000000e+10
-4.559999979402228121e+00 1.255087923200000000e+10
-4.519999979582911109e+00 1.814794624000000000e+09
-4.479999979763593210e+00 4.377305600000000000e+09
-4.439999979944274422e+00 1.030689280000000000e+10
-4.399999980124957411e+00 1.911936204800000000e+10
-4.359999980305639511e+00 2.217631129600000000e+10
-4.319999980486322499e+00 1.373945446400000000e+10
-4.279999980667003712e+00 1.509406720000000000e+10
-4.239999980847685812e+00 2.742674841600000000e+10
-4.199999981028368801e+00 4.766932172800000000e+10
-4.159999981209050901e+00 6.135111680000000000e+10
-4.119999981389732113e+00 5.660380774400000000e+10
-4.079999981570415102e+00 4.886061465600000000e+10
-4.039999981751097202e+00 4.346581401600000000e+10
-3.999999981931778859e+00 3.973894553600000000e+10
-3.959999982112461847e+00 3.347847168000000000e+10
-3.919999982293143503e+00 2.489129164800000000e+10
-3.879999982473826936e+00 1.687808819200000000e+10
-3.839999982654508148e+00 7.593611776000000000e+09
-3.799999982835189805e+00 2.424384512000000000e+09
-3.759999983015873237e+00 2.565987840000000000e+09
-3.719999983196554894e+00 4.991607296000000000e+09
-3.679999983377236550e+00 5.986723840000000000e+09
-3.639999983557919538e+00 4.892312064000000000e+09
-3.599999983738601195e+00 3.213740288000000000e+09
-3.559999983919284627e+00 1.569319680000000000e+09
-3.519999984099966284e+00 2.263171584000000000e+09
-3.479999984280647940e+00 5.559025664000000000e+09
-3.439999984461330929e+00 1.316158873600000000e+10
-3.399999984642012585e+00 2.529576345600000000e+10
-3.359999984822694241e+00 3.211695104000000000e+10
-3.319999985003377230e+00 2.965521203200000000e+10
-3.279999985184058886e+00 2.391896473600000000e+10
-3.239999985364742319e+00 2.241472716800000000e+10
-3.199999985545423975e+00 1.610657075200000000e+10
-3.159999985726105631e+00 5.675232768000000000e+09
-3.119999985906788620e+00 3.590474752000000000e+09
-3.079999986087470276e+00 1.013553356800000000e+10
-3.039999986268151932e+00 1.422998425600000000e+10
-2.999999986448835365e+00 6.652167168000000000e+09
-2.959999986629517021e+00 2.029303168000000000e+09
-2.919999986810200010e+00 1.609951129600000000e+10
-2.879999986990881666e+00 2.742575308800000000e+10
-2.839999987171563323e+00 2.893218611200000000e+10
-2.799999987352246311e+00 2.855141580800000000e+10
-2.759999987532927967e+00 4.220550348800000000e+10
-2.719999987713609624e+00 6.305021132800000000e+10
-2.679999987894293056e+00 7.060818329600000000e+10
-2.639999988074974713e+00 6.378654924800000000e+10
-2.599999988255656369e+00 4.490729881600000000e+10
-2.559999988436339358e+00 2.696563302400000000e+10
-2.519999988617021014e+00 1.345768857600000000e+10
-2.479999988797704447e+00 8.143101952000000000e+09
-2.439999988978386103e+00 1.633777971200000000e+10
-2.399999989159067315e+00 3.159379968000000000e+10
-2.359999989339750748e+00 3.989447475200000000e+10
-2.319999989520432404e+00 3.848079360000000000e+10
-2.279999989701114060e+00 3.436833177600000000e+10
-2.239999989881797049e+00 3.674115276800000000e+10
-2.199999990062478705e+00 3.909585305600000000e+10
-2.159999990243162138e+00 2.766716723200000000e+10
-2.119999990423843794e+00 9.269025792000000000e+09
-2.079999990604525451e+00 2.395842048000000000e+09
-2.039999990785208439e+00 1.378783334400000000e+10
-1.999999990965890095e+00 2.601861734400000000e+10
-1.959999991146571752e+00 2.458894950400000000e+10
-1.919999991327254962e+00 1.010360627200000000e+10
-1.879999991507936619e+00 1.335519616000000000e+09
-1.839999991688619829e+00 4.977288000000000000e+07
-1.799999991869301486e+00 1.628481152000000000e+09
-1.759999992049983142e+00 1.899755315200000000e+10
-1.719999992230666352e+00 5.610018406400000000e+10
-1.679999992411347787e+00 8.651456512000000000e+10
-1.639999992592029443e+00 9.598940774400000000e+10
-1.599999992772712654e+00 8.480867942400000000e+10
-1.559999992953394310e+00 5.956284825600000000e+10
-1.519999993134077521e+00 2.893759897600000000e+10
-1.479999993314759177e+00 4.135762688000000000e+09
-1.439999993495440833e+00 5.860702208000000000e+09
-1.399999993676124044e+00 3.470836531200000000e+10
-1.359999993856805700e+00 6.757256806400000000e+10
-1.319999994037487356e+00 8.017057382400000000e+10
-1.279999994218170567e+00 7.667209011200000000e+10
-1.239999994398852223e+00 5.851092172800000000e+10
-1.199999994579533658e+00 3.338154803200000000e+10
-1.159999994760216868e+00 1.459269427200000000e+10
-1.119999994940898524e+00 7.589644288000000000e+09
-1.079999995121581735e+00 9.524823040000000000e+09
-1.039999995302263391e+00 5.199993856000000000e+09
-9.999999954829450477e-01 2.445016064000000000e+09
-9.599999956636282583e-01 2.384971366400000000e+10
-9.199999958443099146e-01 5.912591155200000000e+10
-8.799999960249915709e-01 5.793812889600000000e+10
-8.399999962056747815e-01 3.021977395200000000e+10
-7.999999963863563268e-01 8.323764224000000000e+09
-7.599999965670395374e-01 6.186846720000000000e+09
-7.199999967477211937e-01 2.061325721600000000e+10
-6.799999969284028500e-01 3.957375795200000000e+10
-6.399999971090860607e-01 5.398088499200000000e+10
-5.999999972897677170e-01 4.811373772800000000e+10
-5.599999974704492622e-01 3.365816115200000000e+10
-5.199999976511324729e-01 1.910415360000000000e+10
-4.799999978318141292e-01 9.480214528000000000e+09
-4.399999980124973398e-01 4.576296960000000000e+09
-3.999999981931789961e-01 6.080078336000000000e+09
-3.599999983738605969e-01 1.208635494400000000e+10
-3.199999985545438075e-01 1.787495219200000000e+10
-2.799999987352254638e-01 1.957729075200000000e+10
-2.399999989159070646e-01 1.933150003200000000e+10
-1.999999990965902752e-01 2.484506009600000000e+10
-1.599999992772719037e-01 3.891545292800000000e+10
-1.199999994579535323e-01 5.098776985600000000e+10
-7.999999963863674290e-02 4.012685312000000000e+10
-3.999999981931837145e-02 2.177550950400000000e+10
-1.577721810442023611e-15 6.341434368000000000e+09
3.999999981931678938e-02 2.679442080000000000e+08
7.999999963863516084e-02 6.434198016000000000e+09
1.199999994579519502e-01 1.428220108800000000e+10
1.599999992772703217e-01 1.128871321600000000e+10
1.999999990965886931e-01 4.179522560000000000e+09
2.399999989159054825e-01 1.640283750400000000e+10
2.799999987352238540e-01 4.939788697600000000e+10
3.199999985545406433e-01 7.098166476800000000e+10
3.599999983738590426e-01 6.734343372800000000e+10
3.999999981931773863e-01 4.228531814400000000e+10
4.399999980124941756e-01 3.063538278400000000e+10
4.799999978318125748e-01 2.578197094400000000e+10
5.199999976511309185e-01 1.516527718400000000e+10
5.599999974704477079e-01 1.128126259200000000e+10
5.999999972897660516e-01 1.229039616000000000e+10
6.399999971090828410e-01 1.499805696000000000e+10
6.799999969284012957e-01 1.786442137600000000e+10
7.199999967477196394e-01 8.582747136000000000e+09
7.599999965670364288e-01 3.863023872000000000e+09
7.999999963863547725e-01 6.951715328000000000e+09
8.399999962056731162e-01 1.874008678400000000e+10
8.799999960249899056e-01 2.895389081600000000e+10
9.199999958443083603e-01 5.497763840000000000e+09
9.599999956636251497e-01 8.798228480000000000e+09
9.999999954829434934e-01 7.814061568000000000e+09
1.039999995302261837e+00 4.604502425600000000e+10
1.079999995121578626e+00 2.038272000000000000e+11
1.119999994940896970e+00 2.946217410560000000e+11
1.159999994760215314e+00 2.056513454080000000e+11
1.199999994579532103e+00 9.695849676800000000e+10
1.239999994398850447e+00 4.420346675200000000e+10
1.279999994218169013e+00 2.663309312000000000e+10
1.319999994037487356e+00 2.115710771200000000e+10
1.359999993856802591e+00 1.427791769600000000e+10
1.399999993676120935e+00 7.099448320000000000e+09
1.439999993495439279e+00 1.135047782400000000e+10
1.479999993314757623e+00 1.585015091200000000e+10
1.519999993134075966e+00 9.277700096000000000e+09
1.559999992953391201e+00 1.922975488000000000e+09
1.599999992772709545e+00 7.111607296000000000e+09
1.639999992592027889e+00 1.617894707200000000e+10
1.679999992411346232e+00 2.196322099200000000e+10
1.719999992230664798e+00 3.497138176000000000e+10
1.759999992049983142e+00 6.356941619200000000e+10
1.799999991869298377e+00 7.764788838400000000e+10
1.839999991688616721e+00 7.054381875200000000e+10
1.879999991507935064e+00 3.863057203200000000e+10
1.919999991327253408e+00 8.301873664000000000e+09
1.959999991146571752e+00 1.009000140800000000e+10
1.999999990965886987e+00 2.824970035200000000e+10
2.039999990785205330e+00 2.929210777600000000e+10
2.079999990604523674e+00 1.049124147200000000e+10
2.119999990423842018e+00 6.360940544000000000e+09
2.159999990243160362e+00 2.569957376000000000e+10
2.199999990062475597e+00 5.814545612800000000e+10
2.239999989881793940e+00 7.038918656000000000e+10
2.279999989701112284e+00 6.439503872000000000e+10
2.319999989520430628e+00 3.861837414400000000e+10
2.359999989339748971e+00 1.222440448000000000e+10
2.399999989159067315e+00 2.515263744000000000e+09
2.439999988978382550e+00 8.027946496000000000e+09
2.479999988797700894e+00 1.523271987200000000e+10
2.519999988617019682e+00 2.021113856000000000e+10
2.559999988436338025e+00 2.511312486400000000e+10
2.599999988255656369e+00 2.566666035200000000e+10
2.639999988074971604e+00 2.408321024000000000e+10
2.679999987894289948e+00 2.049392025600000000e+10
2.719999987713608292e+00 1.400419225600000000e+10
2.759999987532926635e+00 7.769625088000000000e+09
2.799999987352244979e+00 1.001376358400000000e+10
2.839999987171563323e+00 1.684456243200000000e+10
2.879999986990878558e+00 1.684443648000000000e+10
2.919999986810196901e+00 2.375098777600000000e+10
2.959999986629515245e+00 4.945320345600000000e+10
2.999999986448833589e+00 5.091194880000000000e+10
3.039999986268151932e+00 1.488445235200000000e+10
3.079999986087467168e+00 3.396766464000000000e+09
3.119999985906785511e+00 1.669230592000000000e+10
3.159999985726103855e+00 7.616693862400000000e+10
3.199999985545422199e+00 1.524320174080000000e+11
3.239999985364740542e+00 1.400301977600000000e+11
3.279999985184055777e+00 9.987144908800000000e+10
3.319999985003374121e+00 6.433727283200000000e+10
3.359999984822692465e+00 4.765169254400000000e+10
3.399999984642010808e+00 3.325637222400000000e+10
3.439999984461329596e+00 1.254065459200000000e+10
3.479999984280647940e+00 1.746174208000000000e+09
3.519999984099963175e+00 1.585082368000000000e+10
3.559999983919281519e+00 3.439823667200000000e+10
3.599999983738599862e+00 3.189517516800000000e+10
3.639999983557918206e+00 2.662592307200000000e+10
3.679999983377236550e+00 2.516965785600000000e+10
3.719999983196551785e+00 2.124548710400000000e+10
3.759999983015870129e+00 1.271166873600000000e+10
3.799999982835188472e+00 1.661303193600000000e+10
3.839999982654506816e+00 3.268681318400000000e+10
3.879999982473825160e+00 4.398653030400000000e+10
3.919999982293143503e+00 3.385740083200000000e+10
3.959999982112458738e+00 9.161825280000000000e+09
3.999999981931777082e+00 3.763581440000000000e+09
4.039999981751095426e+00 1.477438054400000000e+10
4.079999981570414214e+00 1.478338355200000000e+10
4.119999981389732113e+00 9.974222848000000000e+09
4.159999981209047348e+00 1.583834316800000000e+10
4.199999981028366136e+00 2.597079449600000000e+10
4.239999980847684036e+00 2.933407334400000000e+10
4.279999980667002824e+00 2.541746585600000000e+10
4.319999980486320723e+00 1.899904614400000000e+10
4.359999980305635958e+00 1.329542144000000000e+10
4.399999980124954746e+00 1.532797235200000000e+10
4.439999979944272646e+00 2.185884876800000000e+10
4.479999979763591433e+00 1.857404108800000000e+10
4.519999979582909333e+00 8.236121088000000000e+09
4.559999979402228121e+00 1.493355417600000000e+10
4.599999979221543356e+00 4.102852608000000000e+10
4.639999979040861255e+00 7.849027174400000000e+10
4.679999978860180043e+00 9.865634611200000000e+10
4.719999978679497943e+00 9.942155264000000000e+10
4.759999978498816731e+00 8.569034342400000000e+10
4.799999978318131966e+00 6.878367744000000000e+10
4.839999978137449865e+00 4.449228800000000000e+10
4.879999977956768653e+00 3.099880448000000000e+10
4.919999977776087441e+00 2.560682393600000000e+10
4.959999977595405340e+00 1.614814515200000000e+10
4.999999977414724128e+00 1.143479398400000000e+10
5.039999977234039363e+00 1.607629414400000000e+10
5.079999977053357263e+00 2.096222003200000000e+10
5.119999976872676051e+00 2.264114380800000000e+10
5.159999976691993950e+00 2.311698841600000000e+10
5.199999976511312738e+00 2.300115968000000000e+10
5.239999976330627973e+00 1.837775257600000000e+10
5.279999976149945873e+00 1.057034547200000000e+10
5.319999975969264661e+00 2.956217856000000000e+09
5.359999975788582560e+00 4.513784832000000000e+09
5.399999975607901348e+00 1.616020684800000000e+10
5.439999975427216583e+00 2.801060249600000000e+10
5.479999975246534483e+00 2.683189452800000000e+10
5.519999975065853270e+00 2.167876608000000000e+10
5.559999974885171170e+00 1.014966784000000000e+10
5.599999974704489958e+00 4.699553792000000000e+09
5.639999974523807857e+00 2.638317772800000000e+10
5.679999974343123093e+00 6.161488281600000000e+10
5.719999974162441880e+00 6.619976499200000000e+10
5.759999973981759780e+00 3.844120576000000000e+10
5.799999973801078568e+00 1.112933273600000000e+10
5.839999973620396467e+00 1.308599040000000000e+09
5.879999973439711702e+00 3.217089280000000000e+08
5.919999973259030490e+00 1.467106816000000000e+09
5.959999973078349278e+00 2.680808704000000000e+09
5.999999972897667178e+00 2.790638080000000000e+09
6.039999972716985965e+00 4.013879040000000000e+09
6.079999972536301200e+00 9.154352128000000000e+09
6.119999972355619100e+00 2.066710323200000000e+10
6.159999972174937888e+00 3.522332262400000000e+10
6.199999971994255787e+00 4.507844198400000000e+10
6.239999971813574575e+00 4.587599052800000000e+10
6.279999971632892475e+00 4.142483046400000000e+10
6.319999971452207710e+00 3.372529664000000000e+10
6.359999971271526498e+00 2.681288499200000000e+10
6.399999971090844397e+00 2.302575206400000000e+10
6.439999970910163185e+00 2.118477824000000000e+10
6.479999970729481085e+00 2.105865216000000000e+10
6.519999970548796320e+00 2.046257971200000000e+10
6.559999970368115108e+00 1.614560972800000000e+10
6.599999970187433007e+00 1.095469977600000000e+10
6.639999970006751795e+00 6.286480384000000000e+09
6.679999969826069695e+00 3.497571072000000000e+09
6.719999969645388482e+00 1.963184128000000000e+09
6.759999969464703717e+00 5.281240320000000000e+08
6.799999969284021617e+00 4.881189440000000000e+08
6.839999969103340405e+00 2.277559808000000000e+09
6.879999968922659193e+00 2.049374464000000000e+09
6.919999968741977092e+00 9.080921600000000000e+07
6.959999968561292327e+00 2.661870592000000000e+09
6.999999968380611115e+00 8.398758400000000000e+09
7.039999968199929015e+00 1.037408153600000000e+10
7.079999968019247802e+00 1.215047065600000000e+10
7.119999967838565702e+00 1.612356403200000000e+10
7.159999967657880937e+00 2.676501708800000000e+10
7.199999967477199725e+00 5.323714560000000000e+10
7.239999967296517625e+00 8.158522572800000000e+10
7.279999967115836412e+00 8.132912742400000000e+10
7.319999966935154312e+00 5.891433676800000000e+10
7.359999966754473100e+00 3.615884492800000000e+10
7.399999966573788335e+00 2.122863411200000000e+10
7.439999966393106234e+00 1.036151193600000000e+10
7.479999966212425022e+00 3.039711488000000000e+09
7.519999966031742922e+00 1.224422272000000000e+09
7.559999965851061710e+00 6.262858752000000000e+09
7.599999965670376945e+00 1.803517337600000000e+10
7.639999965489694844e+00 3.304008499200000000e+10
7.679999965309013632e+00 4.607340544000000000e+10
7.719999965128331532e+00 5.426637209600000000e+10
7.759999964947650319e+00 5.659576320000000000e+10
7.799999964766968219e+00 5.167262105600000000e+10
7.839999964586283454e+00 4.037744640000000000e+10
7.879999964405602242e+00 2.600435916800000000e+10
7.919999964224921030e+00 1.323478630400000000e+10
7.959999964044238929e+00 4.006397952000000000e+09
7.999999963863557717e+00 1.008777216000000000e+09
8.039999963682872064e+00 7.163096064000000000e+09
8.079999963502190852e+00 1.794772172800000000e+10
8.119999963321509640e+00 2.415742361600000000e+10
8.159999963140828427e+00 2.430119526400000000e+10
8.199999962960145439e+00 2.021579366400000000e+10
8.239999962779460674e+00 1.548115046400000000e+10
8.279999962598779462e+00 1.160267059200000000e+10
8.319999962418098249e+00 8.889481216000000000e+09
8.359999962237417037e+00 7.153172992000000000e+09
8.399999962056734049e+00 6.195420672000000000e+09
8.439999961876052836e+00 6.102648320000000000e+09
8.479999961695368071e+00 6.702197248000000000e+09
8.519999961514686859e+00 6.996862976000000000e+09
8.559999961334005647e+00 6.758202368000000000e+09
8.599999961153322658e+00 6.333473792000000000e+09
8.639999960972641446e+00 6.187521024000000000e+09
8.679999960791956681e+00 5.934864384000000000e+09
8.719999960611275469e+00 5.292587008000000000e+09
8.759999960430594257e+00 4.299350016000000000e+09
8.799999960249911268e+00 2.980392448000000000e+09
8.839999960069230056e+00 2.151647488000000000e+09
8.879999959888548844e+00 1.684644864000000000e+09
8.919999959707864079e+00 2.082429824000000000e+09
8.959999959527182867e+00 4.963893760000000000e+09
8.999999959346501655e+00 1.152317644800000000e+10
9.039999959165818666e+00 2.092942745600000000e+10
9.079999958985137454e+00 2.909640089600000000e+10
9.119999958804452689e+00 3.109423104000000000e+10
9.159999958623771477e+00 2.681654476800000000e+10
9.199999958443090264e+00 2.026818355200000000e+10
9.239999958262407276e+00 1.403949670400000000e+10
9.279999958081726064e+00 8.887234560000000000e+09
9.319999957901041299e+00 5.237535232000000000e+09
9.359999957720360086e+00 2.771902208000000000e+09
9.399999957539678874e+00 1.392540032000000000e+09
9.439999957358995886e+00 7.437857280000000000e+08
9.479999957178314673e+00 5.881123200000000000e+08
9.519999956997633461e+00 1.055009920000000000e+09
9.559999956816948696e+00 2.479531264000000000e+09
9.599999956636267484e+00 5.274525696000000000e+09
9.639999956455584496e+00 9.603753984000000000e+09
9.679999956274903283e+00 1.496167731200000000e+10
9.719999956094222071e+00 2.031426764800000000e+10
9.759999955913537306e+00 2.325392179200000000e+10
9.799999955732856094e+00 2.243324313600000000e+10
9.839999955552174882e+00 1.896613888000000000e+10
9.879999955371491893e+00 1.483419238400000000e+10
9.919999955190810681e+00 1.113764249600000000e+10
9.959999955010125916e+00 8.176450048000000000e+09
9.999999954829444704e+00 5.732482560000000000e+09
1.003999995464876349e+01 3.775317504000000000e+09
1.007999995446808050e+01 2.110038016000000000e+09
1.011999995428739929e+01 8.181152640000000000e+08
1.015999995410671808e+01 2.019118880000000000e+08
1.019999995392603331e+01 4.331246080000000000e+08
1.023999995374535210e+01 1.505032576000000000e+09
1.027999995356466911e+01 3.294579968000000000e+09
1.031999995338398790e+01 5.838261760000000000e+09
1.035999995320330669e+01 9.148798976000000000e+09
1.039999995302262192e+01 1.293894758400000000e+10
1.043999995284194071e+01 1.663791820800000000e+10
1.047999995266125772e+01 1.902161305600000000e+10
1.051999995248057651e+01 1.886627020800000000e+10
1.055999995229989530e+01 1.645354188800000000e+10
1.059999995211921409e+01 1.282454118400000000e+10
1.063999995193852932e+01 9.295702016000000000e+09
1.067999995175784633e+01 6.260840448000000000e+09
1.071999995157716512e+01 3.948446208000000000e+09
1.075999995139648391e+01 2.357724928000000000e+09
1.079999995121580270e+01 1.266302720000000000e+09
1.083999995103511793e+01 5.743905920000000000e+08
1.087999995085443672e+01 2.076189600000000000e+08
1.091999995067375373e+01 9.244056800000000000e+07
1.095999995049307252e+01 1.601795840000000000e+08
1.099999995031239131e+01 3.458407040000000000e+08
1.103999995013170654e+01 5.952240000000000000e+08
1.107999994995102533e+01 8.736682240000000000e+08
1.111999994977034234e+01 1.155750528000000000e+09
1.115999994958966113e+01 1.486004608000000000e+09
1.119999994940897992e+01 1.891597312000000000e+09
1.123999994922829870e+01 2.422281216000000000e+09
1.127999994904761394e+01 3.175077120000000000e+09
1.131999994886693095e+01 4.164162048000000000e+09
1.135999994868624974e+01 5.477647360000000000e+09
1.139999994850556853e+01 7.049128448000000000e+09
1.143999994832488731e+01 8.848948224000000000e+09
1.147999994814420255e+01 1.069353164800000000e+10
1.151999994796351956e+01 1.224748748800000000e+10
1.155999994778283835e+01 1.321018572800000000e+10
1.159999994760215714e+01 1.337977139200000000e+10
1.163999994742147592e+01 1.277753548800000000e+10
1.167999994724079293e+01 1.159706624000000000e+10
1.171999994706010817e+01 1.017518592000000000e+10
1.175999994687942696e+01 8.712035328000000000e+09
1.179999994669874575e+01 7.291217920000000000e+09
1.183999994651806453e+01 6.087463424000000000e+09
1.187999994633738332e+01 5.054495232000000000e+09
1.191999994615669856e+01 4.197735680000000000e+09
1.195999994597601557e+01 3.527239168000000000e+09
