# x = Time (fs); y = Power (W)
-1.159999994760215891e+01 1.752688256000000000e+09
-1.155999994778284012e+01 1.842063744000000000e+09
-1.151999994796352311e+01 1.903808384000000000e+09
-1.147999994814420432e+01 1.940218624000000000e+09
-1.143999994832488731e+01 1.927812864000000000e+09
-1.139999994850557030e+01 1.895655168000000000e+09
-1.135999994868625151e+01 1.843548800000000000e+09
-1.131999994886693450e+01 1.768845952000000000e+09
-1.127999994904761571e+01 1.694093312000000000e+09
-1.123999994922829870e+01 1.604168832000000000e+09
-1.119999994940898169e+01 1.498146432000000000e+09
-1.115999994958966290e+01 1.409530624000000000e+09
-1.111999994977034589e+01 1.337048832000000000e+09
-1.107999994995102711e+01 1.260082688000000000e+09
-1.103999995013171009e+01 1.225765504000000000e+09
-1.099999995031239131e+01 1.237284992000000000e+09
-1.095999995049307429e+01 1.273921280000000000e+09
-1.091999995067375551e+01 1.370503808000000000e+09
-1.087999995085443850e+01 1.545902080000000000e+09
-1.083999995103512148e+01 1.777764480000000000e+09
-1.079999995121580270e+01 2.120813952000000000e+09
-1.075999995139648568e+01 2.564099584000000000e+09
-1.071999995157716690e+01 3.159455488000000000e+09
-1.067999995175784989e+01 4.040141056000000000e+09
-1.063999995193853110e+01 5.333409280000000000e+09
-1.059999995211921409e+01 7.167857664000000000e+09
-1.055999995229989707e+01 9.390711808000000000e+09
-1.051999995248057829e+01 1.101736960000000000e+10
-1.047999995266126128e+01 1.119475814400000000e+10
-1.043999995284194249e+01 9.911037952000000000e+09
-1.039999995302262548e+01 7.927147520000000000e+09
-1.035999995320330669e+01 5.979784704000000000e+09
-1.031999995338398968e+01 4.313118720000000000e+09
-1.027999995356467089e+01 3.059715072000000000e+09
-1.023999995374535388e+01 2.267880448000000000e+09
-1.019999995392603687e+01 1.770204544000000000e+09
-1.015999995410671808e+01 1.486984192000000000e+09
-1.011999995428740107e+01 1.403437056000000000e+09
-1.007999995446808228e+01 1.362026624000000000e+09
-1.003999995464876527e+01 1.340913664000000000e+09
-9.999999954829448257e+00 1.316610560000000000e+09
-9.959999955010129469e+00 1.224910720000000000e+09
-9.919999955190810681e+00 1.132420864000000000e+09
-9.879999955371493670e+00 1.052097216000000000e+09
-9.839999955552174882e+00 9.892094720000000000e+08
-9.799999955732859647e+00 1.044254208000000000e+09
-9.759999955913540859e+00 1.224543104000000000e+09
-9.719999956094222071e+00 1.522598400000000000e+09
-9.679999956274905060e+00 2.014398976000000000e+09
-9.639999956455586272e+00 2.662781440000000000e+09
-9.599999956636269260e+00 3.348679424000000000e+09
-9.559999956816952249e+00 3.988259072000000000e+09
-9.519999956997633461e+00 4.275178240000000000e+09
-9.479999957178316450e+00 3.961074176000000000e+09
-9.439999957358997662e+00 3.123614208000000000e+09
-9.399999957539680651e+00 2.086901504000000000e+09
-9.359999957720363639e+00 1.228040704000000000e+09
-9.319999957901044851e+00 8.200244480000000000e+08
-9.279999958081726064e+00 8.431754240000000000e+08
-9.239999958262409052e+00 1.238080128000000000e+09
-9.199999958443092041e+00 1.951020928000000000e+09
-9.159999958623775029e+00 2.631157760000000000e+09
-9.119999958804456242e+00 3.198674432000000000e+09
-9.079999958985137454e+00 4.165930496000000000e+09
-9.039999959165818666e+00 6.195844608000000000e+09
-8.999999959346501655e+00 1.013857894400000000e+10
-8.959999959527186419e+00 1.459775180800000000e+10
-8.919999959707867632e+00 1.605317017600000000e+10
-8.879999959888548844e+00 1.467735756800000000e+10
-8.839999960069230056e+00 1.155506278400000000e+10
-8.799999960249913045e+00 8.094054912000000000e+09
-8.759999960430597810e+00 5.287214592000000000e+09
-8.719999960611279022e+00 3.272303616000000000e+09
-8.679999960791960234e+00 1.942965632000000000e+09
-8.639999960972641446e+00 1.137562240000000000e+09
-8.599999961153324435e+00 6.372852480000000000e+08
-8.559999961334007423e+00 3.257325760000000000e+08
-8.519999961514690412e+00 1.425177280000000000e+08
-8.479999961695371624e+00 1.375669300000000000e+07
-8.439999961876052836e+00 2.571557000000000000e+07
-8.399999962056734049e+00 4.151621200000000000e+07
-8.359999962237418814e+00 2.623723200000000000e+07
-8.319999962418101802e+00 3.312626800000000000e+07
-8.279999962598783014e+00 2.018873920000000000e+08
-8.239999962779464227e+00 8.881845760000000000e+08
-8.199999962960145439e+00 2.307648768000000000e+09
-8.159999963140828427e+00 4.092174592000000000e+09
-8.119999963321513192e+00 5.332313600000000000e+09
-8.079999963502194404e+00 5.355784704000000000e+09
-8.039999963682875617e+00 4.411308544000000000e+09
-7.999999963863557717e+00 3.106312192000000000e+09
-7.959999964044240706e+00 2.318569472000000000e+09
-7.919999964224921918e+00 2.871062784000000000e+09
-7.879999964405605795e+00 4.668019712000000000e+09
-7.839999964586287007e+00 7.342522880000000000e+09
-7.799999964766968219e+00 1.069944115200000000e+10
-7.759999964947650319e+00 1.408874393600000000e+10
-7.719999965128333308e+00 1.670405836800000000e+10
-7.679999965309016297e+00 1.679250636800000000e+10
-7.639999965489698397e+00 1.354983321600000000e+10
-7.599999965670379609e+00 9.447353344000000000e+09
-7.559999965851061710e+00 5.517906432000000000e+09
-7.519999966031744698e+00 2.673590528000000000e+09
-7.479999966212426799e+00 1.219265792000000000e+09
-7.439999966393109787e+00 1.042333120000000000e+09
-7.399999966573790999e+00 1.912675584000000000e+09
-7.359999966754473100e+00 3.049283584000000000e+09
-7.319999966935154312e+00 3.722740224000000000e+09
-7.279999967115837300e+00 3.866400768000000000e+09
-7.239999967296521177e+00 3.972556800000000000e+09
-7.199999967477202389e+00 4.534601728000000000e+09
-7.159999967657884490e+00 6.233757184000000000e+09
-7.119999967838565702e+00 8.907931648000000000e+09
-7.079999968019248691e+00 1.126805504000000000e+10
-7.039999968199931679e+00 1.257763532800000000e+10
-6.999999968380612891e+00 1.321338675200000000e+10
-6.959999968561295880e+00 1.187924480000000000e+10
-6.919999968741977980e+00 8.944573440000000000e+09
-6.879999968922660081e+00 7.495409664000000000e+09
-6.839999969103342181e+00 8.245996032000000000e+09
-6.799999969284024282e+00 9.939908608000000000e+09
-6.759999969464706382e+00 1.071111270400000000e+10
-6.719999969645389370e+00 1.031957606400000000e+10
-6.679999969826070583e+00 7.956439552000000000e+09
-6.639999970006753571e+00 4.723534848000000000e+09
-6.599999970187435672e+00 3.191707136000000000e+09
-6.559999970368116884e+00 2.857977088000000000e+09
-6.519999970548799872e+00 3.400699904000000000e+09
-6.479999970729481973e+00 5.125343232000000000e+09
-6.439999970910164961e+00 9.672740864000000000e+09
-6.399999971090846174e+00 1.399863296000000000e+10
-6.359999971271528274e+00 1.625596723200000000e+10
-6.319999971452211263e+00 1.431471513600000000e+10
-6.279999971632893363e+00 1.222563225600000000e+10
-6.239999971813575463e+00 1.133331558400000000e+10
-6.199999971994257564e+00 1.107388928000000000e+10
-6.159999972174939664e+00 1.139557068800000000e+10
-6.119999972355622653e+00 1.125305036800000000e+10
-6.079999972536303865e+00 1.080613171200000000e+10
-6.039999972716985965e+00 1.001843916800000000e+10
-5.999999972897668954e+00 8.872116224000000000e+09
-5.959999973078351054e+00 7.911977472000000000e+09
-5.919999973259033155e+00 7.393733120000000000e+09
-5.879999973439715255e+00 6.114060800000000000e+09
-5.839999973620396467e+00 4.280582912000000000e+09
-5.799999973801080344e+00 2.702635008000000000e+09
-5.759999973981761556e+00 2.551911424000000000e+09
-5.719999974162444545e+00 4.571896832000000000e+09
-5.679999974343126645e+00 6.903975424000000000e+09
-5.639999974523807857e+00 7.738625536000000000e+09
-5.599999974704491734e+00 7.713925120000000000e+09
-5.559999974885172946e+00 7.685053440000000000e+09
-5.519999975065855047e+00 6.915735552000000000e+09
-5.479999975246538035e+00 4.573164544000000000e+09
-5.439999975427219248e+00 1.955549312000000000e+09
-5.399999975607903124e+00 1.798836992000000000e+09
-5.359999975788584337e+00 3.564012544000000000e+09
-5.319999975969265549e+00 3.879857664000000000e+09
-5.279999976149949426e+00 3.002375936000000000e+09
-5.239999976330630638e+00 5.106919424000000000e+09
-5.199999976511312738e+00 1.327676313600000000e+10
-5.159999976691995727e+00 2.695008051200000000e+10
-5.119999976872676939e+00 3.699916800000000000e+10
-5.079999977053359039e+00 3.503242444800000000e+10
-5.039999977234042028e+00 2.334516633600000000e+10
-4.999999977414724128e+00 1.137141452800000000e+10
-4.959999977595407117e+00 6.060467712000000000e+09
-4.919999977776088329e+00 4.688336896000000000e+09
-4.879999977956770429e+00 4.260576000000000000e+09
-4.839999978137453418e+00 4.867546112000000000e+09
-4.799999978318134630e+00 5.310325760000000000e+09
-4.759999978498816731e+00 5.131578368000000000e+09
-4.719999978679499719e+00 4.150337280000000000e+09
-4.679999978860181820e+00 4.891116544000000000e+09
-4.639999979040864808e+00 1.045340364800000000e+10
-4.599999979221546020e+00 2.829316300800000000e+10
-4.559999979402228121e+00 5.910512025600000000e+10
-4.519999979582911109e+00 8.203749785600000000e+10
-4.479999979763593210e+00 8.798725734400000000e+10
-4.439999979944274422e+00 7.420041625600000000e+10
-4.399999980124957411e+00 5.529694208000000000e+10
-4.359999980305639511e+00 2.977883750400000000e+10
-4.319999980486322499e+00 1.304509235200000000e+10
-4.279999980667003712e+00 5.578336768000000000e+09
-4.239999980847685812e+00 3.651631360000000000e+09
-4.199999981028368801e+00 2.749080320000000000e+09
-4.159999981209050901e+00 1.056276608000000000e+09
-4.119999981389732113e+00 1.085410048000000000e+09
-4.079999981570415102e+00 2.404632832000000000e+09
-4.039999981751097202e+00 3.010970112000000000e+09
-3.999999981931778859e+00 2.972051200000000000e+09
-3.959999982112461847e+00 2.374241792000000000e+09
-3.919999982293143503e+00 2.222871040000000000e+09
-3.879999982473826936e+00 1.777190912000000000e+09
-3.839999982654508148e+00 1.844719104000000000e+09
-3.799999982835189805e+00 8.402851840000000000e+09
-3.759999983015873237e+00 1.509092864000000000e+10
-3.719999983196554894e+00 8.185206272000000000e+09
-3.679999983377236550e+00 3.838155776000000000e+09
-3.639999983557919538e+00 3.398490368000000000e+09
-3.599999983738601195e+00 1.123821158400000000e+10
-3.559999983919284627e+00 4.117997568000000000e+10
-3.519999984099966284e+00 7.574293708800000000e+10
-3.479999984280647940e+00 8.192559513600000000e+10
-3.439999984461330929e+00 5.724276326400000000e+10
-3.399999984642012585e+00 3.392382771200000000e+10
-3.359999984822694241e+00 2.436850483200000000e+10
-3.319999985003377230e+00 2.117816115200000000e+10
-3.279999985184058886e+00 1.554399846400000000e+10
-3.239999985364742319e+00 8.532985344000000000e+09
-3.199999985545423975e+00 1.999759872000000000e+09
-3.159999985726105631e+00 3.630979200000000000e+08
-3.119999985906788620e+00 2.949573376000000000e+09
-3.079999986087470276e+00 6.314042880000000000e+09
-3.039999986268151932e+00 1.167706521600000000e+10
-2.999999986448835365e+00 1.857553817600000000e+10
-2.959999986629517021e+00 1.606282752000000000e+10
-2.919999986810200010e+00 6.164475904000000000e+09
-2.879999986990881666e+00 3.609616384000000000e+09
-2.839999987171563323e+00 6.630430208000000000e+09
-2.799999987352246311e+00 1.071984844800000000e+10
-2.759999987532927967e+00 1.883557683200000000e+10
-2.719999987713609624e+00 2.851040256000000000e+10
-2.679999987894293056e+00 3.022040473600000000e+10
-2.639999988074974713e+00 2.501070028800000000e+10
-2.599999988255656369e+00 2.386916352000000000e+10
-2.559999988436339358e+00 2.530953420800000000e+10
-2.519999988617021014e+00 4.168962867200000000e+10
-2.479999988797704447e+00 5.759290982400000000e+10
-2.439999988978386103e+00 6.197372108800000000e+10
-2.399999989159067315e+00 5.334552576000000000e+10
-2.359999989339750748e+00 3.934052761600000000e+10
-2.319999989520432404e+00 2.224077619200000000e+10
-2.279999989701114060e+00 9.730356224000000000e+09
-2.239999989881797049e+00 9.865779200000000000e+09
-2.199999990062478705e+00 1.113810227200000000e+10
-2.159999990243162138e+00 2.244218112000000000e+09
-2.119999990423843794e+00 2.326097152000000000e+09
-2.079999990604525451e+00 2.039189504000000000e+10
-2.039999990785208439e+00 5.044615987200000000e+10
-1.999999990965890095e+00 5.538888089600000000e+10
-1.959999991146571752e+00 3.502336409600000000e+10
-1.919999991327254962e+00 1.319333273600000000e+10
-1.879999991507936619e+00 9.652105216000000000e+09
-1.839999991688619829e+00 1.587206963200000000e+10
-1.799999991869301486e+00 3.148507136000000000e+10
-1.759999992049983142e+00 4.110283571200000000e+10
-1.719999992230666352e+00 3.052094873600000000e+10
-1.679999992411347787e+00 2.155131904000000000e+10
-1.639999992592029443e+00 2.051352576000000000e+10
-1.599999992772712654e+00 2.094367334400000000e+10
-1.559999992953394310e+00 1.549896396800000000e+10
-1.519999993134077521e+00 6.000701440000000000e+09
-1.479999993314759177e+00 1.657848000000000000e+08
-1.439999993495440833e+00 4.936976896000000000e+09
-1.399999993676124044e+00 2.296893644800000000e+10
-1.359999993856805700e+00 5.521912217600000000e+10
-1.319999994037487356e+00 8.417656012800000000e+10
-1.279999994218170567e+00 1.031466188800000000e+11
-1.239999994398852223e+00 8.997932236800000000e+10
-1.199999994579533658e+00 5.707111219200000000e+10
-1.159999994760216868e+00 2.941685145600000000e+10
-1.119999994940898524e+00 2.294744268800000000e+10
-1.079999995121581735e+00 2.111510528000000000e+10
-1.039999995302263391e+00 1.013558169600000000e+10
-9.999999954829450477e-01 3.498372864000000000e+09
-9.599999956636282583e-01 7.966874112000000000e+09
-9.199999958443099146e-01 1.518074470400000000e+10
-8.799999960249915709e-01 2.458349977600000000e+10
-8.399999962056747815e-01 3.249185792000000000e+10
-7.999999963863563268e-01 3.440877158400000000e+10
-7.599999965670395374e-01 2.590219059200000000e+10
-7.199999967477211937e-01 1.640307916800000000e+10
-6.799999969284028500e-01 1.215385907200000000e+10
-6.399999971090860607e-01 1.885285171200000000e+10
-5.999999972897677170e-01 2.276543488000000000e+10
-5.599999974704492622e-01 2.194367692800000000e+10
-5.199999976511324729e-01 1.652950323200000000e+10
-4.799999978318141292e-01 5.923324928000000000e+09
-4.399999980124973398e-01 3.526714880000000000e+08
-3.999999981931789961e-01 1.644765824000000000e+09
-3.599999983738605969e-01 8.067225088000000000e+09
-3.199999985545438075e-01 1.640502272000000000e+10
-2.799999987352254638e-01 1.105138483200000000e+10
-2.399999989159070646e-01 5.073204428800000000e+10
-1.999999990965902752e-01 1.390477475840000000e+11
-1.599999992772719037e-01 1.622952181760000000e+11
-1.199999994579535323e-01 1.410373713920000000e+11
-7.999999963863674290e-02 1.009115955200000000e+11
-3.999999981931837145e-02 3.828505395200000000e+10
-1.577721810442023611e-15 6.506253312000000000e+09
3.999999981931678938e-02 8.110128640000000000e+09
7.999999963863516084e-02 2.042686464000000000e+10
1.199999994579519502e-01 1.788277964800000000e+10
1.599999992772703217e-01 1.211546931200000000e+10
1.999999990965886931e-01 5.571056128000000000e+09
2.399999989159054825e-01 1.241608704000000000e+09
2.799999987352238540e-01 4.434727424000000000e+09
3.199999985545406433e-01 1.368652288000000000e+10
3.599999983738590426e-01 7.766400000000000000e+09
3.999999981931773863e-01 3.751054400000000000e+08
4.399999980124941756e-01 8.798696448000000000e+09
4.799999978318125748e-01 5.876526080000000000e+09
5.199999976511309185e-01 9.992526080000000000e+08
5.599999974704477079e-01 2.279857356800000000e+10
5.999999972897660516e-01 6.074204569600000000e+10
6.399999971090828410e-01 9.782607872000000000e+10
6.799999969284012957e-01 1.174719692800000000e+11
7.199999967477196394e-01 1.099389419520000000e+11
7.599999965670364288e-01 6.987343462400000000e+10
7.999999963863547725e-01 3.650010316800000000e+10
8.399999962056731162e-01 2.476479897600000000e+10
8.799999960249899056e-01 2.133501542400000000e+10
9.199999958443083603e-01 1.717822668800000000e+10
9.599999956636251497e-01 1.937620377600000000e+10
9.999999954829434934e-01 2.436956774400000000e+10
1.039999995302261837e+00 2.084677017600000000e+10
1.079999995121578626e+00 5.796572672000000000e+09
1.119999994940896970e+00 7.742568960000000000e+08
1.159999994760215314e+00 1.718664601600000000e+10
1.199999994579532103e+00 4.493091635200000000e+10
1.239999994398850447e+00 7.136711475200000000e+10
1.279999994218169013e+00 8.651047731200000000e+10
1.319999994037487356e+00 8.695114137600000000e+10
1.359999993856802591e+00 7.229663641600000000e+10
1.399999993676120935e+00 5.338838630400000000e+10
1.439999993495439279e+00 3.644799795200000000e+10
1.479999993314757623e+00 2.447672934400000000e+10
1.519999993134075966e+00 1.971347251200000000e+10
1.559999992953391201e+00 2.234002022400000000e+10
1.599999992772709545e+00 3.151679692800000000e+10
1.639999992592027889e+00 3.489329561600000000e+10
1.679999992411346232e+00 3.174595788800000000e+10
1.719999992230664798e+00 3.757306265600000000e+10
1.759999992049983142e+00 5.181557145600000000e+10
1.799999991869298377e+00 5.389098188800000000e+10
1.839999991688616721e+00 3.115087462400000000e+10
1.879999991507935064e+00 8.608913408000000000e+09
1.919999991327253408e+00 1.106669952000000000e+09
1.959999991146571752e+00 1.829185792000000000e+09
1.999999990965886987e+00 1.168155280000000000e+08
2.039999990785205330e+00 5.353962496000000000e+09
2.079999990604523674e+00 2.609899929600000000e+10
2.119999990423842018e+00 5.145809715200000000e+10
2.159999990243160362e+00 6.924199526400000000e+10
2.199999990062475597e+00 5.740746752000000000e+10
2.239999989881793940e+00 3.611844198400000000e+10
2.279999989701112284e+00 2.127566438400000000e+10
2.319999989520430628e+00 1.198015590400000000e+10
2.359999989339748971e+00 3.747914240000000000e+09
2.399999989159067315e+00 2.953612288000000000e+09
2.439999988978382550e+00 7.308890112000000000e+09
2.479999988797700894e+00 1.648589926400000000e+10
2.519999988617019682e+00 2.613749555200000000e+10
2.559999988436338025e+00 2.346633625600000000e+10
2.599999988255656369e+00 1.571140198400000000e+10
2.639999988074971604e+00 1.355971072000000000e+10
2.679999987894289948e+00 4.105660006400000000e+10
2.719999987713608292e+00 7.057601331200000000e+10
2.759999987532926635e+00 5.519559475200000000e+10
2.799999987352244979e+00 1.912809676800000000e+10
2.839999987171563323e+00 4.238968422400000000e+10
2.879999986990878558e+00 9.815236608000000000e+10
2.919999986810196901e+00 1.211160084480000000e+11
2.959999986629515245e+00 1.002185523200000000e+11
2.999999986448833589e+00 6.927014297600000000e+10
3.039999986268151932e+00 4.068318003200000000e+10
3.079999986087467168e+00 4.064278528000000000e+10
3.119999985906785511e+00 5.682570035200000000e+10
3.159999985726103855e+00 6.092975718400000000e+10
3.199999985545422199e+00 4.233750528000000000e+10
3.239999985364740542e+00 1.842093465600000000e+10
3.279999985184055777e+00 4.248859904000000000e+09
3.319999985003374121e+00 4.720463680000000000e+08
3.359999984822692465e+00 1.119836928000000000e+09
3.399999984642010808e+00 1.238087168000000000e+09
3.439999984461329596e+00 6.154850304000000000e+09
3.479999984280647940e+00 1.934803558400000000e+10
3.519999984099963175e+00 3.201950310400000000e+10
3.559999983919281519e+00 3.483583283200000000e+10
3.599999983738599862e+00 3.179873484800000000e+10
3.639999983557918206e+00 3.016048435200000000e+10
3.679999983377236550e+00 2.830580121600000000e+10
3.719999983196551785e+00 2.323844710400000000e+10
3.759999983015870129e+00 9.053287424000000000e+09
3.799999982835188472e+00 6.793623040000000000e+09
3.839999982654506816e+00 1.580357632000000000e+10
3.879999982473825160e+00 2.173869260800000000e+10
3.919999982293143503e+00 2.070454272000000000e+10
3.959999982112458738e+00 1.699489484800000000e+10
3.999999981931777082e+00 1.781791334400000000e+10
4.039999981751095426e+00 2.662611353600000000e+10
4.079999981570414214e+00 4.561448550400000000e+10
4.119999981389732113e+00 6.307945267200000000e+10
4.159999981209047348e+00 6.497041612800000000e+10
4.199999981028366136e+00 5.676813926400000000e+10
4.239999980847684036e+00 4.517903155200000000e+10
4.279999980667002824e+00 3.144042700800000000e+10
4.319999980486320723e+00 1.357296537600000000e+10
4.359999980305635958e+00 1.009985536000000000e+09
4.399999980124954746e+00 2.736990976000000000e+09
4.439999979944272646e+00 1.391748403200000000e+10
4.479999979763591433e+00 2.759682048000000000e+10
4.519999979582909333e+00 3.968269926400000000e+10
4.559999979402228121e+00 4.276412006400000000e+10
4.599999979221543356e+00 3.756108595200000000e+10
4.639999979040861255e+00 3.026254028800000000e+10
4.679999978860180043e+00 2.236070912000000000e+10
4.719999978679497943e+00 1.811585638400000000e+10
4.759999978498816731e+00 1.455674368000000000e+10
4.799999978318131966e+00 1.568821964800000000e+10
4.839999978137449865e+00 2.182336512000000000e+10
4.879999977956768653e+00 3.084751872000000000e+10
4.919999977776087441e+00 3.661108428800000000e+10
4.959999977595405340e+00 2.944100966400000000e+10
4.999999977414724128e+00 1.871252684800000000e+10
5.039999977234039363e+00 1.414229504000000000e+10
5.079999977053357263e+00 2.281628057600000000e+10
5.119999976872676051e+00 3.065439232000000000e+10
5.159999976691993950e+00 1.924959846400000000e+10
5.199999976511312738e+00 4.110968064000000000e+09
5.239999976330627973e+00 6.496044800000000000e+08
5.279999976149945873e+00 3.907916800000000000e+09
5.319999975969264661e+00 7.791942144000000000e+09
5.359999975788582560e+00 1.056447078400000000e+10
5.399999975607901348e+00 1.205173043200000000e+10
5.439999975427216583e+00 2.207125504000000000e+10
5.479999975246534483e+00 4.809489203200000000e+10
5.519999975065853270e+00 7.266933145600000000e+10
5.559999974885171170e+00 8.895751782400000000e+10
5.599999974704489958e+00 8.649426534400000000e+10
5.639999974523807857e+00 6.366532812800000000e+10
5.679999974343123093e+00 3.304255692800000000e+10
5.719999974162441880e+00 2.117936332800000000e+10
5.759999973981759780e+00 1.854856192000000000e+10
5.799999973801078568e+00 1.359799193600000000e+10
5.839999973620396467e+00 6.855323136000000000e+09
5.879999973439711702e+00 6.598145024000000000e+09
5.919999973259030490e+00 6.757134848000000000e+09
5.959999973078349278e+00 3.012557824000000000e+09
5.999999972897667178e+00 1.058394521600000000e+10
6.039999972716985965e+00 2.218773913600000000e+10
6.079999972536301200e+00 1.712183500800000000e+10
6.119999972355619100e+00 5.541693440000000000e+09
6.159999972174937888e+00 1.158854528000000000e+09
6.199999971994255787e+00 1.183844864000000000e+09
6.239999971813574575e+00 1.274021888000000000e+10
6.279999971632892475e+00 4.779286937600000000e+10
6.319999971452207710e+00 7.741652172800000000e+10
6.359999971271526498e+00 6.970089472000000000e+10
6.399999971090844397e+00 4.421038080000000000e+10
6.439999970910163185e+00 2.353136025600000000e+10
6.479999970729481085e+00 1.269502361600000000e+10
6.519999970548796320e+00 8.822499328000000000e+09
6.559999970368115108e+00 1.087206809600000000e+10
6.599999970187433007e+00 1.780611686400000000e+10
6.639999970006751795e+00 2.637976576000000000e+10
6.679999969826069695e+00 3.072814284800000000e+10
6.719999969645388482e+00 2.995734732800000000e+10
6.759999969464703717e+00 2.743718502400000000e+10
6.799999969284021617e+00 2.865107148800000000e+10
6.839999969103340405e+00 3.121605222400000000e+10
6.879999968922659193e+00 2.502279168000000000e+10
6.919999968741977092e+00 1.553215078400000000e+10
6.959999968561292327e+00 7.779585024000000000e+09
6.999999968380611115e+00 3.350295552000000000e+09
7.039999968199929015e+00 1.102084608000000000e+09
7.079999968019247802e+00 4.085016000000000000e+08
7.119999967838565702e+00 8.734518400000000000e+08
7.159999967657880937e+00 1.683753216000000000e+09
7.199999967477199725e+00 1.632015232000000000e+09
7.239999967296517625e+00 7.342883200000000000e+08
7.279999967115836412e+00 2.917408256000000000e+09
7.319999966935154312e+00 1.150484480000000000e+10
7.359999966754473100e+00 2.456479539200000000e+10
7.399999966573788335e+00 3.528561049600000000e+10
7.439999966393106234e+00 3.893039104000000000e+10
7.479999966212425022e+00 3.459740467200000000e+10
7.519999966031742922e+00 2.605907353600000000e+10
7.559999965851061710e+00 1.903073075200000000e+10
7.599999965670376945e+00 1.448746496000000000e+10
7.639999965489694844e+00 1.197821952000000000e+10
7.679999965309013632e+00 9.866951680000000000e+09
7.719999965128331532e+00 6.647820288000000000e+09
7.759999964947650319e+00 2.981376256000000000e+09
7.799999964766968219e+00 9.873814400000000000e+08
7.839999964586283454e+00 1.417782656000000000e+09
7.879999964405602242e+00 3.906296320000000000e+09
7.919999964224921030e+00 7.652744704000000000e+09
7.959999964044238929e+00 1.174479667200000000e+10
7.999999963863557717e+00 1.484533043200000000e+10
8.039999963682872064e+00 1.593580544000000000e+10
8.079999963502190852e+00 1.410909696000000000e+10
8.119999963321509640e+00 9.861452800000000000e+09
8.159999963140828427e+00 5.950538752000000000e+09
8.199999962960145439e+00 4.681998336000000000e+09
8.239999962779460674e+00 6.344748032000000000e+09
8.279999962598779462e+00 9.540101120000000000e+09
8.319999962418098249e+00 1.289129267200000000e+10
8.359999962237417037e+00 1.407918796800000000e+10
8.399999962056734049e+00 1.222048358400000000e+10
8.439999961876052836e+00 9.785591808000000000e+09
8.479999961695368071e+00 7.912995328000000000e+09
8.519999961514686859e+00 7.473774080000000000e+09
8.559999961334005647e+00 6.940569600000000000e+09
8.599999961153322658e+00 6.001483264000000000e+09
8.639999960972641446e+00 5.132709888000000000e+09
8.679999960791956681e+00 5.097997312000000000e+09
8.719999960611275469e+00 6.255034880000000000e+09
8.759999960430594257e+00 9.038511104000000000e+09
8.799999960249911268e+00 1.310309990400000000e+10
8.839999960069230056e+00 1.861877964800000000e+10
8.879999959888548844e+00 2.390792806400000000e+10
8.919999959707864079e+00 2.903032627200000000e+10
8.959999959527182867e+00 3.109660876800000000e+10
8.999999959346501655e+00 2.879345664000000000e+10
9.039999959165818666e+00 2.230431744000000000e+10
9.079999958985137454e+00 1.533553664000000000e+10
9.119999958804452689e+00 9.874538496000000000e+09
9.159999958623771477e+00 6.195502080000000000e+09
9.199999958443090264e+00 4.321870848000000000e+09
9.239999958262407276e+00 3.718601472000000000e+09
9.279999958081726064e+00 3.902254592000000000e+09
9.319999957901041299e+00 5.035716096000000000e+09
9.359999957720360086e+00 7.016758784000000000e+09
9.399999957539678874e+00 9.515377664000000000e+09
9.439999957358995886e+00 1.198404710400000000e+10
9.479999957178314673e+00 1.397136691200000000e+10
9.519999956997633461e+00 1.542987468800000000e+10
9.559999956816948696e+00 1.621755494400000000e+10
9.599999956636267484e+00 1.580737638400000000e+10
9.639999956455584496e+00 1.411297484800000000e+10
9.679999956274903283e+00 1.118748672000000000e+10
9.719999956094222071e+00 7.683670016000000000e+09
9.759999955913537306e+00 4.512633856000000000e+09
9.799999955732856094e+00 2.219694080000000000e+09
9.839999955552174882e+00 8.426158080000000000e+08
9.879999955371491893e+00 1.897690720000000000e+08
9.919999955190810681e+00 1.134912640000000000e+08
9.959999955010125916e+00 5.345652480000000000e+08
9.999999954829444704e+00 1.419170432000000000e+09
1.003999995464876349e+01 2.834953984000000000e+09
1.007999995446808050e+01 5.125309952000000000e+09
1.011999995428739929e+01 8.600791040000000000e+09
1.015999995410671808e+01 1.258141900800000000e+10
1.019999995392603331e+01 1.528328704000000000e+10
1.023999995374535210e+01 1.591093145600000000e+10
1.027999995356466911e+01 1.459286835200000000e+10
1.031999995338398790e+01 1.190549401600000000e+10
1.035999995320330669e+01 8.564081152000000000e+09
1.039999995302262192e+01 5.384036864000000000e+09
1.043999995284194071e+01 2.951788032000000000e+09
1.047999995266125772e+01 1.346425088000000000e+09
1.051999995248057651e+01 5.160744640000000000e+08
1.055999995229989530e+01 2.522953120000000000e+08
1.059999995211921409e+01 3.524042560000000000e+08
1.063999995193852932e+01 6.928051840000000000e+08
1.067999995175784633e+01 1.302296064000000000e+09
1.071999995157716512e+01 2.338905600000000000e+09
1.075999995139648391e+01 4.096563968000000000e+09
1.079999995121580270e+01 6.802136576000000000e+09
1.083999995103511793e+01 1.044119244800000000e+10
1.087999995085443672e+01 1.438157414400000000e+10
1.091999995067375373e+01 1.686685798400000000e+10
1.095999995049307252e+01 1.649526272000000000e+10
1.099999995031239131e+01 1.372434944000000000e+10
1.103999995013170654e+01 9.952854016000000000e+09
1.107999994995102533e+01 6.338347520000000000e+09
1.111999994977034234e+01 3.539555840000000000e+09
1.115999994958966113e+01 1.625455360000000000e+09
1.119999994940897992e+01 5.220726080000000000e+08
1.123999994922829870e+01 9.637060000000000000e+07
1.127999994904761394e+01 1.499945600000000000e+08
1.131999994886693095e+01 5.086540800000000000e+08
1.135999994868624974e+01 9.909851520000000000e+08
1.139999994850556853e+01 1.453237248000000000e+09
1.143999994832488731e+01 1.809116672000000000e+09
1.147999994814420255e+01 2.014746368000000000e+09
1.151999994796351956e+01 2.114814592000000000e+09
1.155999994778283835e+01 2.172918272000000000e+09
1.159999994760215714e+01 2.273866496000000000e+09
1.163999994742147592e+01 2.478222080000000000e+09
1.167999994724079293e+01 2.874853888000000000e+09
1.171999994706010817e+01 3.509732096000000000e+09
1.175999994687942696e+01 4.426577408000000000e+09
1.179999994669874575e+01 5.513071616000000000e+09
1.183999994651806453e+01 6.394531840000000000e+09
1.187999994633738332e+01 6.783324160000000000e+09
1.191999994615669856e+01 6.642876928000000000e+09
1.195999994597601557e+01 6.160645120000000000e+09
1.199999994579533436e+01 5.582134272000000000e+09
1.203999994561465314e+01 5.064154112000000000e+09
1.207999994543397193e+01 4.719793152000000000e+09
1.211999994525328717e+01 4.561145856000000000e+09
1.215999994507260418e+01 4.520195072000000000e+09
1.219999994489192296e+01 4.619286528000000000e+09
1.223999994471124175e+01 4.759671296000000000e+09
1.227999994453056054e+01 4.833661952000000000e+09
1.231999994434987755e+01 4.774674432000000000e+09
1.235999994416919279e+01 4.535838720000000000e+09
1.239999994398851157e+01 4.069696768000000000e+09
1.243999994380783036e+01 3.478774272000000000e+09
1.247999994362714915e+01 2.855834880000000000e+09
1.251999994344646616e+01 2.268377600000000000e+09
