# x = Time (fs); y = Power (W)
-1.139999994850557030e+01 1.538828416000000000e+09
-1.135999994868625151e+01 1.812420352000000000e+09
-1.131999994886693450e+01 2.112584064000000000e+09
-1.127999994904761571e+01 2.408061440000000000e+09
-1.123999994922829870e+01 2.678899712000000000e+09
-1.119999994940898169e+01 2.833761280000000000e+09
-1.115999994958966290e+01 2.851187456000000000e+09
-1.111999994977034589e+01 2.751873280000000000e+09
-1.107999994995102711e+01 2.530866944000000000e+09
-1.103999995013171009e+01 2.287533312000000000e+09
-1.099999995031239131e+01 2.107323776000000000e+09
-1.095999995049307429e+01 2.022863360000000000e+09
-1.091999995067375551e+01 2.084103296000000000e+09
-1.087999995085443850e+01 2.366610432000000000e+09
-1.083999995103512148e+01 2.811633408000000000e+09
-1.079999995121580270e+01 3.393954048000000000e+09
-1.075999995139648568e+01 3.990596608000000000e+09
-1.071999995157716690e+01 4.168155904000000000e+09
-1.067999995175784989e+01 3.588148480000000000e+09
-1.063999995193853110e+01 2.538161664000000000e+09
-1.059999995211921409e+01 1.478676480000000000e+09
-1.055999995229989707e+01 7.036620160000000000e+08
-1.051999995248057829e+01 2.733090240000000000e+08
-1.047999995266126128e+01 9.460548000000000000e+07
-1.043999995284194249e+01 1.159304880000000000e+08
-1.039999995302262548e+01 2.767304320000000000e+08
-1.035999995320330669e+01 5.425232640000000000e+08
-1.031999995338398968e+01 9.052803840000000000e+08
-1.027999995356467089e+01 1.346484224000000000e+09
-1.023999995374535388e+01 1.874456192000000000e+09
-1.019999995392603687e+01 2.470032384000000000e+09
-1.015999995410671808e+01 3.095371008000000000e+09
-1.011999995428740107e+01 3.701060096000000000e+09
-1.007999995446808228e+01 4.282134272000000000e+09
-1.003999995464876527e+01 4.870344192000000000e+09
-9.999999954829448257e+00 5.516726784000000000e+09
-9.959999955010129469e+00 6.323749888000000000e+09
-9.919999955190810681e+00 7.464292352000000000e+09
-9.879999955371493670e+00 9.074386944000000000e+09
-9.839999955552174882e+00 1.076319846400000000e+10
-9.799999955732859647e+00 1.132555571200000000e+10
-9.759999955913540859e+00 1.030520115200000000e+10
-9.719999956094222071e+00 8.372864000000000000e+09
-9.679999956274905060e+00 6.499155456000000000e+09
-9.639999956455586272e+00 5.047134720000000000e+09
-9.599999956636269260e+00 3.903686656000000000e+09
-9.559999956816952249e+00 3.098276864000000000e+09
-9.519999956997633461e+00 2.536980480000000000e+09
-9.479999957178316450e+00 2.096621184000000000e+09
-9.439999957358997662e+00 1.740663808000000000e+09
-9.399999957539680651e+00 1.488481408000000000e+09
-9.359999957720363639e+00 1.298861568000000000e+09
-9.319999957901044851e+00 1.155127552000000000e+09
-9.279999958081726064e+00 1.074357760000000000e+09
-9.239999958262409052e+00 1.103764352000000000e+09
-9.199999958443092041e+00 1.202921216000000000e+09
-9.159999958623775029e+00 1.334614144000000000e+09
-9.119999958804456242e+00 1.498436864000000000e+09
-9.079999958985137454e+00 1.649691264000000000e+09
-9.039999959165818666e+00 1.742452608000000000e+09
-8.999999959346501655e+00 1.776606464000000000e+09
-8.959999959527186419e+00 1.700496640000000000e+09
-8.919999959707867632e+00 1.435095168000000000e+09
-8.879999959888548844e+00 1.046372288000000000e+09
-8.839999960069230056e+00 6.266750720000000000e+08
-8.799999960249913045e+00 3.258332800000000000e+08
-8.759999960430597810e+00 2.137480800000000000e+08
-8.719999960611279022e+00 2.305751040000000000e+08
-8.679999960791960234e+00 3.094948160000000000e+08
-8.639999960972641446e+00 5.292790080000000000e+08
-8.599999961153324435e+00 8.237293440000000000e+08
-8.559999961334007423e+00 9.131758720000000000e+08
-8.519999961514690412e+00 5.108402240000000000e+08
-8.479999961695371624e+00 2.666853600000000000e+08
-8.439999961876052836e+00 1.469144448000000000e+09
-8.399999962056734049e+00 4.540900352000000000e+09
-8.359999962237418814e+00 8.781156352000000000e+09
-8.319999962418101802e+00 1.333474406400000000e+10
-8.279999962598783014e+00 1.655967334400000000e+10
-8.239999962779464227e+00 1.624517427200000000e+10
-8.199999962960145439e+00 1.377555148800000000e+10
-8.159999963140828427e+00 9.790397440000000000e+09
-8.119999963321513192e+00 7.261940736000000000e+09
-8.079999963502194404e+00 7.242236416000000000e+09
-8.039999963682875617e+00 8.276470272000000000e+09
-7.999999963863557717e+00 9.208898560000000000e+09
-7.959999964044240706e+00 1.016044032000000000e+10
-7.919999964224921918e+00 1.143728435200000000e+10
-7.879999964405605795e+00 1.292122521600000000e+10
-7.839999964586287007e+00 1.480308326400000000e+10
-7.799999964766968219e+00 1.566184857600000000e+10
-7.759999964947650319e+00 1.488967680000000000e+10
-7.719999965128333308e+00 1.312753971200000000e+10
-7.679999965309016297e+00 1.076169523200000000e+10
-7.639999965489698397e+00 8.622539776000000000e+09
-7.599999965670379609e+00 6.487159296000000000e+09
-7.559999965851061710e+00 5.386390016000000000e+09
-7.519999966031744698e+00 5.977667584000000000e+09
-7.479999966212426799e+00 4.869280256000000000e+09
-7.439999966393109787e+00 2.363098368000000000e+09
-7.399999966573790999e+00 4.034252032000000000e+09
-7.359999966754473100e+00 1.221328076800000000e+10
-7.319999966935154312e+00 2.350754201600000000e+10
-7.279999967115837300e+00 2.915101491200000000e+10
-7.239999967296521177e+00 2.737775820800000000e+10
-7.199999967477202389e+00 1.938839756800000000e+10
-7.159999967657884490e+00 1.211419340800000000e+10
-7.119999967838565702e+00 6.417534464000000000e+09
-7.079999968019248691e+00 3.487543040000000000e+09
-7.039999968199931679e+00 2.643960064000000000e+09
-6.999999968380612891e+00 2.563488256000000000e+09
-6.959999968561295880e+00 2.938212352000000000e+09
-6.919999968741977980e+00 3.180663040000000000e+09
-6.879999968922660081e+00 2.800278528000000000e+09
-6.839999969103342181e+00 1.958732032000000000e+09
-6.799999969284024282e+00 1.057031168000000000e+09
-6.759999969464706382e+00 5.112306880000000000e+08
-6.719999969645389370e+00 5.608578560000000000e+08
-6.679999969826070583e+00 1.293764608000000000e+09
-6.639999970006753571e+00 3.093831680000000000e+09
-6.599999970187435672e+00 6.438520320000000000e+09
-6.559999970368116884e+00 1.342758707200000000e+10
-6.519999970548799872e+00 2.969658368000000000e+10
-6.479999970729481973e+00 5.397939404800000000e+10
-6.439999970910164961e+00 7.590463078400000000e+10
-6.399999971090846174e+00 7.788181913600000000e+10
-6.359999971271528274e+00 6.054151782400000000e+10
-6.319999971452211263e+00 3.513403392000000000e+10
-6.279999971632893363e+00 1.521560985600000000e+10
-6.239999971813575463e+00 5.108157440000000000e+09
-6.199999971994257564e+00 3.507780864000000000e+09
-6.159999972174939664e+00 6.788396032000000000e+09
-6.119999972355622653e+00 9.975519232000000000e+09
-6.079999972536303865e+00 1.076991897600000000e+10
-6.039999972716985965e+00 8.580427776000000000e+09
-5.999999972897668954e+00 6.124167168000000000e+09
-5.959999973078351054e+00 4.361730560000000000e+09
-5.919999973259033155e+00 3.485071104000000000e+09
-5.879999973439715255e+00 3.763726336000000000e+09
-5.839999973620396467e+00 4.300128768000000000e+09
-5.799999973801080344e+00 4.372360192000000000e+09
-5.759999973981761556e+00 4.193554944000000000e+09
-5.719999974162444545e+00 5.356497920000000000e+09
-5.679999974343126645e+00 7.948790272000000000e+09
-5.639999974523807857e+00 8.825884672000000000e+09
-5.599999974704491734e+00 8.143409152000000000e+09
-5.559999974885172946e+00 7.726127104000000000e+09
-5.519999975065855047e+00 6.461144576000000000e+09
-5.479999975246538035e+00 4.980503552000000000e+09
-5.439999975427219248e+00 4.734999040000000000e+09
-5.399999975607903124e+00 3.501364224000000000e+09
-5.359999975788584337e+00 2.950765568000000000e+09
-5.319999975969265549e+00 1.080637184000000000e+09
-5.279999976149949426e+00 6.118789120000000000e+08
-5.239999976330630638e+00 2.736029184000000000e+09
-5.199999976511312738e+00 6.518143488000000000e+09
-5.159999976691995727e+00 1.418007756800000000e+10
-5.119999976872676939e+00 1.726962073600000000e+10
-5.079999977053359039e+00 1.219590348800000000e+10
-5.039999977234042028e+00 1.572692684800000000e+10
-4.999999977414724128e+00 2.140331417600000000e+10
-4.959999977595407117e+00 3.167813632000000000e+10
-4.919999977776088329e+00 4.820778188800000000e+10
-4.879999977956770429e+00 6.294183526400000000e+10
-4.839999978137453418e+00 5.381496422400000000e+10
-4.799999978318134630e+00 3.359240806400000000e+10
-4.759999978498816731e+00 2.047559270400000000e+10
-4.719999978679499719e+00 1.056825753600000000e+10
-4.679999978860181820e+00 6.022624256000000000e+09
-4.639999979040864808e+00 8.151289344000000000e+09
-4.599999979221546020e+00 1.106021068800000000e+10
-4.559999979402228121e+00 1.728660480000000000e+10
-4.519999979582911109e+00 2.338351718400000000e+10
-4.479999979763593210e+00 2.464012492800000000e+10
-4.439999979944274422e+00 2.129563238400000000e+10
-4.399999980124957411e+00 1.572289638400000000e+10
-4.359999980305639511e+00 8.562216960000000000e+09
-4.319999980486322499e+00 8.894101504000000000e+09
-4.279999980667003712e+00 1.610420121600000000e+10
-4.239999980847685812e+00 2.100790067200000000e+10
-4.199999981028368801e+00 2.194320998400000000e+10
-4.159999981209050901e+00 2.442079436800000000e+10
-4.119999981389732113e+00 3.169293107200000000e+10
-4.079999981570415102e+00 3.854691532800000000e+10
-4.039999981751097202e+00 3.613679616000000000e+10
-3.999999981931778859e+00 2.765224550400000000e+10
-3.959999982112461847e+00 2.237048217600000000e+10
-3.919999982293143503e+00 1.996107776000000000e+10
-3.879999982473826936e+00 1.231107174400000000e+10
-3.839999982654508148e+00 2.639735040000000000e+09
-3.799999982835189805e+00 9.798140160000000000e+08
-3.759999983015873237e+00 9.670474752000000000e+09
-3.719999983196554894e+00 2.094240768000000000e+10
-3.679999983377236550e+00 2.600039833600000000e+10
-3.639999983557919538e+00 2.591657779200000000e+10
-3.599999983738601195e+00 1.996805529600000000e+10
-3.559999983919284627e+00 1.235001344000000000e+10
-3.519999984099966284e+00 5.662736896000000000e+09
-3.479999984280647940e+00 4.724996096000000000e+09
-3.439999984461330929e+00 8.740713472000000000e+09
-3.399999984642012585e+00 1.763844915200000000e+10
-3.359999984822694241e+00 3.062770073600000000e+10
-3.319999985003377230e+00 4.618869555200000000e+10
-3.279999985184058886e+00 5.915002880000000000e+10
-3.239999985364742319e+00 5.324674252800000000e+10
-3.199999985545423975e+00 3.248324812800000000e+10
-3.159999985726105631e+00 1.305068748800000000e+10
-3.119999985906788620e+00 4.306058240000000000e+09
-3.079999986087470276e+00 5.208995328000000000e+09
-3.039999986268151932e+00 6.337101312000000000e+09
-2.999999986448835365e+00 3.290869248000000000e+09
-2.959999986629517021e+00 2.099326336000000000e+09
-2.919999986810200010e+00 1.153701683200000000e+10
-2.879999986990881666e+00 2.003810918400000000e+10
-2.839999987171563323e+00 1.327050854400000000e+10
-2.799999987352246311e+00 1.034834816000000000e+09
-2.759999987532927967e+00 3.129131264000000000e+09
-2.719999987713609624e+00 1.508855193600000000e+10
-2.679999987894293056e+00 2.519784652800000000e+10
-2.639999988074974713e+00 2.659278028800000000e+10
-2.599999988255656369e+00 2.549141913600000000e+10
-2.559999988436339358e+00 1.684764876800000000e+10
-2.519999988617021014e+00 8.614854656000000000e+09
-2.479999988797704447e+00 1.146204876800000000e+10
-2.439999988978386103e+00 1.798275481600000000e+10
-2.399999989159067315e+00 3.730308710400000000e+10
-2.359999989339750748e+00 7.512263884800000000e+10
-2.319999989520432404e+00 1.135336734720000000e+11
-2.279999989701114060e+00 1.340765388800000000e+11
-2.239999989881797049e+00 1.278415339520000000e+11
-2.199999990062478705e+00 8.835949363200000000e+10
-2.159999990243162138e+00 3.470985216000000000e+10
-2.119999990423843794e+00 2.561377024000000000e+09
-2.079999990604525451e+00 4.177937920000000000e+09
-2.039999990785208439e+00 1.344672460800000000e+10
-1.999999990965890095e+00 1.950346240000000000e+10
-1.959999991146571752e+00 2.466300108800000000e+10
-1.919999991327254962e+00 2.973720166400000000e+10
-1.879999991507936619e+00 3.257794150400000000e+10
-1.839999991688619829e+00 2.902306611200000000e+10
-1.799999991869301486e+00 2.051080601600000000e+10
-1.759999992049983142e+00 1.215807385600000000e+10
-1.719999992230666352e+00 6.681416192000000000e+09
-1.679999992411347787e+00 3.880910336000000000e+09
-1.639999992592029443e+00 1.819803136000000000e+09
-1.599999992772712654e+00 1.196460928000000000e+09
-1.559999992953394310e+00 3.423521280000000000e+09
-1.519999993134077521e+00 4.258476800000000000e+09
-1.479999993314759177e+00 4.305224800000000000e+07
-1.439999993495440833e+00 8.315742208000000000e+09
-1.399999993676124044e+00 3.180054937600000000e+10
-1.359999993856805700e+00 6.166501376000000000e+10
-1.319999994037487356e+00 6.934570598400000000e+10
-1.279999994218170567e+00 5.255456768000000000e+10
-1.239999994398852223e+00 4.816397516800000000e+10
-1.199999994579533658e+00 4.820253081600000000e+10
-1.159999994760216868e+00 2.570878566400000000e+10
-1.119999994940898524e+00 6.474952192000000000e+09
-1.079999995121581735e+00 1.313330892800000000e+10
-1.039999995302263391e+00 1.955697459200000000e+10
-9.999999954829450477e-01 3.038567833600000000e+10
-9.599999956636282583e-01 7.891836108800000000e+10
-9.199999958443099146e-01 1.123475701760000000e+11
-8.799999960249915709e-01 7.813794201600000000e+10
-8.399999962056747815e-01 3.033151283200000000e+10
-7.999999963863563268e-01 2.073766297600000000e+10
-7.599999965670395374e-01 3.808020070400000000e+10
-7.199999967477211937e-01 3.489035468800000000e+10
-6.799999969284028500e-01 9.035054080000000000e+09
-6.399999971090860607e-01 2.456582144000000000e+09
-5.999999972897677170e-01 1.595831500800000000e+10
-5.599999974704492622e-01 3.343960678400000000e+10
-5.199999976511324729e-01 4.346405683200000000e+10
-4.799999978318141292e-01 3.690534502400000000e+10
-4.399999980124973398e-01 2.310484787200000000e+10
-3.999999981931789961e-01 1.419841331200000000e+10
-3.599999983738605969e-01 7.903009280000000000e+09
-3.199999985545438075e-01 7.812594688000000000e+09
-2.799999987352254638e-01 1.200304128000000000e+10
-2.399999989159070646e-01 1.870325760000000000e+10
-1.999999990965902752e-01 2.054813696000000000e+10
-1.599999992772719037e-01 1.626998988800000000e+10
-1.199999994579535323e-01 1.531508224000000000e+10
-7.999999963863674290e-02 2.514433024000000000e+10
-3.999999981931837145e-02 5.840392601600000000e+10
-1.577721810442023611e-15 1.201284300800000000e+11
3.999999981931678938e-02 1.487350661120000000e+11
7.999999963863516084e-02 1.303750164480000000e+11
1.199999994579519502e-01 9.559946854400000000e+10
1.599999992772703217e-01 5.044192460800000000e+10
1.999999990965886931e-01 1.354052608000000000e+10
2.399999989159054825e-01 1.228481280000000000e+09
2.799999987352238540e-01 4.301996032000000000e+09
3.199999985545406433e-01 8.583071744000000000e+09
3.599999983738590426e-01 1.184126361600000000e+10
3.999999981931773863e-01 1.610525286400000000e+10
4.399999980124941756e-01 1.924837990400000000e+10
4.799999978318125748e-01 2.313183436800000000e+10
5.199999976511309185e-01 2.114076467200000000e+10
5.599999974704477079e-01 1.712822476800000000e+10
5.999999972897660516e-01 1.463276339200000000e+10
6.399999971090828410e-01 1.322084454400000000e+10
6.799999969284012957e-01 7.431631872000000000e+09
7.199999967477196394e-01 5.353401344000000000e+09
7.599999965670364288e-01 1.800945868800000000e+10
7.999999963863547725e-01 3.370198835200000000e+10
8.399999962056731162e-01 6.013574348800000000e+10
8.799999960249899056e-01 8.989969612800000000e+10
9.199999958443083603e-01 8.681281945600000000e+10
9.599999956636251497e-01 7.170396160000000000e+10
9.999999954829434934e-01 7.243350016000000000e+10
1.039999995302261837e+00 7.977340928000000000e+10
1.079999995121578626e+00 5.774572339200000000e+10
1.119999994940896970e+00 2.968741273600000000e+10
1.159999994760215314e+00 1.572388147200000000e+10
1.199999994579532103e+00 1.097158963200000000e+10
1.239999994398850447e+00 1.003117158400000000e+10
1.279999994218169013e+00 1.187242598400000000e+10
1.319999994037487356e+00 1.755009843200000000e+10
1.359999993856802591e+00 1.784659148800000000e+10
1.399999993676120935e+00 7.271874048000000000e+09
1.439999993495439279e+00 2.752736320000000000e+08
1.479999993314757623e+00 2.634038528000000000e+09
1.519999993134075966e+00 8.615947264000000000e+09
1.559999992953391201e+00 8.457946112000000000e+09
1.599999992772709545e+00 9.259386880000000000e+09
1.639999992592027889e+00 1.174125568000000000e+10
1.679999992411346232e+00 1.763483852800000000e+10
1.719999992230664798e+00 1.901571686400000000e+10
1.759999992049983142e+00 2.134462873600000000e+10
1.799999991869298377e+00 2.529566515200000000e+10
1.839999991688616721e+00 2.709414092800000000e+10
1.879999991507935064e+00 9.944511488000000000e+09
1.919999991327253408e+00 4.572271616000000000e+09
1.959999991146571752e+00 2.869209497600000000e+10
1.999999990965886987e+00 6.560952729600000000e+10
2.039999990785205330e+00 8.086299443200000000e+10
2.079999990604523674e+00 7.295865651200000000e+10
2.119999990423842018e+00 6.311652556800000000e+10
2.159999990243160362e+00 5.476621516800000000e+10
2.199999990062475597e+00 5.885200793600000000e+10
2.239999989881793940e+00 4.911070412800000000e+10
2.279999989701112284e+00 2.755395788800000000e+10
2.319999989520430628e+00 1.357252096000000000e+10
2.359999989339748971e+00 9.256550400000000000e+09
2.399999989159067315e+00 1.111992934400000000e+10
2.439999988978382550e+00 7.782077952000000000e+09
2.479999988797700894e+00 3.524867584000000000e+09
2.519999988617019682e+00 7.399491584000000000e+09
2.559999988436338025e+00 1.337117798400000000e+10
2.599999988255656369e+00 1.371380121600000000e+10
2.639999988074971604e+00 6.310491648000000000e+09
2.679999987894289948e+00 7.715313280000000000e+08
2.719999987713608292e+00 1.995062681600000000e+10
2.759999987532926635e+00 5.224131379200000000e+10
2.799999987352244979e+00 7.987408076800000000e+10
2.839999987171563323e+00 7.386977894400000000e+10
2.879999986990878558e+00 5.854286233600000000e+10
2.919999986810196901e+00 4.634716979200000000e+10
2.959999986629515245e+00 3.736070144000000000e+10
2.999999986448833589e+00 1.275114905600000000e+10
3.039999986268151932e+00 7.572524800000000000e+08
3.079999986087467168e+00 1.645248614400000000e+10
3.119999985906785511e+00 4.764021964800000000e+10
3.159999985726103855e+00 5.951261491200000000e+10
3.199999985545422199e+00 3.974195200000000000e+10
3.239999985364740542e+00 2.481202585600000000e+10
3.279999985184055777e+00 2.687157043200000000e+10
3.319999985003374121e+00 4.679457587200000000e+10
3.359999984822692465e+00 9.091443097600000000e+10
3.399999984642010808e+00 1.101969899520000000e+11
3.439999984461329596e+00 8.245248000000000000e+10
3.479999984280647940e+00 5.157463654400000000e+10
3.519999984099963175e+00 3.237171404800000000e+10
3.559999983919281519e+00 2.286988492800000000e+10
3.599999983738599862e+00 1.214401228800000000e+10
3.639999983557918206e+00 4.585227264000000000e+09
3.679999983377236550e+00 2.415397376000000000e+09
3.719999983196551785e+00 2.733459456000000000e+09
3.759999983015870129e+00 3.414511360000000000e+09
3.799999982835188472e+00 5.510631424000000000e+09
3.839999982654506816e+00 6.533005824000000000e+09
3.879999982473825160e+00 9.004731392000000000e+09
3.919999982293143503e+00 7.830675456000000000e+09
3.959999982112458738e+00 6.088560128000000000e+09
3.999999981931777082e+00 9.669260288000000000e+09
4.039999981751095426e+00 1.715863040000000000e+10
4.079999981570414214e+00 2.903476224000000000e+10
4.119999981389732113e+00 4.376109056000000000e+10
4.159999981209047348e+00 5.794946662400000000e+10
4.199999981028366136e+00 6.189531136000000000e+10
4.239999980847684036e+00 5.965880524800000000e+10
4.279999980667002824e+00 6.131811532800000000e+10
4.319999980486320723e+00 6.095396044800000000e+10
4.359999980305635958e+00 4.517958041600000000e+10
4.399999980124954746e+00 1.674079948800000000e+10
4.439999979944272646e+00 4.627021824000000000e+09
4.479999979763591433e+00 1.305369497600000000e+10
4.519999979582909333e+00 1.887249612800000000e+10
4.559999979402228121e+00 1.292959539200000000e+10
4.599999979221543356e+00 5.843545600000000000e+09
4.639999979040861255e+00 5.266298368000000000e+09
4.679999978860180043e+00 1.107590963200000000e+10
4.719999978679497943e+00 1.693999411200000000e+10
4.759999978498816731e+00 6.528756736000000000e+09
4.799999978318131966e+00 2.822115072000000000e+09
4.839999978137449865e+00 4.729049907200000000e+10
4.879999977956768653e+00 1.221178900480000000e+11
4.919999977776087441e+00 1.484346654720000000e+11
4.959999977595405340e+00 1.028347740160000000e+11
4.999999977414724128e+00 4.591370240000000000e+10
5.039999977234039363e+00 1.566182912000000000e+10
5.079999977053357263e+00 6.745068032000000000e+09
5.119999976872676051e+00 4.424218624000000000e+09
5.159999976691993950e+00 6.109408768000000000e+09
5.199999976511312738e+00 5.844428800000000000e+09
5.239999976330627973e+00 2.484318208000000000e+09
5.279999976149945873e+00 2.463949568000000000e+09
5.319999975969264661e+00 1.547241676800000000e+10
5.359999975788582560e+00 4.021634662400000000e+10
5.399999975607901348e+00 5.709640499200000000e+10
5.439999975427216583e+00 6.012815360000000000e+10
5.479999975246534483e+00 4.613043814400000000e+10
5.519999975065853270e+00 2.380923494400000000e+10
5.559999974885171170e+00 8.343000064000000000e+09
5.599999974704489958e+00 2.872617728000000000e+09
5.639999974523807857e+00 1.163556096000000000e+09
5.679999974343123093e+00 1.348208768000000000e+09
5.719999974162441880e+00 5.252307968000000000e+09
5.759999973981759780e+00 1.142915072000000000e+10
5.799999973801078568e+00 1.130563891200000000e+10
5.839999973620396467e+00 3.397661184000000000e+09
5.879999973439711702e+00 2.288812288000000000e+09
5.919999973259030490e+00 1.249142476800000000e+10
5.959999973078349278e+00 2.757170995200000000e+10
5.999999972897667178e+00 5.252578099200000000e+10
6.039999972716985965e+00 7.390266163200000000e+10
6.079999972536301200e+00 7.857513267200000000e+10
6.119999972355619100e+00 7.408649011200000000e+10
6.159999972174937888e+00 6.351479603200000000e+10
6.199999971994255787e+00 4.542399692800000000e+10
6.239999971813574575e+00 2.961300275200000000e+10
6.279999971632892475e+00 1.470344908800000000e+10
6.319999971452207710e+00 3.948380160000000000e+09
6.359999971271526498e+00 1.306531072000000000e+09
6.399999971090844397e+00 7.770801152000000000e+09
6.439999970910163185e+00 1.603870617600000000e+10
6.479999970729481085e+00 1.759609856000000000e+10
6.519999970548796320e+00 1.476696371200000000e+10
6.559999970368115108e+00 1.361966489600000000e+10
6.599999970187433007e+00 1.153095475200000000e+10
6.639999970006751795e+00 1.057760665600000000e+10
6.679999969826069695e+00 1.071296614400000000e+10
6.719999969645388482e+00 1.145065984000000000e+10
6.759999969464703717e+00 1.188505395200000000e+10
6.799999969284021617e+00 9.717696512000000000e+09
6.839999969103340405e+00 7.075154432000000000e+09
6.879999968922659193e+00 5.896199168000000000e+09
6.919999968741977092e+00 8.982239232000000000e+09
6.959999968561292327e+00 1.344393420800000000e+10
6.999999968380611115e+00 1.460450611200000000e+10
7.039999968199929015e+00 9.788681216000000000e+09
7.079999968019247802e+00 3.667643648000000000e+09
7.119999967838565702e+00 7.573498880000000000e+08
7.159999967657880937e+00 8.136096640000000000e+08
7.199999967477199725e+00 4.591531520000000000e+09
7.239999967296517625e+00 2.152011980800000000e+10
7.279999967115836412e+00 5.239023616000000000e+10
7.319999966935154312e+00 8.422792396800000000e+10
7.359999966754473100e+00 1.004407111680000000e+11
7.399999966573788335e+00 8.797470720000000000e+10
7.439999966393106234e+00 5.879067033600000000e+10
7.479999966212425022e+00 3.111620198400000000e+10
7.519999966031742922e+00 1.192908800000000000e+10
7.559999965851061710e+00 3.777160448000000000e+09
7.599999965670376945e+00 4.126897920000000000e+09
7.639999965489694844e+00 7.669911040000000000e+09
7.679999965309013632e+00 9.523760128000000000e+09
7.719999965128331532e+00 9.326012416000000000e+09
7.759999964947650319e+00 8.306146816000000000e+09
7.799999964766968219e+00 7.321940992000000000e+09
7.839999964586283454e+00 6.605378048000000000e+09
7.879999964405602242e+00 5.337069568000000000e+09
7.919999964224921030e+00 3.566813696000000000e+09
7.959999964044238929e+00 1.846814976000000000e+09
7.999999963863557717e+00 6.891518080000000000e+08
8.039999963682872064e+00 2.989718720000000000e+08
8.079999963502190852e+00 3.046168960000000000e+08
8.119999963321509640e+00 1.135430912000000000e+09
8.159999963140828427e+00 3.347841792000000000e+09
8.199999962960145439e+00 6.154688000000000000e+09
8.239999962779460674e+00 8.340064256000000000e+09
8.279999962598779462e+00 1.245792153600000000e+10
8.319999962418098249e+00 1.956775526400000000e+10
8.359999962237417037e+00 2.825942630400000000e+10
8.399999962056734049e+00 3.684254924800000000e+10
8.439999961876052836e+00 4.281810944000000000e+10
8.479999961695368071e+00 4.323426713600000000e+10
8.519999961514686859e+00 3.866418380800000000e+10
8.559999961334005647e+00 2.812837478400000000e+10
8.599999961153322658e+00 1.785499648000000000e+10
8.639999960972641446e+00 1.051234816000000000e+10
8.679999960791956681e+00 5.629225984000000000e+09
8.719999960611275469e+00 2.681085696000000000e+09
8.759999960430594257e+00 1.653040768000000000e+09
8.799999960249911268e+00 2.177105152000000000e+09
8.839999960069230056e+00 3.962011648000000000e+09
8.879999959888548844e+00 6.847108096000000000e+09
8.919999959707864079e+00 1.103396556800000000e+10
8.959999959527182867e+00 1.680810291200000000e+10
8.999999959346501655e+00 2.343521484800000000e+10
9.039999959165818666e+00 2.717593804800000000e+10
9.079999958985137454e+00 2.538170163200000000e+10
9.119999958804452689e+00 2.002198528000000000e+10
9.159999958623771477e+00 1.394783027200000000e+10
9.199999958443090264e+00 8.974427136000000000e+09
9.239999958262407276e+00 5.343482368000000000e+09
9.279999958081726064e+00 3.054611968000000000e+09
9.319999957901041299e+00 1.980934528000000000e+09
9.359999957720360086e+00 2.355364608000000000e+09
9.399999957539678874e+00 3.890806528000000000e+09
9.439999957358995886e+00 5.874877440000000000e+09
9.479999957178314673e+00 8.047549952000000000e+09
9.519999956997633461e+00 1.021016371200000000e+10
9.559999956816948696e+00 1.211593113600000000e+10
9.599999956636267484e+00 1.310043955200000000e+10
9.639999956455584496e+00 1.205167820800000000e+10
9.679999956274903283e+00 9.821425664000000000e+09
9.719999956094222071e+00 7.541870080000000000e+09
9.759999955913537306e+00 5.493490176000000000e+09
9.799999955732856094e+00 3.911755008000000000e+09
9.839999955552174882e+00 2.799144704000000000e+09
9.879999955371491893e+00 1.957124224000000000e+09
9.919999955190810681e+00 1.963037184000000000e+09
9.959999955010125916e+00 3.936061440000000000e+09
9.999999954829444704e+00 8.165083136000000000e+09
1.003999995464876349e+01 1.400033075200000000e+10
1.007999995446808050e+01 2.028508364800000000e+10
1.011999995428739929e+01 2.534404915200000000e+10
1.015999995410671808e+01 2.612000972800000000e+10
1.019999995392603331e+01 2.194663219200000000e+10
1.023999995374535210e+01 1.530829209600000000e+10
1.027999995356466911e+01 9.397041152000000000e+09
1.031999995338398790e+01 5.220327424000000000e+09
1.035999995320330669e+01 2.624660480000000000e+09
1.039999995302262192e+01 1.172269952000000000e+09
1.043999995284194071e+01 6.682999680000000000e+08
1.047999995266125772e+01 1.221941760000000000e+09
1.051999995248057651e+01 2.813981696000000000e+09
1.055999995229989530e+01 5.180927488000000000e+09
1.059999995211921409e+01 7.708781568000000000e+09
1.063999995193852932e+01 9.606843392000000000e+09
1.067999995175784633e+01 1.036400947200000000e+10
1.071999995157716512e+01 9.875257344000000000e+09
1.075999995139648391e+01 8.314882560000000000e+09
1.079999995121580270e+01 6.366284288000000000e+09
1.083999995103511793e+01 4.585775104000000000e+09
1.087999995085443672e+01 3.174676224000000000e+09
1.091999995067375373e+01 2.165760768000000000e+09
1.095999995049307252e+01 1.566210048000000000e+09
1.099999995031239131e+01 1.269025920000000000e+09
1.103999995013170654e+01 1.299152512000000000e+09
1.107999994995102533e+01 1.693549824000000000e+09
1.111999994977034234e+01 2.452582656000000000e+09
1.115999994958966113e+01 3.574986496000000000e+09
1.119999994940897992e+01 5.000065536000000000e+09
1.123999994922829870e+01 6.451901952000000000e+09
1.127999994904761394e+01 7.665928704000000000e+09
1.131999994886693095e+01 8.358145536000000000e+09
1.135999994868624974e+01 8.534851584000000000e+09
1.139999994850556853e+01 8.330259968000000000e+09
1.143999994832488731e+01 8.062016000000000000e+09
1.147999994814420255e+01 7.966077440000000000e+09
1.151999994796351956e+01 8.152780800000000000e+09
1.155999994778283835e+01 8.413992960000000000e+09
1.159999994760215714e+01 8.294253568000000000e+09
1.163999994742147592e+01 7.477723136000000000e+09
1.167999994724079293e+01 6.218958336000000000e+09
1.171999994706010817e+01 4.936039936000000000e+09
1.175999994687942696e+01 3.832683008000000000e+09
1.179999994669874575e+01 3.049845504000000000e+09
1.183999994651806453e+01 2.574014208000000000e+09
1.187999994633738332e+01 2.357732608000000000e+09
1.191999994615669856e+01 2.365648384000000000e+09
1.195999994597601557e+01 2.558561792000000000e+09
1.199999994579533436e+01 2.879952896000000000e+09
1.203999994561465314e+01 3.270200576000000000e+09
1.207999994543397193e+01 3.703119872000000000e+09
1.211999994525328717e+01 4.080641280000000000e+09
1.215999994507260418e+01 4.370242048000000000e+09
1.219999994489192296e+01 4.481561600000000000e+09
1.223999994471124175e+01 4.384645632000000000e+09
1.227999994453056054e+01 4.137564672000000000e+09
1.231999994434987755e+01 3.780049920000000000e+09
1.235999994416919279e+01 3.347262208000000000e+09
1.239999994398851157e+01 2.961787136000000000e+09
1.243999994380783036e+01 2.605803776000000000e+09
1.247999994362714915e+01 2.321169408000000000e+09
1.251999994344646616e+01 2.113948544000000000e+09
1.255999994326578140e+01 1.960926464000000000e+09
1.259999994308510018e+01 1.863491840000000000e+09
1.263999994290441897e+01 1.803796608000000000e+09
1.267999994272373776e+01 1.744565248000000000e+09
1.271999994254305477e+01 1.676920320000000000e+09
1.275999994236237356e+01 1.626577024000000000e+09
