# x = Time (fs); y = Power (W)
-1.083999995103512148e+01 2.537580288000000000e+09
-1.079999995121580270e+01 2.874399488000000000e+09
-1.075999995139648568e+01 3.253787904000000000e+09
-1.071999995157716690e+01 3.621683712000000000e+09
-1.067999995175784989e+01 3.979103488000000000e+09
-1.063999995193853110e+01 4.367127040000000000e+09
-1.059999995211921409e+01 4.765516288000000000e+09
-1.055999995229989707e+01 5.161054720000000000e+09
-1.051999995248057829e+01 5.486414848000000000e+09
-1.047999995266126128e+01 5.553155584000000000e+09
-1.043999995284194249e+01 5.253958656000000000e+09
-1.039999995302262548e+01 4.528820736000000000e+09
-1.035999995320330669e+01 3.584655360000000000e+09
-1.031999995338398968e+01 2.645848320000000000e+09
-1.027999995356467089e+01 1.842504576000000000e+09
-1.023999995374535388e+01 1.220929152000000000e+09
-1.019999995392603687e+01 7.559443200000000000e+08
-1.015999995410671808e+01 4.351892480000000000e+08
-1.011999995428740107e+01 2.284668960000000000e+08
-1.007999995446808228e+01 1.079453360000000000e+08
-1.003999995464876527e+01 5.831343200000000000e+07
-9.999999954829448257e+00 5.777921200000000000e+07
-9.959999955010129469e+00 8.422108000000000000e+07
-9.919999955190810681e+00 1.127276160000000000e+08
-9.879999955371493670e+00 1.383725440000000000e+08
-9.839999955552174882e+00 1.935010720000000000e+08
-9.799999955732859647e+00 3.926628800000000000e+08
-9.759999955913540859e+00 9.331576960000000000e+08
-9.719999956094222071e+00 1.998270080000000000e+09
-9.679999956274905060e+00 3.769717760000000000e+09
-9.639999956455586272e+00 6.022579712000000000e+09
-9.599999956636269260e+00 8.109508608000000000e+09
-9.559999956816952249e+00 9.289388032000000000e+09
-9.519999956997633461e+00 8.927959040000000000e+09
-9.479999957178316450e+00 7.387541504000000000e+09
-9.439999957358997662e+00 5.400625664000000000e+09
-9.399999957539680651e+00 3.629899520000000000e+09
-9.359999957720363639e+00 2.299443456000000000e+09
-9.319999957901044851e+00 1.386295296000000000e+09
-9.279999958081726064e+00 8.419968000000000000e+08
-9.239999958262409052e+00 6.278889600000000000e+08
-9.199999958443092041e+00 7.239063680000000000e+08
-9.159999958623775029e+00 1.150206720000000000e+09
-9.119999958804456242e+00 1.951488000000000000e+09
-9.079999958985137454e+00 2.982570752000000000e+09
-9.039999959165818666e+00 3.725336064000000000e+09
-8.999999959346501655e+00 3.724787456000000000e+09
-8.959999959527186419e+00 3.089861120000000000e+09
-8.919999959707867632e+00 2.191849728000000000e+09
-8.879999959888548844e+00 1.357822720000000000e+09
-8.839999960069230056e+00 7.883279360000000000e+08
-8.799999960249913045e+00 4.380212160000000000e+08
-8.759999960430597810e+00 4.033920320000000000e+08
-8.719999960611279022e+00 5.320323840000000000e+08
-8.679999960791960234e+00 5.950869760000000000e+08
-8.639999960972641446e+00 9.059647360000000000e+08
-8.599999961153324435e+00 2.884123392000000000e+09
-8.559999961334007423e+00 8.007100416000000000e+09
-8.519999961514690412e+00 1.689648025600000000e+10
-8.479999961695371624e+00 2.703987916800000000e+10
-8.439999961876052836e+00 3.332209254400000000e+10
-8.399999962056734049e+00 3.115459788800000000e+10
-8.359999962237418814e+00 2.148155801600000000e+10
-8.319999962418101802e+00 1.235358822400000000e+10
-8.279999962598783014e+00 6.167516672000000000e+09
-8.239999962779464227e+00 2.690384384000000000e+09
-8.199999962960145439e+00 1.267926784000000000e+09
-8.159999963140828427e+00 9.109522560000000000e+08
-8.119999963321513192e+00 1.152985856000000000e+09
-8.079999963502194404e+00 1.717417344000000000e+09
-8.039999963682875617e+00 2.016052736000000000e+09
-7.999999963863557717e+00 1.792877952000000000e+09
-7.959999964044240706e+00 1.262580736000000000e+09
-7.919999964224921918e+00 5.925553280000000000e+08
-7.879999964405605795e+00 1.340993440000000000e+08
-7.839999964586287007e+00 4.238502800000000000e+07
-7.799999964766968219e+00 8.860334080000000000e+08
-7.759999964947650319e+00 5.335524352000000000e+09
-7.719999965128333308e+00 1.522474598400000000e+10
-7.679999965309016297e+00 2.684555468800000000e+10
-7.639999965489698397e+00 3.355032780800000000e+10
-7.599999965670379609e+00 3.535138816000000000e+10
-7.559999965851061710e+00 3.421209190400000000e+10
-7.519999966031744698e+00 2.969123840000000000e+10
-7.479999966212426799e+00 2.250368819200000000e+10
-7.439999966393109787e+00 1.403562086400000000e+10
-7.399999966573790999e+00 7.302050816000000000e+09
-7.359999966754473100e+00 3.459694080000000000e+09
-7.319999966935154312e+00 1.794849408000000000e+09
-7.279999967115837300e+00 1.361099008000000000e+09
-7.239999967296521177e+00 1.181458944000000000e+09
-7.199999967477202389e+00 8.818055040000000000e+08
-7.159999967657884490e+00 6.003860480000000000e+08
-7.119999967838565702e+00 5.087184320000000000e+08
-7.079999968019248691e+00 7.187221760000000000e+08
-7.039999968199931679e+00 1.104070784000000000e+09
-6.999999968380612891e+00 1.381699584000000000e+09
-6.959999968561295880e+00 6.400376320000000000e+08
-6.919999968741977980e+00 2.988505280000000000e+08
-6.879999968922660081e+00 1.411039232000000000e+09
-6.839999969103342181e+00 1.828539904000000000e+09
-6.799999969284024282e+00 1.559049856000000000e+09
-6.759999969464706382e+00 2.944257024000000000e+09
-6.719999969645389370e+00 4.329708032000000000e+09
-6.679999969826070583e+00 6.115591680000000000e+09
-6.639999970006753571e+00 1.741119283200000000e+10
-6.599999970187435672e+00 4.218958233600000000e+10
-6.559999970368116884e+00 6.396308684800000000e+10
-6.519999970548799872e+00 6.542422835200000000e+10
-6.479999970729481973e+00 4.935186432000000000e+10
-6.439999970910164961e+00 3.026740019200000000e+10
-6.399999971090846174e+00 1.505928704000000000e+10
-6.359999971271528274e+00 6.985565696000000000e+09
-6.319999971452211263e+00 2.871395584000000000e+09
-6.279999971632893363e+00 6.727294080000000000e+08
-6.239999971813575463e+00 4.908552800000000000e+07
-6.199999971994257564e+00 1.100796544000000000e+09
-6.159999972174939664e+00 3.433927424000000000e+09
-6.119999972355622653e+00 5.513463808000000000e+09
-6.079999972536303865e+00 5.420378624000000000e+09
-6.039999972716985965e+00 5.633396224000000000e+09
-5.999999972897668954e+00 6.313479680000000000e+09
-5.959999973078351054e+00 7.851740672000000000e+09
-5.919999973259033155e+00 1.196612403200000000e+10
-5.879999973439715255e+00 1.606450585600000000e+10
-5.839999973620396467e+00 1.851415347200000000e+10
-5.799999973801080344e+00 1.750930636800000000e+10
-5.759999973981761556e+00 1.344946176000000000e+10
-5.719999974162444545e+00 7.428557824000000000e+09
-5.679999974343126645e+00 2.702419712000000000e+09
-5.639999974523807857e+00 1.277265280000000000e+09
-5.599999974704491734e+00 2.249903104000000000e+09
-5.559999974885172946e+00 2.137774720000000000e+09
-5.519999975065855047e+00 4.300095680000000000e+08
-5.479999975246538035e+00 1.006219008000000000e+09
-5.439999975427219248e+00 5.731077632000000000e+09
-5.399999975607903124e+00 1.195228672000000000e+10
-5.359999975788584337e+00 1.946737459200000000e+10
-5.319999975969265549e+00 2.278334873600000000e+10
-5.279999976149949426e+00 2.405939200000000000e+10
-5.239999976330630638e+00 2.185411584000000000e+10
-5.199999976511312738e+00 1.519260262400000000e+10
-5.159999976691995727e+00 6.382764032000000000e+09
-5.119999976872676939e+00 4.930110464000000000e+09
-5.079999977053359039e+00 1.409662976000000000e+10
-5.039999977234042028e+00 2.649988096000000000e+10
-4.999999977414724128e+00 2.916092108800000000e+10
-4.959999977595407117e+00 3.143289036800000000e+10
-4.919999977776088329e+00 3.733552742400000000e+10
-4.879999977956770429e+00 4.150217523200000000e+10
-4.839999978137453418e+00 4.139250073600000000e+10
-4.799999978318134630e+00 3.592045363200000000e+10
-4.759999978498816731e+00 2.701407641600000000e+10
-4.719999978679499719e+00 1.776804044800000000e+10
-4.679999978860181820e+00 1.340902297600000000e+10
-4.639999979040864808e+00 1.199079014400000000e+10
-4.599999979221546020e+00 1.183107788800000000e+10
-4.559999979402228121e+00 9.693489152000000000e+09
-4.519999979582911109e+00 8.304362496000000000e+09
-4.479999979763593210e+00 6.880660480000000000e+09
-4.439999979944274422e+00 6.774590976000000000e+09
-4.399999980124957411e+00 4.432553472000000000e+09
-4.359999980305639511e+00 1.672230912000000000e+09
-4.319999980486322499e+00 2.274920320000000000e+08
-4.279999980667003712e+00 1.695204640000000000e+08
-4.239999980847685812e+00 2.107469120000000000e+08
-4.199999981028368801e+00 1.272153680000000000e+08
-4.159999981209050901e+00 5.483173760000000000e+08
-4.119999981389732113e+00 1.171599232000000000e+09
-4.079999981570415102e+00 6.380566528000000000e+09
-4.039999981751097202e+00 1.420758937600000000e+10
-3.999999981931778859e+00 1.069140480000000000e+10
-3.959999982112461847e+00 4.024599552000000000e+09
-3.919999982293143503e+00 1.960088576000000000e+10
-3.879999982473826936e+00 3.581314252800000000e+10
-3.839999982654508148e+00 2.675345612800000000e+10
-3.799999982835189805e+00 1.455828889600000000e+10
-3.759999983015873237e+00 7.904648192000000000e+09
-3.719999983196554894e+00 7.016851456000000000e+09
-3.679999983377236550e+00 2.165224243200000000e+10
-3.639999983557919538e+00 5.451066982400000000e+10
-3.599999983738601195e+00 7.729892556800000000e+10
-3.559999983919284627e+00 7.407954329600000000e+10
-3.519999984099966284e+00 4.788457062400000000e+10
-3.479999984280647940e+00 2.436397875200000000e+10
-3.439999984461330929e+00 1.350376345600000000e+10
-3.399999984642012585e+00 8.646955008000000000e+09
-3.359999984822694241e+00 6.749294592000000000e+09
-3.319999985003377230e+00 3.451146496000000000e+09
-3.279999985184058886e+00 3.597291008000000000e+09
-3.239999985364742319e+00 9.678410752000000000e+09
-3.199999985545423975e+00 1.743732326400000000e+10
-3.159999985726105631e+00 1.945844121600000000e+10
-3.119999985906788620e+00 1.303878860800000000e+10
-3.079999986087470276e+00 1.450408550400000000e+10
-3.039999986268151932e+00 3.443787366400000000e+10
-2.999999986448835365e+00 6.223009792000000000e+10
-2.959999986629517021e+00 7.860599193600000000e+10
-2.919999986810200010e+00 8.044018073600000000e+10
-2.879999986990881666e+00 6.535796326400000000e+10
-2.839999987171563323e+00 4.076843008000000000e+10
-2.799999987352246311e+00 1.328647987200000000e+10
-2.759999987532927967e+00 9.479671680000000000e+08
-2.719999987713609624e+00 4.631367168000000000e+09
-2.679999987894293056e+00 1.441774694400000000e+10
-2.639999988074974713e+00 2.333000908800000000e+10
-2.599999988255656369e+00 3.036849766400000000e+10
-2.559999988436339358e+00 3.471515648000000000e+10
-2.519999988617021014e+00 3.301061836800000000e+10
-2.479999988797704447e+00 2.304369254400000000e+10
-2.439999988978386103e+00 8.026371584000000000e+09
-2.399999989159067315e+00 8.499703296000000000e+09
-2.359999989339750748e+00 2.246440550400000000e+10
-2.319999989520432404e+00 3.769592217600000000e+10
-2.279999989701114060e+00 4.478049894400000000e+10
-2.239999989881797049e+00 3.975303987200000000e+10
-2.199999990062478705e+00 2.579400089600000000e+10
-2.159999990243162138e+00 2.684506521600000000e+10
-2.119999990423843794e+00 4.631672012800000000e+10
-2.079999990604525451e+00 5.820166553600000000e+10
-2.039999990785208439e+00 5.216895795200000000e+10
-1.999999990965890095e+00 3.887587328000000000e+10
-1.959999991146571752e+00 2.934504038400000000e+10
-1.919999991327254962e+00 2.028074393600000000e+10
-1.879999991507936619e+00 1.182453043200000000e+10
-1.839999991688619829e+00 8.281628160000000000e+09
-1.799999991869301486e+00 4.809911296000000000e+09
-1.759999992049983142e+00 6.763006976000000000e+09
-1.719999992230666352e+00 1.517217382400000000e+10
-1.679999992411347787e+00 2.659356057600000000e+10
-1.639999992592029443e+00 3.171168665600000000e+10
-1.599999992772712654e+00 1.976329830400000000e+10
-1.559999992953394310e+00 1.421856972800000000e+10
-1.519999993134077521e+00 1.378913894400000000e+10
-1.479999993314759177e+00 1.132538368000000000e+10
-1.439999993495440833e+00 2.065669376000000000e+09
-1.399999993676124044e+00 9.552355328000000000e+09
-1.359999993856805700e+00 2.254203699200000000e+10
-1.319999994037487356e+00 1.159043174400000000e+10
-1.279999994218170567e+00 5.569403392000000000e+09
-1.239999994398852223e+00 1.616637542400000000e+10
-1.199999994579533658e+00 3.730007244800000000e+10
-1.159999994760216868e+00 6.518745497600000000e+10
-1.119999994940898524e+00 6.774557900800000000e+10
-1.079999995121581735e+00 3.863393075200000000e+10
-1.039999995302263391e+00 2.067782451200000000e+10
-9.999999954829450477e-01 9.969916928000000000e+09
-9.599999956636282583e-01 3.396976896000000000e+09
-9.199999958443099146e-01 1.094063488000000000e+09
-8.799999960249915709e-01 8.041874432000000000e+09
-8.399999962056747815e-01 3.061470208000000000e+10
-7.999999963863563268e-01 4.521476505600000000e+10
-7.599999965670395374e-01 3.742850662400000000e+10
-7.199999967477211937e-01 1.276851712000000000e+10
-6.799999969284028500e-01 3.004639232000000000e+09
-6.399999971090860607e-01 3.793460480000000000e+09
-5.999999972897677170e-01 1.478597324800000000e+10
-5.599999974704492622e-01 1.739958476800000000e+10
-5.199999976511324729e-01 8.096201216000000000e+09
-4.799999978318141292e-01 1.165475942400000000e+10
-4.399999980124973398e-01 5.555481804800000000e+10
-3.999999981931789961e-01 1.069980139520000000e+11
-3.599999983738605969e-01 8.610409676800000000e+10
-3.199999985545438075e-01 1.918506598400000000e+10
-2.799999987352254638e-01 6.188526080000000000e+09
-2.399999989159070646e-01 4.792355225600000000e+10
-1.999999990965902752e-01 7.821094912000000000e+10
-1.599999992772719037e-01 8.736077414400000000e+10
-1.199999994579535323e-01 7.634801459200000000e+10
-7.999999963863674290e-02 5.582529331200000000e+10
-3.999999981931837145e-02 3.439780249600000000e+10
-1.577721810442023611e-15 1.927307673600000000e+10
3.999999981931678938e-02 1.318556262400000000e+10
7.999999963863516084e-02 1.434831667200000000e+10
1.199999994579519502e-01 2.710257049600000000e+10
1.599999992772703217e-01 5.314875392000000000e+10
1.999999990965886931e-01 6.734023475200000000e+10
2.399999989159054825e-01 5.918098636800000000e+10
2.799999987352238540e-01 3.131246592000000000e+10
3.199999985545406433e-01 1.093674393600000000e+10
3.599999983738590426e-01 4.094186240000000000e+09
3.999999981931773863e-01 9.577834496000000000e+09
4.399999980124941756e-01 2.580744396800000000e+10
4.799999978318125748e-01 4.770965913600000000e+10
5.199999976511309185e-01 5.733429657600000000e+10
5.599999974704477079e-01 4.873687449600000000e+10
5.999999972897660516e-01 2.320783974400000000e+10
6.399999971090828410e-01 1.221835776000000000e+10
6.799999969284012957e-01 3.332566016000000000e+10
7.199999967477196394e-01 5.425225728000000000e+10
7.599999965670364288e-01 5.108029440000000000e+10
7.999999963863547725e-01 3.726633369600000000e+10
8.399999962056731162e-01 2.507737497600000000e+10
8.799999960249899056e-01 1.897429811200000000e+10
9.199999958443083603e-01 2.093396992000000000e+10
9.599999956636251497e-01 2.794515046400000000e+10
9.999999954829434934e-01 2.976485376000000000e+10
1.039999995302261837e+00 2.915107430400000000e+10
1.079999995121578626e+00 3.019698176000000000e+10
1.119999994940896970e+00 2.578215526400000000e+10
1.159999994760215314e+00 1.148066918400000000e+10
1.199999994579532103e+00 2.378585907200000000e+10
1.239999994398850447e+00 7.134126080000000000e+10
1.279999994218169013e+00 9.591749836800000000e+10
1.319999994037487356e+00 8.033991065600000000e+10
1.359999993856802591e+00 4.699813478400000000e+10
1.399999993676120935e+00 1.527299276800000000e+10
1.439999993495439279e+00 4.422125056000000000e+09
1.479999993314757623e+00 1.348705894400000000e+10
1.519999993134075966e+00 2.350512742400000000e+10
1.559999992953391201e+00 1.670910361600000000e+10
1.599999992772709545e+00 2.223890688000000000e+09
1.639999992592027889e+00 4.619956224000000000e+09
1.679999992411346232e+00 1.488402022400000000e+10
1.719999992230664798e+00 1.659336601600000000e+10
1.759999992049983142e+00 1.878352691200000000e+10
1.799999991869298377e+00 2.976007782400000000e+10
1.839999991688616721e+00 4.176909516800000000e+10
1.879999991507935064e+00 4.925026304000000000e+10
1.919999991327253408e+00 5.403956838400000000e+10
1.959999991146571752e+00 5.159555072000000000e+10
1.999999990965886987e+00 4.361734553600000000e+10
2.039999990785205330e+00 2.602106470400000000e+10
2.079999990604523674e+00 7.294876672000000000e+09
2.119999990423842018e+00 2.900293120000000000e+09
2.159999990243160362e+00 1.713435648000000000e+10
2.199999990062475597e+00 4.227547955200000000e+10
2.239999989881793940e+00 5.743409971200000000e+10
2.279999989701112284e+00 4.919774003200000000e+10
2.319999989520430628e+00 2.817546854400000000e+10
2.359999989339748971e+00 1.135498752000000000e+10
2.399999989159067315e+00 2.989337344000000000e+09
2.439999988978382550e+00 1.367951104000000000e+09
2.479999988797700894e+00 2.201674496000000000e+09
2.519999988617019682e+00 6.879848960000000000e+08
2.559999988436338025e+00 1.825369856000000000e+09
2.599999988255656369e+00 6.779511296000000000e+09
2.639999988074971604e+00 1.997489766400000000e+10
2.679999987894289948e+00 4.480890060800000000e+10
2.719999987713608292e+00 7.810020147200000000e+10
2.759999987532926635e+00 8.020706918400000000e+10
2.799999987352244979e+00 2.495083315200000000e+10
2.839999987171563323e+00 7.657465856000000000e+09
2.879999986990878558e+00 6.130557747200000000e+10
2.919999986810196901e+00 1.005707755520000000e+11
2.959999986629515245e+00 7.256119705600000000e+10
2.999999986448833589e+00 1.126677299200000000e+11
3.039999986268151932e+00 2.128450355200000000e+11
3.079999986087467168e+00 2.275719413760000000e+11
3.119999985906785511e+00 1.571356835840000000e+11
3.159999985726103855e+00 6.601119334400000000e+10
3.199999985545422199e+00 1.279490252800000000e+10
3.239999985364740542e+00 6.424696832000000000e+09
3.279999985184055777e+00 1.292083916800000000e+10
3.319999985003374121e+00 1.132644249600000000e+10
3.359999984822692465e+00 5.373858816000000000e+09
3.399999984642010808e+00 1.754663168000000000e+09
3.439999984461329596e+00 6.894631040000000000e+08
3.479999984280647940e+00 2.119656640000000000e+08
3.519999984099963175e+00 7.874433920000000000e+08
3.559999983919281519e+00 5.473603584000000000e+09
3.599999983738599862e+00 1.588142899200000000e+10
3.639999983557918206e+00 2.492542976000000000e+10
3.679999983377236550e+00 2.657605427200000000e+10
3.719999983196551785e+00 2.109775462400000000e+10
3.759999983015870129e+00 1.425555558400000000e+10
3.799999982835188472e+00 1.204457062400000000e+10
3.839999982654506816e+00 1.312968601600000000e+10
3.879999982473825160e+00 1.623530598400000000e+10
3.919999982293143503e+00 1.830339584000000000e+10
3.959999982112458738e+00 1.905044480000000000e+10
3.999999981931777082e+00 1.735868006400000000e+10
4.039999981751095426e+00 1.382948044800000000e+10
4.079999981570414214e+00 1.337298944000000000e+10
4.119999981389732113e+00 1.878743654400000000e+10
4.159999981209047348e+00 3.212564070400000000e+10
4.199999981028366136e+00 5.067443814400000000e+10
4.239999980847684036e+00 6.270195302400000000e+10
4.279999980667002824e+00 6.482949734400000000e+10
4.319999980486320723e+00 4.824315494400000000e+10
4.359999980305635958e+00 2.388710809600000000e+10
4.399999980124954746e+00 1.146379264000000000e+10
4.439999979944272646e+00 9.249781760000000000e+09
4.479999979763591433e+00 8.849818624000000000e+09
4.519999979582909333e+00 3.376936704000000000e+09
4.559999979402228121e+00 2.658840064000000000e+09
4.599999979221543356e+00 4.269843456000000000e+09
4.639999979040861255e+00 3.852090368000000000e+09
4.679999978860180043e+00 1.755372953600000000e+10
4.719999978679497943e+00 3.609667993600000000e+10
4.759999978498816731e+00 3.962047283200000000e+10
4.799999978318131966e+00 2.890880819200000000e+10
4.839999978137449865e+00 1.941185740800000000e+10
4.879999977956768653e+00 1.767422566400000000e+10
4.919999977776087441e+00 2.500660838400000000e+10
4.959999977595405340e+00 4.557785497600000000e+10
4.999999977414724128e+00 6.157531136000000000e+10
5.039999977234039363e+00 6.466666496000000000e+10
5.079999977053357263e+00 5.080887705600000000e+10
5.119999976872676051e+00 3.313924300800000000e+10
5.159999976691993950e+00 1.973621350400000000e+10
5.199999976511312738e+00 1.040063488000000000e+10
5.239999976330627973e+00 4.495789056000000000e+09
5.279999976149945873e+00 2.625426688000000000e+09
5.319999975969264661e+00 4.491438080000000000e+09
5.359999975788582560e+00 8.112185856000000000e+09
5.399999975607901348e+00 1.350222028800000000e+10
5.439999975427216583e+00 2.318478540800000000e+10
5.479999975246534483e+00 3.668819148800000000e+10
5.519999975065853270e+00 4.845010124800000000e+10
5.559999974885171170e+00 4.821570764800000000e+10
5.599999974704489958e+00 3.447681024000000000e+10
5.639999974523807857e+00 1.937070284800000000e+10
5.679999974343123093e+00 1.293720985600000000e+10
5.719999974162441880e+00 1.106119782400000000e+10
5.759999973981759780e+00 1.394344857600000000e+10
5.799999973801078568e+00 1.710695219200000000e+10
5.839999973620396467e+00 2.033844224000000000e+10
5.879999973439711702e+00 2.629792972800000000e+10
5.919999973259030490e+00 2.267248230400000000e+10
5.959999973078349278e+00 1.452963328000000000e+10
5.999999972897667178e+00 5.750343168000000000e+09
6.039999972716985965e+00 2.636282624000000000e+09
6.079999972536301200e+00 2.527966976000000000e+09
6.119999972355619100e+00 2.019511296000000000e+09
6.159999972174937888e+00 1.260362400000000000e+08
6.199999971994255787e+00 3.398939904000000000e+09
6.239999971813574575e+00 1.700677734400000000e+10
6.279999971632892475e+00 2.801777254400000000e+10
6.319999971452207710e+00 2.691017523200000000e+10
6.359999971271526498e+00 1.932005580800000000e+10
6.399999971090844397e+00 1.184093696000000000e+10
6.439999970910163185e+00 6.538610688000000000e+09
6.479999970729481085e+00 6.479132160000000000e+09
6.519999970548796320e+00 1.786177126400000000e+10
6.559999970368115108e+00 3.800961024000000000e+10
6.599999970187433007e+00 5.168015769600000000e+10
6.639999970006751795e+00 4.551546060800000000e+10
6.679999969826069695e+00 2.816306995200000000e+10
6.719999969645388482e+00 1.347592908800000000e+10
6.759999969464703717e+00 8.327219712000000000e+09
6.799999969284021617e+00 8.875917312000000000e+09
6.839999969103340405e+00 1.347641344000000000e+10
6.879999968922659193e+00 2.196807475200000000e+10
6.919999968741977092e+00 2.883957145600000000e+10
6.959999968561292327e+00 3.022528102400000000e+10
6.999999968380611115e+00 2.370898739200000000e+10
7.039999968199929015e+00 1.584408064000000000e+10
7.079999968019247802e+00 9.548817408000000000e+09
7.119999967838565702e+00 4.887284736000000000e+09
7.159999967657880937e+00 2.387330816000000000e+09
7.199999967477199725e+00 9.455555840000000000e+08
7.239999967296517625e+00 5.491203200000000000e+08
7.279999967115836412e+00 1.669817728000000000e+09
7.319999966935154312e+00 3.202453248000000000e+09
7.359999966754473100e+00 2.784016384000000000e+09
7.399999966573788335e+00 1.691644928000000000e+09
7.439999966393106234e+00 1.842902912000000000e+09
7.479999966212425022e+00 4.101303296000000000e+09
7.519999966031742922e+00 7.267783680000000000e+09
7.559999965851061710e+00 1.086057267200000000e+10
7.599999965670376945e+00 1.305692569600000000e+10
7.639999965489694844e+00 1.165247692800000000e+10
7.679999965309013632e+00 7.783370240000000000e+09
7.719999965128331532e+00 8.411295232000000000e+09
7.759999964947650319e+00 1.420421632000000000e+10
7.799999964766968219e+00 1.915164672000000000e+10
7.839999964586283454e+00 1.951307776000000000e+10
7.879999964405602242e+00 1.768880742400000000e+10
7.919999964224921030e+00 1.726503526400000000e+10
7.959999964044238929e+00 1.907173580800000000e+10
7.999999963863557717e+00 2.153304883200000000e+10
8.039999963682872064e+00 2.294317260800000000e+10
8.079999963502190852e+00 2.266812416000000000e+10
8.119999963321509640e+00 1.968792780800000000e+10
8.159999963140828427e+00 1.591470182400000000e+10
8.199999962960145439e+00 1.327491481600000000e+10
8.239999962779460674e+00 1.114852249600000000e+10
8.279999962598779462e+00 8.507511808000000000e+09
8.319999962418098249e+00 6.106795520000000000e+09
8.359999962237417037e+00 5.567050752000000000e+09
8.399999962056734049e+00 6.380771840000000000e+09
8.439999961876052836e+00 6.886337536000000000e+09
8.479999961695368071e+00 4.771332608000000000e+09
8.519999961514686859e+00 1.082670080000000000e+09
8.559999961334005647e+00 5.644084480000000000e+08
8.599999961153322658e+00 5.072506368000000000e+09
8.639999960972641446e+00 1.273409331200000000e+10
8.679999960791956681e+00 2.183162470400000000e+10
8.719999960611275469e+00 3.124922982400000000e+10
8.759999960430594257e+00 4.071364198400000000e+10
8.799999960249911268e+00 4.691941376000000000e+10
8.839999960069230056e+00 4.739278438400000000e+10
8.879999959888548844e+00 4.042708992000000000e+10
8.919999959707864079e+00 2.851058892800000000e+10
8.959999959527182867e+00 1.471052697600000000e+10
8.999999959346501655e+00 5.187950080000000000e+09
9.039999959165818666e+00 1.315752320000000000e+09
9.079999958985137454e+00 1.047076032000000000e+09
9.119999958804452689e+00 2.302643968000000000e+09
9.159999958623771477e+00 3.439961600000000000e+09
9.199999958443090264e+00 3.836943616000000000e+09
9.239999958262407276e+00 4.318304256000000000e+09
9.279999958081726064e+00 5.852111360000000000e+09
9.319999957901041299e+00 8.701758464000000000e+09
9.359999957720360086e+00 1.176157798400000000e+10
9.399999957539678874e+00 1.360328806400000000e+10
9.439999957358995886e+00 1.299114086400000000e+10
9.479999957178314673e+00 1.034976665600000000e+10
9.519999956997633461e+00 7.148369920000000000e+09
9.559999956816948696e+00 4.565030400000000000e+09
9.599999956636267484e+00 3.168973568000000000e+09
9.639999956455584496e+00 2.796009472000000000e+09
9.679999956274903283e+00 3.009682432000000000e+09
9.719999956094222071e+00 3.580265216000000000e+09
9.759999955913537306e+00 4.328597504000000000e+09
9.799999955732856094e+00 5.206257664000000000e+09
9.839999955552174882e+00 6.213552640000000000e+09
9.879999955371491893e+00 7.302241792000000000e+09
9.919999955190810681e+00 8.208714752000000000e+09
9.959999955010125916e+00 8.651637760000000000e+09
9.999999954829444704e+00 8.524875776000000000e+09
1.003999995464876349e+01 7.742707200000000000e+09
1.007999995446808050e+01 6.488923648000000000e+09
1.011999995428739929e+01 4.991584768000000000e+09
1.015999995410671808e+01 3.578814208000000000e+09
1.019999995392603331e+01 2.637170944000000000e+09
1.023999995374535210e+01 2.480523520000000000e+09
1.027999995356466911e+01 3.425105920000000000e+09
1.031999995338398790e+01 6.153597440000000000e+09
1.035999995320330669e+01 1.119327129600000000e+10
1.039999995302262192e+01 1.804945203200000000e+10
1.043999995284194071e+01 2.534706995200000000e+10
1.047999995266125772e+01 3.044718182400000000e+10
1.051999995248057651e+01 3.033364684800000000e+10
1.055999995229989530e+01 2.469822259200000000e+10
1.059999995211921409e+01 1.751392870400000000e+10
1.063999995193852932e+01 1.116327219200000000e+10
1.067999995175784633e+01 6.677090816000000000e+09
1.071999995157716512e+01 3.915013632000000000e+09
1.075999995139648391e+01 2.291837696000000000e+09
1.079999995121580270e+01 1.408400000000000000e+09
1.083999995103511793e+01 1.002554048000000000e+09
1.087999995085443672e+01 9.395807360000000000e+08
1.091999995067375373e+01 1.302093824000000000e+09
1.095999995049307252e+01 2.177931776000000000e+09
1.099999995031239131e+01 3.717497600000000000e+09
1.103999995013170654e+01 5.968386560000000000e+09
1.107999994995102533e+01 8.516389376000000000e+09
1.111999994977034234e+01 1.041378406400000000e+10
1.115999994958966113e+01 1.059553382400000000e+10
1.119999994940897992e+01 9.143081984000000000e+09
1.123999994922829870e+01 6.944459264000000000e+09
1.127999994904761394e+01 4.639455744000000000e+09
1.131999994886693095e+01 2.656037120000000000e+09
1.135999994868624974e+01 1.343318400000000000e+09
1.139999994850556853e+01 7.204139520000000000e+08
1.143999994832488731e+01 6.352778240000000000e+08
1.147999994814420255e+01 8.418169600000000000e+08
1.151999994796351956e+01 1.181752064000000000e+09
1.155999994778283835e+01 1.572668928000000000e+09
1.159999994760215714e+01 1.947147392000000000e+09
1.163999994742147592e+01 2.343757568000000000e+09
1.167999994724079293e+01 2.791591424000000000e+09
1.171999994706010817e+01 3.258597632000000000e+09
1.175999994687942696e+01 3.809311232000000000e+09
1.179999994669874575e+01 4.413784576000000000e+09
1.183999994651806453e+01 4.993395200000000000e+09
1.187999994633738332e+01 5.574546432000000000e+09
1.191999994615669856e+01 6.031536128000000000e+09
1.195999994597601557e+01 6.271624192000000000e+09
1.199999994579533436e+01 6.341809664000000000e+09
1.203999994561465314e+01 6.187551744000000000e+09
1.207999994543397193e+01 5.854099456000000000e+09
1.211999994525328717e+01 5.498908672000000000e+09
1.215999994507260418e+01 5.041119744000000000e+09
1.219999994489192296e+01 4.634238464000000000e+09
1.223999994471124175e+01 4.306176000000000000e+09
1.227999994453056054e+01 3.974482432000000000e+09
1.231999994434987755e+01 3.737704960000000000e+09
1.235999994416919279e+01 3.546617600000000000e+09
1.239999994398851157e+01 3.375154176000000000e+09
1.243999994380783036e+01 3.273853440000000000e+09
1.247999994362714915e+01 3.205509632000000000e+09
1.251999994344646616e+01 3.143254016000000000e+09
1.255999994326578140e+01 3.108405248000000000e+09
1.259999994308510018e+01 3.080876544000000000e+09
1.263999994290441897e+01 3.010826752000000000e+09
1.267999994272373776e+01 2.943527424000000000e+09
1.271999994254305477e+01 2.852868608000000000e+09
1.275999994236237356e+01 2.708329472000000000e+09
1.279999994218168879e+01 2.556468992000000000e+09
